RAINFALL_MEAN_RP_50.tif
NCOLS 101
NROWS 90
XLLCORNER -81.15
YLLCORNER -4.25
DX 0.0099207921
DY 0.01
NODATA_VALUE -9999
[rows 0 to 25 of 90, columns 0 to 59 of 101]
203.0689 203.11469 203.16406 203.21705 203.27367 203.33394 203.3979 203.46556 203.53693 203.61206 203.69095 203.77363 203.86013 203.95046 204.04467 204.14277 204.2448 204.35078 204.46076 204.57476 204.69282 204.81498 204.94128 205.07175 205.20643 205.34536 205.48858 205.63612 205.78802 205.94431 206.10503 206.2702 206.43988 206.61408 206.79286 206.97626 207.16434 207.35718 207.55486 207.7575 207.96522 208.1782 208.39661 208.6207 208.85071 209.08693 209.32969 209.57933 209.83621 210.10069 210.37316 210.65396 210.94345 211.24194 211.54973 211.8671 212.19432 212.53168 212.87953 213.23827
202.63824 202.68037 202.72608 202.7754 202.82834 202.88493 202.94518 203.00911 203.07675 203.14811 203.22321 203.30207 203.38472 203.47117 203.56145 203.65559 203.75362 203.85556 203.96145 204.07132 204.1852 204.30314 204.42517 204.55133 204.68165 204.81617 204.95493 205.09796 205.24529 205.39695 205.55298 205.71338 205.8782 206.04747 206.2212 206.39944 206.58224 206.76966 206.96178 207.1587 207.36055 207.5675 207.77975 207.99755 208.22116 208.45093 208.6872 208.93038 209.18089 209.43916 209.70561 209.98068 210.26476 210.5582 210.86133 211.17445 211.49783 211.83177 212.17663 212.53286
202.19915 202.23746 202.27933 202.3248 202.37389 202.4266 202.48295 202.54297 202.60666 202.67404 202.74513 202.81994 202.8985 202.98082 203.06692 203.15684 203.25058 203.34819 203.44969 203.55512 203.6645 203.77788 203.89529 204.01677 204.14236 204.27209 204.40599 204.54409 204.68643 204.83302 204.98389 205.13906 205.29854 205.46234 205.63049 205.803 205.97991 206.16127 206.34713 206.53759 206.73277 206.93284 207.138 207.3485 207.56466 207.78684 208.01543 208.25091 208.49375 208.74447 209.00357 209.27155 209.54887 209.83592 210.13306 210.44058 210.75872 211.08774 211.42797 211.77986
201.75148 201.78578 201.82364 201.86508 201.91012 201.95876 202.01102 202.06692 202.12645 202.18964 202.25649 202.32702 202.40124 202.47917 202.56083 202.64623 202.73541 202.82838 202.92517 203.02582 203.13036 203.23883 203.35125 203.46767 203.58813 203.71264 203.84126 203.974 204.1109 204.25196 204.3972 204.54662 204.70024 204.85805 205.02004 205.18623 205.35661 205.53122 205.7101 205.89331 206.08096 206.27322 206.47027 206.6724 206.87992 207.09324 207.31282 207.53918 207.7729 208.01456 208.26479 208.52416 208.79321 209.07239 209.36208 209.66254 209.97395 210.29648 210.63033 210.97586
201.29504 201.32516 201.35883 201.39606 201.43686 201.48123 201.5292 201.58076 201.63592 201.69468 201.75706 201.82306 201.89269 201.96597 202.0429 202.1235 202.2078 202.29582 202.38757 202.4831 202.58243 202.6856 202.79264 202.9036 203.01849 203.13737 203.26025 203.38717 203.51814 203.65317 203.79227 203.93543 204.08265 204.23389 204.38914 204.54837 204.71156 204.87871 205.04982 205.22495 205.40416 205.5876 205.77546 205.96801 206.16559 206.36866 206.57771 206.79337 207.01629 207.24719 207.4868 207.73583 207.99491 208.26458 208.54523 208.8371 209.14025 209.45468 209.78035 210.1174
200.82968 200.85543 200.88472 200.91754 200.9539 200.99381 201.03727 201.08428 201.13484 201.18895 201.24662 201.30784 201.37261 201.44096 201.51287 201.58837 201.66747 201.75019 201.83656 201.9266 202.02034 202.11781 202.21905 202.3241 202.43299 202.54576 202.66243 202.78303 202.90757 203.03605 203.16848 203.30482 203.44506 203.58914 203.73702 203.88864 204.04395 204.20289 204.36544 204.53159 204.70139 204.87495 205.05243 205.23409 205.42031 205.61155 205.80839 206.01153 206.22175 206.43991 206.66691 206.9036 207.15077 207.40909 207.67897 207.96063 208.25398 208.55875 208.87451 209.20098
200.3552 200.37641 200.40112 200.42934 200.46106 200.4963 200.53504 200.57728 200.62301 200.67223 200.72493 200.78111 200.84076 200.90388 200.97047 201.04055 201.11412 201.1912 201.2718 201.35596 201.44369 201.53504 201.63004 201.72873 201.83113 201.9373 202.04724 202.16099 202.27856 202.39994 202.52513 202.65407 202.78674 202.92304 203.06291 203.20624 203.35294 203.5029 203.65603 203.81229 203.97166 204.1342 204.30003 204.46939 204.64266 204.82033 205.00304 205.1916 205.38693 205.59007 205.8021 206.02413 206.25716 206.50201 206.75923 207.02898 207.31103 207.60471 207.90907 208.22307
199.87144 199.8879 199.90784 199.93126 199.95815 199.9885 200.0223 200.05954 200.10021 200.14429 200.19177 200.24263 200.29687 200.35447 200.41543 200.47975 200.54744 200.6185 200.69296 200.77082 200.85212 200.9369 201.02518 201.117 201.21241 201.31143 201.41411 201.52045 201.63047 201.74416 201.8615 201.98243 202.10689 202.23477 202.36596 202.5003 202.63764 202.77783 202.92069 203.0661 203.21397 203.36428 203.5171 203.67264 203.83122 203.99338 204.15982 204.33144 204.50933 204.69476 204.88908 205.09369 205.30991 205.53884 205.78122 206.03727 206.30657 206.58802 206.87989 207.18005
199.37821 199.38973 199.4047 199.42311 199.44495 199.47019 199.49884 199.53085 199.56621 199.6049 199.64689 199.69217 199.7407 199.79247 199.84747 199.9057 199.96713 200.03179 200.09968 200.17082 200.24523 200.32294 200.404 200.48843 200.57629 200.66761 200.76242 200.86074 200.9626 201.06797 201.17682 201.28909 201.40468 201.52346 201.64527 201.7699 201.89714 202.02673 202.15843 202.29202 202.42729 202.56412 202.70251 202.84256 202.98459 203.12908 203.27681 203.42879 203.5863 203.75085 203.92416 204.10804 204.30423 204.51428 204.73927 204.97961 205.23478 205.50321 205.78218 206.06809
198.87532 198.8817 198.89149 198.90468 198.92125 198.94118 198.96443 198.99098 199.02079 199.05383 199.09007 199.12947 199.172 199.21762 199.26633 199.31809 199.3729 199.43074 199.49163 199.55558 199.62261 199.69275 199.76604 199.84251 199.92222 200.00521 200.09152 200.18118 200.2742 200.37057 200.47025 200.57316 200.67919 200.78817 200.89988 201.01407 201.13042 201.24861 201.36827 201.48903 201.61059 201.73267 201.85512 201.97795 202.10137 202.22584 202.35214 202.48139 202.61506 202.75499 202.90332 203.06238 203.23456 203.42202 203.62646 203.84871 204.08835 204.34339 204.61003 204.88271
198.36257 198.3636 198.36801 198.37578 198.38686 198.40124 198.41887 198.43972 198.46373 198.49086 198.52106 198.5543 198.59051 198.62966 198.67172 198.71664 198.76442 198.81503 198.86846 198.92474 198.98387 199.04588 199.11081 199.17871 199.24964 199.32363 199.40075 199.48103 199.56449 199.65112 199.74089 199.8337 199.92943 200.02786 200.12874 200.23173 200.33643 200.4424 200.54913 200.65611 200.76283 200.86886 200.97386 201.07764 201.18028 201.28214 201.38397 201.48696 201.59279 201.70364 201.82215 201.95136 202.09446 202.25459 202.43437 202.63544 202.85786 203.0995 203.35551 203.61805
197.83976 197.83524 197.83406 197.83617 197.84155 197.85016 197.86193 197.87683 197.89478 197.91574 197.93963 197.9664 197.99598 198.02832 198.06337 198.10107 198.1414 198.18432 198.22983 198.27791 198.32858 198.38188 198.43783 198.49649 198.55793 198.6222 198.68938 198.7595 198.83261 198.9087 198.98775 199.06967 199.1543 199.24141 199.33068 199.4217 199.51398 199.60693 199.69988 199.79213 199.88296 199.97167 200.05767 200.14055 200.22013 200.2966 200.37061 200.44336 200.5167 200.59316 200.67598 200.76902 200.87658 201.0031 201.15263 201.3282 201.53096 201.75922 202.00744 202.26545
197.3067 197.29641 197.28941 197.28565 197.2851 197.2877 197.29338 197.30208 197.31372 197.32823 197.34553 197.36553 197.38816 197.41335 197.44101 197.4711 197.50354 197.53831 197.57537 197.61472 197.65635 197.7003 197.74659 197.7953 197.84649 197.90025 197.95664 198.01575 198.07763 198.14231 198.20977 198.27991 198.35259 198.42754 198.5044 198.58268 198.66177 198.74092 198.81929 198.89594 198.96986 199.04005 199.10559 199.16571 199.2199 199.26805 199.31061 199.34867 199.38417 199.41998 199.45995 199.50893 199.5726 199.65712 199.76863 199.91232 200.09137 200.30553 200.54948 200.81126
196.76315 196.74687 196.73384 196.72399 196.71728 196.71364 196.71299 196.71524 196.72031 196.7281 196.73851 196.75144 196.7668 196.78448 196.80438 196.82643 196.85055 196.87668 196.90477 196.9348 196.96677 197.00068 197.0366 197.07457 197.11469 197.15704 197.20174 197.2489 197.29858 197.35086 197.40574 197.46315 197.52294 197.58484 197.64844 197.71317 197.7783 197.84293 197.90599 197.96624 198.02237 198.07297 198.11669 198.15229 198.17879 198.19564 198.20288 198.20137 198.19298 198.18079 198.16929 198.16438 198.17337 198.20467 198.26718 198.36936 198.51773 198.71502 198.95771 199.23347
196.20889 196.18641 196.16711 196.15095 196.13786 196.12774 196.12051 196.11606 196.1143 196.1151 196.11834 196.12389 196.13164 196.14145 196.15322 196.16681 196.18214 196.19913 196.21769 196.2378 196.25943 196.2826 196.30734 196.33372 196.36185 196.39185 196.42384 196.45797 196.49438 196.53315 196.57436 196.61796 196.66382 196.71168 196.7611 196.81145 196.86188 196.91129 196.95838 197.0016 197.03921 197.06936 197.09011 197.09963 197.09629 197.07889 197.04685 197.00054 196.94153 196.87293 196.79967 196.72875 196.66927 196.63234 196.63049 196.67668 196.78252 196.95589 197.19761 197.49752
195.6437 195.61478 195.589 195.56629 195.54657 195.52974 195.51569 195.5043 195.49544 195.48897 195.48475 195.48262 195.48243 195.48403 195.48725 195.49197 195.49804 195.50535 195.51382 195.52336 195.53396 195.54559 195.55831 195.57219 195.58733 195.60389 195.62204 195.64197 195.66386 195.68789 195.71416 195.74273 195.77349 195.80622 195.84046 195.87554 195.91049 195.94405 195.97462 196.00032 196.01893 196.02801 196.02497 196.00718 195.97216 195.91778 195.84258 195.74608 195.62921 195.49474 195.34775 195.19612 195.05079 194.9259 194.83843 194.80724 194.8512 194.98619 195.22091 195.55135
195.06733 195.03174 194.99924 194.96975 194.94317 194.91939 194.89827 194.87968 194.86347 194.84947 194.8375 194.82739 194.81893 194.81195 194.80625 194.80165 194.79798 194.79509 194.79285 194.79117 194.78998 194.78926 194.78904 194.7894 194.79045 194.79239 194.79542 194.7998 194.80578 194.81363 194.82354 194.83565 194.84996 194.86629 194.88423 194.90306 194.92175 194.93884 194.95249 194.96037 194.95977 194.94756 194.92034 194.87449 194.80643 194.71284 194.59095 194.43901 194.25678 194.04616 193.81186 193.56214 193.30952 193.07125 192.86938 192.73011 192.68197 192.75245 192.96278 193.32062
194.47953 194.43703 194.39757 194.36106 194.32738 194.29641 194.26798 194.24195 194.21813 194.19633 194.17634 194.15793 194.14088 194.12497 194.10995 194.09561 194.08171 194.06808 194.05453 194.04092 194.02716 194.01321 193.99906 193.9848 193.97056 193.95655 193.94304 193.93034 193.91881 193.90882 193.9007 193.8947 193.89097 193.88942 193.88974 193.89123 193.89279 193.89284 193.88923 193.87925 193.85956 193.8263 193.77507 193.7011 193.59942 193.46512 193.29372 193.08162 192.82676 192.52936 192.1929 191.8252 191.43962 191.0561 190.70195 190.41187 190.22656 190.18932 190.33985 190.70488
193.88001 193.83037 193.78371 193.73994 193.69893 193.66052 193.62454 193.59082 193.55914 193.52927 193.50098 193.47399 193.44804 193.42285 193.39814 193.37362 193.34902 193.32408 193.29859 193.27234 193.2452 193.21708 193.18795 193.15788 193.12702 193.09559 193.06392 193.03241 193.00153 192.97177 192.94364 192.91758 192.8939 192.87271 192.85384 192.83667 192.82014 192.80252 192.78145 192.75376 192.71552 192.66198 192.58765 192.48636 192.35149 192.17615 191.9536 191.67773 191.34381 190.94935 190.49539 189.98794 189.4398 188.87244 188.31781 187.81955 187.43268 187.22091 187.2498 187.57503
193.26851 193.21147 193.15737 193.10609 193.05749 193.01141 192.96765 192.92599 192.8862 192.84802 192.81115 192.7753 192.74015 192.70535 192.67057 192.63546 192.59968 192.5629 192.52484 192.48522 192.44385 192.40058 192.35534 192.30818 192.25923 192.20875 192.15711 192.1048 192.05243 192.00065 191.95018 191.9017 191.85578 191.81279 191.77279 191.73537 191.69954 191.66356 191.62484 191.57985 191.52399 191.45158 191.3559 191.2292 191.06289 190.8477 190.57409 190.23267 189.81503 189.31469 188.72857 188.05895 187.31584 186.51997 185.70599 184.92552 184.24902 183.76491 183.57345 183.77277
192.64472 192.58002 192.51822 192.45919 192.40276 192.34876 192.29697 192.24714 192.199 192.15225 192.10657 192.06159 192.01695 191.97223 191.92703 191.88093 191.83351 191.78436 191.7331 191.67938 191.62291 191.56347 191.50094 191.43531 191.36668 191.29534 191.22169 191.14632 191.06997 190.99352 190.91793 190.84418 190.7732 190.70574 190.64219 190.58246 190.52579 190.47053 190.41399 190.35226 190.28012 190.19094 190.07663 189.9277 189.73332 189.48146 189.15921 188.75312 188.24997 187.63777 186.90735 186.0546 185.08355 184.01049 182.86895 181.7153 180.63415 179.74141 179.18151 179.11326
192.00833 191.9357 191.86594 191.79889 191.7344 191.67223 191.61217 191.55393 191.49721 191.44166 191.38692 191.33257 191.27816 191.22324 191.1673 191.10985 191.05036 190.98832 190.92326 190.8547 190.78226 190.70562 190.62455 190.53897 190.44895 190.35474 190.25679 190.15578 190.0526 189.94834 189.84429 189.74182 189.6423 189.54698 189.45678 189.37209 189.29254 189.21673 189.142 189.06419 188.97751 188.87432 188.74515 188.57861 188.36142 188.07846 187.71292 187.24657 186.66028 185.93492 185.05288 184.00049 182.77165 181.37288 179.83037 178.1987 176.57115 175.08966 173.95048 173.3959
191.35899 191.27816 191.20016 191.12485 191.05201 190.98144 190.91287 190.84599 190.78046 190.7159 190.65187 190.58792 190.52352 190.45813 190.39116 190.32202 190.25007 190.17468 190.09523 190.01115 189.92188 189.82697 189.72609 189.61903 189.50576 189.3865 189.2617 189.13211 188.99877 188.86303 188.72652 188.59109 188.4587 188.33125 188.21038 188.09719 187.99196 187.89375 187.80014 187.70688 187.60766 187.49392 187.35473 187.17673 186.94405 186.63823 186.23825 185.72046 185.05886 184.22562 183.19233 181.93226 180.42413 178.658 176.64399 174.42434 172.08947 169.79776 167.7967 166.43458
190.69635 190.60703 190.52051 190.43665 190.35522 190.27599 190.19867 190.12292 190.04836 189.97457 189.90106 189.8273 189.7527 189.67662 189.59839 189.51727 189.43252 189.34336 189.24901 189.14874 189.04182 188.92762 188.80563 188.67548 188.53702 188.39035 188.23588 188.0744 187.90707 187.73551 187.56175 187.38819 187.21751 187.05247 186.8957 186.7493 186.6145 186.49117 186.3774 186.26904 186.15945 186.03918 185.89586 185.71409 185.47535 185.1578 184.73601 184.18065 183.4582 182.53093 181.35751 179.8947 178.10084 175.9419 173.40145 170.49546 167.29369 163.94955 160.74236 158.13144
190.02003 189.9219 189.82658 189.73388 189.64359 189.55544 189.46912 189.38427 189.30048 189.21727 189.13409 189.05035 188.96537 188.87843 188.78873 188.69542 188.59759 188.49431 188.38463 188.26759 188.14226 188.00778 187.86341 187.70857 187.54288 187.36628 187.17907 186.98199 186.7763 186.56386 186.3471 186.12908 185.91334 185.70374 185.50421 185.31824 185.14847 184.99599 184.85982 184.73624 184.61841 184.49609 184.35546 184.17906 183.94574 183.63034 183.20323 182.62949 181.86802 180.87065 179.58173 177.93879 175.87508 173.32518 170.23548 166.58113 162.39137 157.78523 153.0273 148.63658
189.32962 189.22237 189.11792 189.01608 188.91664 188.8193 188.72374 188.62957 188.53633 188.44351 188.3505 188.25663 188.16115 188.06322 187.96192 187.85626 187.74517 187.62753 187.50216 187.36787 187.22348 187.06783 186.89989 186.71876 186.52379 186.31464 186.09137 185.85462 185.60562 185.34641 185.07983 184.80962 184.54036 184.27727 184.02595 183.79184 183.57955 183.39206 183.22983 183.09001 182.96584 182.8463 182.71602 182.55544 182.34077 182.04381 181.63123 181.06326 180.29197 179.2592 177.89482 176.11577 173.82706 170.92624 167.31382 162.9129 157.69993 151.74351 145.24604 138.642
