RAINFALL_MEAN_RP_5.tif
NCOLS 101
NROWS 90
XLLCORNER -81.15
YLLCORNER -4.25
DX 0.0099207921
DY 0.01
NODATA_VALUE -9999
[rows 26 to 51 of 90, columns 0 to 59 of 101]
84.862076 84.811184 84.76317 84.718061 84.675864 84.636567 84.60013 84.566483 84.535524 84.507111 84.481061 84.457145 84.435082 84.414541 84.395135 84.376421 84.357902 84.33903 84.31921 84.297811 84.274176 84.247644 84.217567 84.183344 84.144457 84.10052 84.051327 83.996927 83.937688 83.874379 83.808244 83.741058 83.675158 83.613412 83.559112 83.515761 83.486747 83.474923 83.482133 83.508766 83.55344 83.612881 83.682024 83.754291 83.821894 83.876035 83.906831 83.902899 83.850621 83.733193 83.529642 83.214055 82.755311 82.117794 81.263914 80.159892 78.786445 77.153492 75.307532 73.312477
84.502031 84.445895 84.392707 84.342506 84.295311 84.251119 84.209899 84.171589 84.136087 84.103251 84.072889 84.044759 84.018557 83.993916 83.970406 83.947524 83.924698 83.901288 83.876588 83.849835 83.82022 83.786905 83.749046 83.705825 83.656492 83.600415 83.537151 83.466526 83.388732 83.304441 83.214923 83.122159 83.02893 82.938838 82.856229 82.785965 82.73301 82.701841 82.695741 82.716096 82.761874 82.829439 82.912773 83.004024 83.094167 83.173498 83.231678 83.257204 83.236303 83.151429 82.979633 82.69114 82.248452 81.606454 80.714525 79.522979 77.998371 76.153144 74.081777 71.930007
84.132172 84.070432 84.01171 83.95606 83.903515 83.854086 83.807754 83.764467 83.724132 83.686607 83.651699 83.619153 83.588644 83.559776 83.532072 83.504967 83.477812 83.449867 83.420302 83.388205 83.352592 83.312417 83.266598 83.214049 83.153719 83.084654 83.006068 82.917448 82.818675 82.710177 82.59311 82.469545 82.342654 82.21683 82.097691 81.991875 81.906544 81.848569 81.823454 81.834184 81.880321 81.957653 82.05859 82.173206 82.290554 82.399749 82.490318 82.551563 82.570951 82.531825 82.410907 82.176093 81.78496 81.184277 80.311281 79.09901 77.491987 75.486049 73.214218 71.070797
83.752155 83.684417 83.619765 83.55827 83.499985 83.444938 83.393127 83.344515 83.29902 83.256509 83.216792 83.179606 83.144612 83.111386 83.079407 83.048051 83.016585 82.984164 82.949826 82.912495 82.870986 82.824015 82.770222 82.708192 82.636503 82.55378 82.458777 82.350489 82.228304 82.092194 81.942969 81.782572 81.614397 81.443591 81.277226 81.124209 80.994759 80.899311 80.846876 80.843105 80.888623 80.978289 81.101812 81.245661 81.395587 81.538823 81.665055 81.765719 81.831637 81.849507 81.798106 81.645115 81.345221 80.839588 80.056584 78.914579 77.330605 75.244749 72.681067 69.919954
83.361626 83.287457 83.21644 83.148665 83.084205 83.023113 82.965408 82.911075 82.86005 82.812216 82.76739 82.725311 82.685634 82.647909 82.611578 82.57596 82.540241 82.503466 82.464533 82.422188 82.375025 82.321496 82.259916 82.188488 82.105338 82.008566 81.896325 81.766938 81.61906 81.45192 81.265636 81.061639 80.843196 80.615971 80.388531 80.172563 79.982474 79.834041 79.741937 79.716428 79.760207 79.866694 80.020896 80.202827 80.392266 80.573026 80.735123 80.874059 80.987269 81.068579 81.102197 81.058047 80.889795 80.53559 79.920285 78.957827 77.554381 75.616921 73.086069 70.136146
82.960224 82.879153 82.801288 82.726747 82.655628 82.588011 82.523943 82.463438 82.406458 82.352909 82.302628 82.255364 82.21077 82.168386 82.127621 82.087744 82.047863 82.006915 81.963652 81.916635 81.864222 81.804571 81.735636 81.655183 81.56081 81.449984 81.320104 81.168613 80.993153 80.791826 80.563572 80.308723 80.029764 79.732287 79.426057 79.125874 78.851699 78.627281 78.476591 78.418187 78.459023 78.590513 78.789447 79.024138 79.263373 79.484487 79.677683 79.845409 79.996925 80.13929 80.267243 80.355603 80.357328 80.20767 79.83164 79.151158 78.091605 76.596945 74.692788 72.730906
82.547586 82.459091 82.373849 82.292001 82.213679 82.138994 82.06803 82.000835 81.937409 81.87769 81.821544 81.768745 81.718956 81.671717 81.626419 81.582287 81.53836 81.493472 81.446233 81.395011 81.33792 81.272804 81.197227 81.108471 81.003534 80.879148 80.731813 80.557869 80.353628 80.115614 79.840953 79.528028 79.177477 78.793649 78.386504 77.973696 77.582049 77.246941 77.00772 76.898246 76.934631 77.106018 77.374811 77.687961 77.994014 78.258116 78.469891 78.643043 78.807214 78.993256 79.215209 79.456039 79.664888 79.76787 79.686186 79.353054 78.727189 77.812837 76.713649 75.747199
82.123346 82.026859 81.93365 81.843895 81.757759 81.675393 81.596922 81.522441 81.451995 81.385569 81.323071 81.264312 81.208985 81.156643 81.106674 81.058274 81.010428 80.961876 80.911092 80.856257 80.795234 80.725545 80.644344 80.548395 80.434044 80.297206 80.133348 79.937507 79.704349 79.428325 79.104002 78.726701 78.293652 77.805935 77.271473 76.709091 76.152839 75.654157 75.277565 75.085618 75.114556 75.352424 75.736231 76.17357 76.576088 76.886769 77.092759 77.225128 77.347789 77.534522 77.835821 78.248619 78.709116 79.116278 79.370503 79.405464 79.205546 78.817278 78.367186 78.0804
81.687143 81.582039 81.480217 81.381884 81.287248 81.196504 81.109828 81.02737 80.949232 80.875462 80.806024 80.740786 80.679488 80.621717 80.566878 80.514162 80.462513 80.410595 80.35676 80.299012 80.234971 80.161837 80.076348 79.974733 79.852661 79.705175 79.526623 79.310586 79.049821 78.736255 78.361127 77.915425 77.390941 76.782447 76.091743 75.334377 74.549037 73.806782 73.211772 72.880429 72.893659 73.244244 73.823436 74.46539 75.015733 75.379607 75.538088 75.546765 75.524579 75.623328 75.966664 76.579675 77.365191 78.155061 78.793237 79.19143 79.344169 79.323503 79.268586 79.36531
81.238628 81.124224 81.013072 80.905418 80.801511 80.701598 80.605916 80.514678 80.42806 80.346185 80.269096 80.196737 80.128918 80.065287 80.00529 79.948137 79.89276 79.83777 79.781418 79.721547 79.655551 79.580321 79.492187 79.386854 79.25931 79.103722 78.913296 78.680092 78.394814 78.046566 77.62265 77.108539 76.488392 75.746813 74.873245 73.871217 72.774975 71.672981 70.726354 70.150238 70.124506 70.665713 71.580049 72.562508 73.344792 73.774224 73.820727 73.567894 73.214073 73.051155 73.358647 74.228516 75.484228 76.803803 77.911544 78.67014 79.073013 79.211976 79.257633 79.439821
80.777465 80.653017 80.531749 80.413946 80.299903 80.189926 80.084318 79.98337 79.887344 79.796456 79.710851 79.630573 79.555532 79.485465 79.419895 79.358082 79.298976 79.241167 79.182834 79.121687 79.054918 78.979131 78.890275 78.783557 78.653323 78.492906 78.29442 78.048465 77.743736 77.366492 76.899881 76.323192 75.611264 74.734808 73.663424 72.375299 70.880767 69.268019 67.764508 66.754117 66.630366 67.48713 68.9672 70.500714 71.636475 72.150988 71.999403 71.279847 70.277661 69.521436 69.635341 70.886794 72.907133 75.027706 76.754838 77.890508 78.430679 78.478117 78.243515 78.100991
80.303348 80.168047 80.035801 79.906931 79.781786 79.66073 79.544144 79.432404 79.325877 79.224893 79.12972 79.040534 78.957376 78.880113 78.80838 78.741529 78.67857 78.618111 78.558293 78.49673 78.430443 78.355783 78.268357 78.162918 78.033233 77.871894 77.670053 77.417042 77.099812 76.702125 76.203387 75.577019 74.788369 73.792524 72.533626 70.950528 69.001243 66.731184 64.409614 62.666673 62.32016 63.670713 66.048163 68.399601 70.021664 70.64253 70.207831 68.779091 66.664609 64.727497 64.338292 66.233836 69.565806 72.910266 75.453405 76.992789 77.560379 77.233314 76.190804 75.020751
79.816002 79.668975 79.524808 79.383863 79.246536 79.113258 78.984489 78.860708 78.742397 78.630022 78.524004 78.424682 78.332273 78.246811 78.168095 78.09562 78.028505 77.965422 77.904523 77.843364 77.778834 77.707074 77.623387 77.522134 77.396582 77.238703 77.038883 76.78548 76.464171 76.056949 75.540581 74.88425 74.046007 72.967797 71.569592 69.746516 67.383524 64.430146 61.11997 58.342028 57.596189 59.611931 63.189822 66.53423 68.69165 69.422899 68.682575 66.412191 62.757072 58.867706 57.486915 60.456331 65.832709 70.798536 74.262197 76.190339 76.709384 75.800275 73.39072 70.112491
79.315198 79.155506 78.998399 78.84427 78.693564 78.546779 78.404458 78.267191 78.135592 78.010286 77.891876 77.780904 77.677804 77.582838 77.496024 77.41706 77.345237 77.279351 77.217616 77.157581 77.096044 77.028974 76.951419 76.8574 76.739769 76.590009 76.397946 76.151314 75.835092 75.43047 74.91321 74.251004 73.399209 72.294155 70.843408 68.914816 66.336884 62.960138 58.917779 55.233152 54.06927 56.670747 61.261599 65.344349 67.855269 68.658138 67.729808 64.868675 59.916718 54.027451 51.468322 55.654809 63.08003 69.396393 73.520766 75.708886 76.186573 74.808828 71.099135 65.297326
78.800766 78.62741 78.456263 78.287744 78.122339 77.960609 77.803186 77.650772 77.50413 77.364066 77.231396 77.106909 76.991312 76.885153 76.788746 76.702066 76.624653 76.555498 76.492943 76.434582 76.377168 76.316535 76.247509 76.163815 76.057957 75.921034 75.742496 75.509758 75.207635 74.817463 74.315697 73.671628 72.843591 71.772757 70.373587 68.521819 66.050518 62.800809 58.869 55.231833 54.071073 56.668811 61.201314 65.185264 67.625748 68.421596 67.554264 64.807316 59.965553 54.084982 51.489773 55.730577 63.144081 69.384897 73.472397 75.682456 76.216889 74.902359 71.233056 65.399247
78.272605 78.08453 77.89817 77.713957 77.532409 77.354141 77.179869 77.010411 76.846688 76.689706 76.540531 76.400245 76.269888 76.150376 76.0424 75.946313 75.861995 75.788725 75.725052 75.668674 75.616345 75.563789 75.505629 75.435317 75.345033 75.225555 75.066059 74.85383 74.573854 74.20823 73.735288 73.128208 72.35278 71.363803 70.099771 68.477388 66.395646 63.786209 60.804226 58.228488 57.534624 59.479314 62.843004 65.920314 67.903989 68.625002 68.045908 66.077312 62.757806 59.06022 57.715968 60.66735 65.877477 70.6396 74.041375 76.066028 76.766927 76.047369 73.777821 70.550957
77.730698 77.526804 77.323992 77.122692 76.923436 76.726879 76.533806 76.34515 76.161993 75.985558 75.81719 75.658319 75.510388 75.374771 75.252648 75.144865 75.051772 74.973049 74.907547 74.853144 74.806633 74.763642 74.718588 74.664626 74.593605 74.495973 74.360638 74.174771 73.923561 73.589941 73.154316 72.594295 71.884453 70.996177 69.897999 68.558332 66.95753 65.128968 63.263498 61.857036 61.621264 62.838409 64.913369 66.953593 68.398634 69.034058 68.807406 67.750944 66.083544 64.503671 64.244511 66.022206 69.091742 72.254711 74.849222 76.647035 77.562364 77.557136 76.740274 75.677914
77.175125 76.954279 76.733728 76.51387 76.295231 76.078476 75.864446 75.654168 75.44888 75.250031 75.059275 74.878437 74.709447 74.554243 74.414633 74.292111 74.187655 74.101503 74.032936 73.980097 73.939858 73.907746 73.877924 73.843195 73.795007 73.723411 73.616965 73.462584 73.245389 72.948641 72.553922 72.041766 71.393094 70.591938 69.630219 68.515854 67.286419 66.03184 64.925967 64.239649 64.252964 65.036671 66.328489 67.697501 68.780117 69.371446 69.4158 68.992089 68.33493 67.864818 68.087048 69.259059 71.172961 73.376399 75.463131 77.154983 78.291629 78.833865 78.903475 78.826516
76.606074 76.367134 76.127522 75.887582 75.647789 75.408794 75.171449 74.93685 74.706369 74.481677 74.264752 74.057865 73.863519 73.684345 73.522946 73.381668 73.26234 73.165963 73.092424 73.040246 73.006417 72.986323 72.973783 72.961125 72.939271 72.897763 72.82468 72.706465 72.527728 72.27116 71.917804 71.448029 70.843718 70.092441 69.194523 68.173833 67.091741 66.059961 65.241219 64.820839 64.939231 65.606961 66.663617 67.829065 68.816802 69.432182 69.616703 69.451753 69.14248 68.978466 69.25273 70.149134 71.658073 73.57498 75.584299 77.380307 78.7594 79.659235 80.154764 80.404208
76.023854 75.765688 75.505695 75.244117 74.981343 74.717949 74.454754 74.192871 73.933761 73.679291 73.431763 73.193928 72.96895 72.760302 72.571594 72.406293 72.267375 72.156909 72.075639 72.022622 71.995003 71.987945 71.994746 72.007044 72.015045 72.007637 71.972316 71.894898 71.759092 71.546099 71.234489 70.80075 70.221038 69.474952 68.552561 67.466323 66.269262 65.077784 64.087691 63.552656 63.687015 64.518726 65.826216 67.241905 68.420759 69.146032 69.354738 69.124787 68.654162 68.23638 68.223526 68.942587 70.51381 72.710633 75.089428 77.239244 78.913372 80.041511 80.69141 80.991587
75.428897 75.150419 74.868757 74.584002 74.296397 74.00638 73.714663 73.422296 73.13076 72.842053 72.558768 72.284148 72.022093 71.777082 71.55399 71.35776 71.192942 71.063108 70.970235 70.91416 70.892227 70.899222 70.927607 70.967963 71.009468 71.040189 71.047029 71.01525 70.927617 70.763345 70.497096 70.098339 69.531409 68.75686 67.73542 66.437849 64.86844 63.116213 61.441711 60.337981 60.363611 61.674833 63.787063 65.957881 67.64077 68.582531 68.735279 68.186482 67.153532 66.012624 65.321206 65.78169 67.78047 70.82716 74.040024 76.7968 78.819794 80.062059 80.638613 80.795746
74.821765 74.521969 74.217426 73.908021 73.593776 73.27491 72.951924 72.625701 72.297624 71.969711 71.644758 71.326463 71.019504 70.729528 70.462984 70.226761 70.027578 69.871171 69.761345 69.699106 69.682075 69.704384 69.757113 69.829137 69.908065 69.980908 70.034125 70.052892 70.01962 69.911925 69.700316 69.345782 68.797247 67.988717 66.836489 65.239886 63.099608 60.3954 57.401891 55.022904 54.662708 56.901959 60.596391 64.136466 66.65237 67.923584 67.981357 66.942254 65.058388 62.844914 61.048081 60.942518 63.769422 68.29644 72.745095 76.274049 78.639805 79.828877 79.98151 79.560314
74.203137 73.881141 73.552636 73.217236 72.87466 72.524803 72.167832 71.804307 71.435346 71.062809 70.689529 70.319532 69.958247 69.612609 69.290989 69.002818 68.757842 68.564959 68.430774 68.358138 68.345107 68.384705 68.465671 68.574003 68.694771 68.813503 68.916528 68.989971 69.01741 68.976506 68.835025 68.546427 68.044567 67.236194 65.989324 64.117644 61.374006 57.516859 52.651396 48.109368 46.876742 50.600934 56.768982 62.208099 65.757678 67.418124 67.38931 65.819929 62.979264 59.691302 56.970583 55.775361 59.919545 66.167326 71.813554 76.014418 78.603275 79.527409 78.750459 76.778635
73.573796 73.228886 72.875528 72.512994 72.140608 71.75782 71.364306 70.960114 70.545858 70.122976 69.69405 69.263179 68.836368 68.421863 68.030273 67.674315 67.36795 67.124792 66.955848 66.867044 66.857252 66.91767 67.033024 67.184331 67.352307 67.520124 67.674439 67.804115 67.896672 67.933057 67.881556 67.691425 67.285763 66.551354 65.3211 63.344382 60.250902 55.572659 49.118162 42.387926 40.081197 45.330007 53.909039 60.983972 65.345249 67.316523 67.267406 65.344744 61.709729 57.278633 55.060188 55.009067 59.331686 65.921433 71.926705 76.353781 78.960306 79.53512 77.649794 73.384947
72.934603 72.566276 72.187424 71.796906 71.393554 70.976237 70.543963 70.096029 69.632245 69.153247 68.66093 68.158997 67.653624 67.154147 66.673596 66.228782 65.839497 65.52644 65.307753 65.194717 65.187935 65.275726 65.435913 65.640739 65.863185 66.082292 66.285542 66.467344 66.623726 66.744249 66.802867 66.749476 66.502581 65.9408 64.887732 63.083755 60.148276 55.595045 49.198352 42.436764 40.102243 45.435084 54.124376 61.283315 65.723601 67.783996 67.834616 66.002544 62.36942 57.679951 55.286468 57.999287 62.244363 67.908389 73.318682 77.44579 79.903259 80.35399 78.253652 73.644705
72.286449 71.894461 71.489786 71.070807 70.63577 70.182832 69.710137 69.215961 68.698938 68.158411 67.594959 67.011146 66.412528 65.808872 65.215418 64.653748 64.151508 63.740044 63.449255 63.300121 63.297151 63.42436 63.6477 63.923824 64.211781 64.482998 64.726131 64.945411 65.152679 65.354624 65.538351 65.659536 65.636223 65.347165 64.628994 63.26671 60.985502 57.505532 52.87355 48.39522 47.19353 51.076207 57.462059 63.115588 66.896104 68.822014 69.093984 67.837931 65.256149 62.213167 60.930092 62.83764 66.645599 71.240297 75.664012 79.208171 81.476251 82.160297 81.00242 78.47247
