RAINFALL_MAXIMUM_RP_10.tif
NCOLS 101
NROWS 90
XLLCORNER -81.15
YLLCORNER -4.25
DX 0.0099207921
DY 0.01
NODATA_VALUE -9999
[rows 52 to 77 of 90, columns 0 to 59 of 101]
108.23236 107.66703 107.08296 106.47737 105.84711 105.18866 104.49824 103.77189 103.00574 102.19647 101.34203 100.44283 99.503569 98.53569 97.56052 96.612373 95.740155 95.004933 94.470672 94.187487 94.171928 94.394242 94.782075 95.241404 95.685149 96.057053 96.343311 96.570201 96.788286 97.045011 97.351873 97.658429 97.845496 97.739163 97.134354 95.81673 93.593646 90.395541 86.579125 83.443577 83.103393 86.501541 92.001708 97.286755 101.13218 103.24674 103.70043 102.69236 100.64717 98.559387 98.058434 100.17334 104.38688 109.62843 114.93725 119.5717 123.01682 124.93658 125.27344 124.71816
107.28848 106.69193 106.07403 105.4313 104.75965 104.05439 103.31016 102.52102 101.6805 100.78201 99.819456 98.788526 97.688815 96.527326 95.323581 94.1161 92.968466 91.97057 91.228128 90.835168 90.834602 91.187463 91.775095 92.438485 93.032567 93.468532 93.732954 93.885868 94.039645 94.316369 94.78861 95.428203 96.096474 96.58526 96.682246 96.228698 95.166345 93.601992 91.918465 90.860372 91.300947 93.550093 96.97054 100.51684 103.40327 105.26539 106.0528 105.93956 105.31997 104.8353 105.2537 107.07307 110.23124 114.27005 118.60739 122.69397 126.09987 128.57511 130.14467 131.24971
106.33309 105.7061 105.05541 104.37684 103.66537 102.91508 102.11895 101.26878 100.35513 99.367394 98.294154 97.124222 95.848768 94.465462 92.98573 91.446019 89.922151 88.540837 87.474083 86.898075 86.915139 87.479664 88.391955 89.376418 90.187637 90.681732 90.841318 90.773894 90.690785 90.848006 91.436509 92.467169 93.742607 94.95011 95.801314 96.130449 95.935323 95.39102 94.847837 94.775583 95.595489 97.436588 100.01886 102.80066 105.24716 107.01331 107.99837 108.33327 108.34852 108.51657 109.33225 111.13522 113.97323 117.60771 121.63298 125.61435 129.19626 132.17605 134.55532 136.55726
105.36638 104.71007 104.02811 103.31567 102.56689 101.77464 100.93027 100.0233 99.041114 97.968623 96.78812 95.479597 94.02218 92.397987 90.600627 88.651599 86.627212 84.691969 83.115327 82.223152 82.248841 83.154991 84.597298 86.090942 87.224937 87.771997 87.70209 87.177506 86.554364 86.327377 86.930562 88.458101 90.570561 92.711786 94.409785 95.426251 95.761903 95.621862 95.383555 95.530325 96.490857 98.413445 101.05279 103.89834 106.42511 108.27368 109.30677 109.59897 109.42834 109.31078 109.97926 111.99355 115.28529 119.38139 123.7948 128.13579 132.12497 135.60589 138.55089 141.04964
104.38803 103.70376 102.99244 102.24871 101.46597 100.63605 99.748837 98.791794 97.749286 96.601816 95.325112 93.889308 92.258785 90.394118 88.259384 85.841204 83.189517 80.487189 78.125614 76.685728 76.678126 78.120406 80.406189 82.680372 84.281637 84.879844 84.41939 83.095921 81.437905 80.347504 80.775173 83.015282 86.399598 89.855145 92.580566 94.22569 94.770188 94.422862 93.64615 93.219169 94.038663 96.488023 100.05286 103.7853 106.92244 109.05327 110.02289 109.83624 108.67269 107.17432 106.98968 109.62827 114.3373 119.75747 125.1755 130.26282 134.85081 138.85296 142.23015 144.98529
103.3971 102.6864 101.94789 101.17584 100.36311 99.50078 98.57761 97.579429 96.488198 95.280758 93.927122 92.388275 90.613713 88.539803 86.092313 83.201875 79.851851 76.190166 72.714373 70.382589 70.238276 72.466729 75.997048 79.358075 81.568734 82.219664 81.217664 78.707477 75.325071 72.585131 72.507951 75.870618 81.254559 86.57218 90.562346 92.809727 93.279876 92.100296 89.740734 87.536289 87.67751 91.305718 97.014913 102.62853 106.93576 109.56734 110.45396 109.57616 106.98104 103.17638 101.24441 105.31433 112.24882 119.44771 126.17078 132.18301 137.43832 141.93077 145.61036 148.38376
102.39196 101.65634 100.89286 100.09564 99.25726 98.368346 97.417022 96.38815 95.262252 94.013941 92.609607 91.004044 89.135741 86.921051 84.249486 80.98868 77.024785 72.399711 67.630431 64.095921 63.665389 66.872727 71.929997 76.513723 79.354876 80.056866 78.488254 74.603224 68.912491 63.606875 62.592027 67.641618 75.830729 83.433348 88.784652 91.581243 91.806317 89.348734 84.354761 78.703355 77.23776 83.064103 92.530762 101.00208 106.88626 110.17126 111.05765 109.6371 106.12397 101.34034 98.366463 103.28063 111.13096 119.55338 127.36754 134.17501 139.96877 144.78411 148.51631 150.90112
101.3702 100.61096 99.824586 99.005237 98.145486 97.235889 96.264433 95.215779 94.070178 92.801866 91.376606 89.747866 87.850972 85.594607 82.850342 79.446483 75.191814 70.007783 64.331976 59.802131 59.066229 63.059049 69.276228 74.675653 77.891056 78.628535 76.734087 71.920025 64.353364 56.581981 54.560623 61.311725 72.039862 81.444567 87.774273 90.961081 91.008619 87.503789 80.004776 70.4699 66.912549 75.394215 88.963775 100.14553 107.39603 111.26523 112.26841 110.63005 106.72669 101.96358 99.614553 103.86553 111.87643 120.90889 129.28392 136.48611 142.4954 147.30792 150.6686 152.02518
100.32862 99.54667 98.739056 97.900194 97.022912 96.098041 95.113902 94.055641 92.904321 91.63559 90.217644 88.607995 86.748306 84.556461 81.915846 78.666465 74.62024 69.67588 64.206715 59.780534 59.056215 62.984282 69.019131 74.192695 77.267012 78.012341 76.275534 71.712577 64.35567 56.620363 54.583313 61.394922 72.130245 81.520997 87.906696 91.221509 91.415917 87.998924 80.435471 70.662705 66.989742 75.799175 89.878622 101.49104 109.06712 113.19129 114.41202 112.95421 108.99204 103.21818 99.929729 105.64436 114.77724 123.93471 132.19356 139.26419 145.10632 149.61864 152.40769 152.85944
99.263177 98.458835 97.630985 96.774504 95.882712 94.946992 93.956344 92.896864 91.751117 90.497325 89.108211 87.549216 85.775677 83.728534 81.328938 78.476106 75.06665 71.091252 66.918582 63.743193 63.365463 66.312902 70.819819 74.801899 77.284868 78.020054 76.879613 73.688537 68.667026 63.70523 62.778174 67.844341 75.958431 83.552399 89.12365 92.341151 93.04395 90.935308 85.985655 80.092299 78.61555 85.170105 95.776544 105.33036 112.10928 116.12967 117.66278 116.8885 114.08196 110.34967 109.04485 113.22198 120.68387 128.65892 136.06005 142.54284 147.96863 152.1649 154.8316 155.82916
98.169079 97.34185 96.493866 95.620652 94.71623 93.772735 92.780023 91.725282 90.592698 89.363209 88.014379 86.520402 84.852272 82.978289 80.865774 78.48749 75.843887 73.028422 70.370133 68.580376 68.512587 70.31683 73.088678 75.700472 77.493343 78.222965 77.808654 76.258378 73.905864 71.913258 72.165404 75.557748 80.906757 86.407182 90.936962 94.004287 95.37903 94.973933 93.111839 91.195845 91.799963 96.415218 103.51335 110.58947 116.24187 120.04954 121.97832 122.15834 121.00091 119.57197 119.73725 122.81472 128.15848 134.37085 140.54107 146.22747 151.18874 155.23882 158.25245 160.38227
97.040822 96.18919 95.320028 94.429707 93.51314 92.563369 91.571152 90.524624 89.409132 88.207395 86.900187 85.467807 83.89274 82.164071 80.284542 78.281756 76.22625 74.26011 72.63193 71.693103 71.752548 72.802579 74.432843 76.09333 77.380977 78.113636 78.272136 77.956735 77.451112 77.344693 78.403535 81.00556 84.772074 88.915479 92.730231 95.757989 97.769536 98.771116 99.116396 99.649249 101.50374 105.28645 110.49601 116.03811 120.98263 124.77758 127.17841 128.22759 128.32762 128.29179 129.1502 131.56795 135.4287 140.15324 145.18163 150.11708 154.68523 158.70048 162.09325 164.94148
95.872299 94.993506 94.100722 93.191386 92.261533 91.305289 90.31434 89.277484 88.180415 87.005952 85.735015 84.348754 82.832419 81.181741 79.412624 77.574413 75.764858 74.140062 72.905478 72.270085 72.358646 73.117726 74.294654 75.539684 76.571641 77.286005 77.746173 78.108361 78.58296 79.454796 81.042177 83.52167 86.775359 90.430687 94.032957 97.205355 99.744422 101.67337 103.27316 105.05605 107.59772 111.23406 115.85069 120.95947 125.92702 130.14264 133.13689 134.78136 135.46682 135.94786 136.94518 138.86973 141.77162 145.45476 149.62676 153.98784 158.26979 162.26436 165.84988 168.9468
94.656955 93.746753 92.826198 91.894079 90.947881 89.983122 88.992582 87.965562 86.887325 85.738969 84.498046 83.14034 81.643369 79.992466 78.190619 76.273428 74.329578 72.522858 71.099451 70.343372 70.444569 71.334402 72.657672 73.9564 74.921152 75.529575 75.996231 76.581648 77.453761 78.753821 80.689505 83.421479 86.879035 90.747412 94.613234 98.122847 101.08195 103.5035 105.62142 107.85748 110.70516 114.52919 119.38394 124.98402 130.7935 136.06872 139.9095 141.78231 142.27344 142.57008 143.3684 144.85765 147.09562 150.07709 153.67871 157.67485 161.79848 165.78954 169.42104 172.52266
93.388 92.440376 91.485823 90.524839 89.556847 88.579311 87.586621 86.568841 85.510517 84.389767 83.177947 81.84013 80.33675 78.627013 76.675739 74.467812 72.039581 69.541878 67.333064 66.005227 66.110256 67.608882 69.727776 71.53438 72.529854 72.824157 72.969895 73.487428 74.444998 75.776971 77.82772 81.019148 85.234883 89.913303 94.467743 98.489867 101.76871 104.28395 106.24816 108.19199 110.92264 115.12017 120.87827 127.78518 135.25058 142.40205 147.58269 149.18734 148.49968 148.13393 148.67426 149.78486 151.49398 153.98687 157.25347 161.0938 165.22811 169.34472 173.08951 176.11181
92.058728 91.065609 90.068285 89.069396 88.070988 87.073393 86.073658 85.063601 84.027687 82.940976 81.767405 80.458421 78.951782 77.170306 75.021588 72.404459 69.242045 65.591835 61.90471 59.327373 59.320202 62.076735 65.86489 68.700639 69.726444 69.29395 68.675818 69.079705 70.156298 71.028755 72.669279 76.486521 82.095318 88.187265 93.803336 98.469595 101.95817 104.15719 105.17656 105.78043 107.70051 112.50445 119.99425 128.96537 138.56963 148.04499 155.04086 155.91989 153.27729 152.4777 153.11729 153.86866 155.04887 157.19407 160.32932 164.21031 168.55282 173.06715 177.35895 180.77391
90.662983 89.613952 88.56199 87.512332 86.470524 85.441117 84.425583 83.419491 82.409135 81.368014 80.253511 79.003723 77.533602 75.728764 73.435619 70.451137 66.535017 61.52908 55.798424 51.124005 50.661461 55.375503 61.774888 66.101619 67.070401 65.31485 63.233922 63.805753 65.681727 65.209944 65.439195 70.311342 78.151296 86.160431 93.030748 98.360729 101.9456 103.48825 102.74049 100.57473 100.6077 106.52003 116.87715 128.38578 139.66901 150.19226 157.72356 158.2525 155.41998 155.80102 157.01861 157.14835 157.74462 159.73035 162.93874 167.00755 171.68679 176.84285 182.31593 187.3785
89.195811 88.077936 86.955824 85.837647 84.733431 83.653728 82.607072 81.596071 80.612373 79.631176 78.606121 77.464919 76.104585 74.383233 72.104103 68.990292 64.667431 58.749315 51.358435 44.614683 43.460004 50.023362 58.867985 64.488002 65.354371 62.181648 58.173367 59.058365 62.705484 60.03327 58.360947 64.922222 75.167454 84.854355 92.700781 98.510625 102.12135 103.02739 100.47369 95.112257 92.799875 100.18129 113.5729 126.96512 138.57668 148.05924 154.12907 155.58018 155.83404 158.39226 159.82458 159.16781 159.55509 161.74762 165.21144 169.50071 174.43549 180.06774 186.59694 193.60337
87.654361 86.452267 85.240461 84.030014 82.836267 81.677876 80.574035 79.539355 78.576489 77.667628 76.766871 75.795256 74.638097 73.140827 71.09703 68.224671 64.14536 58.459357 51.251867 44.597419 43.453186 49.982629 58.771568 64.386816 65.30838 62.187177 58.181884 59.078254 62.766867 60.074646 58.383711 65.040791 75.441735 85.288997 93.278029 99.193397 102.84164 103.67219 100.89713 95.251071 92.837784 100.29758 113.61596 126.53803 137.1381 145.1843 150.45776 153.39874 155.91254 158.81029 159.9625 159.78833 160.90811 163.63887 167.3975 171.79497 176.69599 182.15375 188.28824 194.5153
86.038987 84.735443 83.410446 82.077127 80.756351 79.4769 78.273165 77.178947 76.216763 75.384117 74.640924 73.903348 73.046413 71.911489 70.31021 68.020119 64.788744 60.427926 55.224531 50.856647 50.462203 55.081349 61.366759 65.727747 66.879059 65.310897 63.323875 63.970926 65.954364 65.524637 65.80258 70.910733 79.13614 87.574323 94.850375 100.50409 104.24881 105.68174 104.49429 101.73647 101.48042 107.45883 117.61192 128.01637 136.88947 143.83923 148.93343 152.657 155.71622 158.14978 159.49385 160.58345 162.68147 165.87866 169.78636 174.11636 178.71596 183.48999 188.25217 192.33943
84.354466 82.931804 81.467215 79.973625 78.476125 77.01466 75.643825 74.42667 73.419752 72.650094 72.091504 71.653136 71.18964 70.528903 69.501963 67.963893 65.817596 63.093078 60.171418 58.09648 58.283751 61.028379 64.819558 67.847385 69.237185 69.190187 68.870128 69.516374 70.832886 71.920773 73.798939 77.994479 84.136798 90.849031 97.099196 102.33435 106.21982 108.52091 109.29199 109.45739 111.09618 115.83908 123.01226 130.80651 137.99134 144.08004 149.01351 152.9751 156.17501 158.66272 160.60713 162.64198 165.33315 168.72153 172.59871 176.75807 181.01581 185.16422 188.92192 191.9262
82.611048 81.05379 79.423023 77.726974 75.990812 74.263861 72.624778 71.17889 70.039692 69.29023 68.934766 68.869592 68.901074 68.807379 68.407704 67.60689 66.416694 64.982951 63.641507 62.941525 63.43121 65.17935 67.599868 69.887198 71.519458 72.483758 73.234672 74.287591 75.742103 77.542373 80.067322 83.808919 88.690282 94.144022 99.551905 104.44219 108.49728 111.56756 113.78639 115.74665 118.42494 122.54126 127.96928 134.0096 139.98507 145.47913 150.31216 154.45499 157.93543 160.82686 163.36213 165.93433 168.8553 172.21601 175.96477 179.98075 184.07879 188.00681 191.48526 194.31865
80.824785 79.123798 77.30523 75.36526 73.320453 71.221817 69.170771 67.328525 65.900839 65.077669 64.932986 65.344966 66.017147 66.604734 66.854294 66.674313 66.135307 65.4407 64.891127 64.825224 65.504413 66.968582 68.983365 71.155928 73.14399 74.826779 76.331766 77.885966 79.650499 81.756421 84.42088 87.858424 92.080489 96.851313 101.80186 106.56016 110.83954 114.50275 117.62415 120.52196 123.67116 127.46471 132.00058 137.0892 142.41354 147.67254 152.6442 157.18116 161.18559 164.628 167.61057 170.37482 173.21108 176.35675 179.93705 183.93692 188.1962 192.42988 196.28828 199.47565
79.016351 77.174448 75.15951 72.945575 70.526262 67.936869 65.287643 62.801099 60.822293 59.741563 59.794722 60.849674 62.407936 63.86989 64.820408 65.130773 64.910076 64.421278 64.013704 64.056093 64.835445 66.435709 68.688419 71.259186 73.812809 76.150272 78.246745 80.193465 82.130356 84.248421 86.805696 90.043653 94.040316 98.649805 103.57311 108.47731 113.08853 117.24503 120.92476 124.25743 127.51413 131.03922 135.10452 139.78037 144.94192 150.37421 155.85683 161.17153 166.06322 170.24633 173.54849 176.122 178.45606 181.11297 184.46645 188.62642 193.47166 198.67467 203.698 207.849
77.207364 75.245575 73.0492 70.559142 67.727491 64.545241 61.096087 57.642464 54.710277 53.040812 53.229896 55.186192 58.031209 60.681266 62.445986 63.145695 62.941406 62.178099 61.330503 60.987486 61.710008 63.706381 66.684685 70.106236 73.492069 76.545498 79.142679 81.280349 83.066744 84.802075 87.009545 90.174778 94.392147 99.376701 104.72316 110.07647 115.17136 119.8171 123.88062 127.32906 130.37035 133.51072 137.27928 141.90168 147.3088 153.32397 159.76774 166.41188 172.81258 178.18862 181.75412 183.55192 184.6692 186.36086 189.35001 193.85325 199.80179 206.87948 214.3123 220.61019
75.413401 73.37611 71.047016 68.326063 65.107333 61.304948 56.920319 52.188124 47.80526 45.042987 45.210942 48.405922 53.07618 57.301359 60.012852 61.024717 60.594239 59.156408 57.321244 56.030962 56.456013 59.087615 63.24674 67.922252 72.394609 76.258081 79.293437 81.371833 82.511746 83.21219 84.681919 88.002313 93.067855 99.051858 105.26738 111.33953 117.05904 122.23583 126.60651 129.91475 132.35621 134.87866 138.44588 143.31533 149.3082 156.24643 164.06943 172.68827 181.55654 189.06926 192.9935 193.02701 191.74405 191.7731 194.19404 199.18655 206.74813 216.78738 228.52816 239.2617
