RAINFALL_MINIMUN_RP_5.tif
NCOLS 101
NROWS 90
XLLCORNER -81.15
YLLCORNER -4.25
DX 0.0099207921
DY 0.01
NODATA_VALUE -9999
[rows 52 to 77 of 90, columns 0 to 59 of 101]
61.025042 60.654799 60.270846 59.871221 59.453713 59.015866 58.555021 58.068406 57.553311 57.007401 56.429238 55.819124 55.180361 54.521021 53.856149 53.209976 52.617088 52.120779 51.766614 51.590711 51.605905 51.792704 52.101724 52.468185 52.831826 53.153599 53.423897 53.661202 53.901608 54.180497 54.510423 54.863404 55.166008 55.308562 55.161051 54.587748 53.465976 51.745417 49.627874 47.880311 47.776908 49.922421 53.378232 56.765226 59.33519 60.893454 61.461267 61.135486 60.144187 59.050123 58.791747 59.969905 62.297073 65.162127 68.018322 70.449987 72.170562 72.992385 72.894975 72.323171
60.440514 60.049251 59.642336 59.217301 58.771274 58.300945 57.802546 57.271871 56.704367 56.095367 55.440558 54.736862 53.983958 53.186751 52.358981 51.527824 50.738213 50.053791 49.54964 49.293009 49.315585 49.591729 50.039755 50.549294 51.019223 51.387213 51.643094 51.827673 52.018594 52.301779 52.731492 53.295301 53.906428 54.430223 54.727274 54.691297 54.278472 53.545811 52.717473 52.239146 52.645604 54.148441 56.392455 58.762457 60.782045 62.216541 63.012158 63.242849 63.109582 62.96352 63.244197 64.246343 65.944717 68.090207 70.367852 72.482399 74.202669 75.395986 76.089334 76.560358
59.850797 59.439148 59.010078 58.560615 58.087221 57.585695 57.051078 56.477565 55.858458 55.186216 54.452723 53.649995 52.771698 51.816085 50.791132 49.722529 48.663871 47.704894 46.96768 46.577811 46.609372 47.032538 47.708859 48.445984 49.0721 49.485881 49.673625 49.707797 49.732682 49.924857 50.419467 51.231908 52.236785 53.228293 54.012943 54.474918 54.602503 54.495742 54.364911 54.498326 55.163173 56.458019 58.236007 60.185256 61.986446 63.423444 64.416901 65.014921 65.369748 65.70241 66.24841 67.192041 68.603981 70.411613 72.432718 74.447879 76.26801 77.782603 78.994358 80.033436
59.25628 58.82514 58.375082 57.902673 57.403747 56.873243 56.30502 55.691637 55.024107 54.29167 53.481682 52.579827 51.571147 50.442771 49.189966 47.827783 46.410199 45.053882 43.950284 43.331555 43.365323 44.02828 45.080093 46.180627 47.041275 47.502174 47.540687 47.266319 46.920941 46.84236 47.331235 48.462163 50.01679 51.626164 52.972221 53.888792 54.364938 54.520722 54.586292 54.863027 55.628074 56.995706 58.842154 60.876787 62.791737 64.371811 65.528742 66.288841 66.767358 67.150941 67.691383 68.638932 70.091634 71.96051 74.064306 76.210943 78.243326 80.063966 81.642722 83.011028
58.657037 58.207509 57.737936 57.244502 56.722503 56.16613 55.568183 54.919713 54.209552 53.423742 52.544878 51.551512 50.418042 49.116096 47.61976 45.91916 44.049534 42.140883 40.471999 39.457421 39.463063 40.505629 42.158763 43.819186 45.021086 45.533299 45.317147 44.505865 43.457484 42.784033 43.136092 44.72835 47.126169 49.614771 51.655003 53.007168 53.649527 53.706861 53.460972 53.392291 54.067431 55.756891 58.18633 60.80517 63.165256 65.030815 66.323548 67.05697 67.311015 67.291489 67.509919 68.567604 70.442767 72.767441 75.259816 77.738281 80.084651 82.223655 84.102018 85.675969
58.052742 57.58606 57.098657 56.586446 56.044329 55.465929 54.84323 54.16609 53.421573 52.593028 51.658848 50.590872 49.352618 47.898107 46.173702 44.129216 41.752216 39.14812 36.672752 35.012179 34.915262 36.519541 39.065994 41.510109 43.158433 43.726933 43.156218 41.548619 39.33471 37.536924 37.527259 39.853262 43.583275 47.322264 50.223183 52.007902 52.655322 52.246167 51.062892 49.912351 50.146357 52.523305 56.257069 60.056332 63.198028 65.478582 66.891828 67.468658 67.259878 66.45578 66.009349 67.423656 70.072697 73.109217 76.172436 79.094391 81.803008 84.256977 86.389495 88.075372
57.442609 56.960034 56.456571 55.927998 55.369002 54.772882 54.131138 53.432911 52.664187 51.806629 50.835881 49.719101 48.411539 46.852333 44.961151 42.641847 39.811665 36.500174 33.079201 30.54152 30.234145 32.546114 36.199061 39.531657 41.643588 42.265486 41.321288 38.791015 35.021809 31.486663 30.823786 34.260362 39.861743 45.132907 48.957301 51.1407 51.69125 50.554871 47.812863 44.575489 43.782805 47.429147 53.422212 58.977981 63.126537 65.87984 67.404665 67.801955 67.186765 65.940002 65.151984 66.757123 69.836025 73.46599 77.066552 80.402 83.422233 86.112617 88.390284 90.025915
56.825339 56.328039 55.810218 55.267668 54.695061 54.085637 53.43079 52.719503 51.937531 51.066189 50.080512 48.946416 47.616387 46.023276 44.07272 41.638803 38.581535 34.843114 30.740841 27.46294 26.930321 29.823303 34.333861 38.269981 40.65924 41.312204 40.148161 36.99124 31.959911 26.763051 25.409266 29.968617 37.25764 43.726155 48.202944 50.660834 51.138912 49.410964 45.201358 39.63862 37.535449 42.712343 51.150393 58.342346 63.326952 66.44887 68.063148 68.339186 67.425269 65.792584 64.782594 66.724388 70.208042 74.259637 78.203975 81.785154 84.95873 87.699457 89.866626 91.100514
56.199101 55.688017 55.157302 54.602918 54.019712 53.401121 52.738788 52.022062 51.237282 50.366751 49.387152 48.267063 46.963044 45.413712 43.531842 41.197987 38.272089 34.678429 30.690586 27.458347 26.929124 29.797509 34.20446 37.992644 40.278593 40.922802 39.850224 36.850935 31.956054 26.785758 25.422611 30.01198 37.283273 43.715029 48.203296 50.726617 51.293069 49.630864 45.409248 39.736252 37.575486 42.923667 51.626027 59.035111 64.171798 67.391929 69.059914 69.342269 68.309674 66.180938 64.820714 67.385763 71.513522 75.761748 79.750899 83.333593 86.461762 89.059178 90.902369 91.596967
55.561531 55.037237 54.49469 53.93016 53.338843 52.714583 52.049544 51.333814 50.554892 49.697009 48.740142 47.658515 46.41827 44.974026 43.264677 41.211816 38.734588 35.822744 32.749249 30.403072 30.121353 32.291743 35.605345 38.531397 40.372455 40.973589 40.273415 38.174309 34.83507 31.525915 30.914532 34.329684 39.820085 45.010727 48.908877 51.313673 52.148573 51.249258 48.589429 45.269265 44.489109 48.520707 55.107742 61.214536 65.788573 68.836976 70.54019 71.021357 70.407968 69.160371 68.76925 70.73299 74.22142 78.047354 81.727355 85.089037 88.041577 90.467782 92.170214 92.994556
54.909754 54.372324 53.818439 53.244807 52.647116 52.019771 51.355612 50.645622 49.87864 49.041083 48.116687 47.086252 45.927397 44.614464 43.119328 41.415974 39.497724 37.428379 35.453109 34.111148 34.049734 35.379421 37.416857 39.324646 40.630578 41.177147 40.927305 39.901596 38.333502 37.005777 37.182482 39.469144 43.085501 46.836788 49.985598 52.218198 53.397493 53.47419 52.63574 51.706225 52.228129 55.149657 59.629138 64.195851 68.004989 70.797962 72.556894 73.356185 73.391745 73.145156 73.479625 75.067798 77.709269 80.819889 83.996887 87.029553 89.785502 92.146052 94.009832 95.407953
54.240437 53.68931 53.123856 52.541349 51.938096 51.309168 50.648132 49.946814 49.195163 48.381295 47.491829 46.51269 45.430628 44.235875 42.926662 41.517041 40.050787 38.62536 37.423211 36.712845 36.734249 37.481702 38.642436 39.80926 40.697451 41.189349 41.28266 41.054052 40.699855 40.617584 41.320531 43.063188 45.597597 48.405284 51.023667 53.155261 54.653292 55.519143 55.963588 56.49091 57.7886 60.248885 63.607507 67.225551 70.540482 73.211335 75.08792 76.19033 76.723676 77.083774 77.770812 79.134732 81.174254 83.661202 86.354906 89.072083 91.67302 94.051449 96.155756 98.01397
53.549858 52.983699 52.405565 51.813429 51.204354 50.574181 49.917212 49.225938 48.49092 47.700935 46.843586 45.906644 44.880476 43.762103 42.561441 41.310063 40.071548 38.949447 38.083485 37.619694 37.647086 38.127418 38.882324 39.671526 40.308664 40.729995 40.983523 41.177041 41.453018 42.002751 43.038956 44.679386 46.846196 49.29313 51.720104 53.878739 55.634161 56.99762 58.143651 59.39203 61.10528 63.503711 66.530473 69.888243 73.178575 76.017273 78.121412 79.426048 80.157908 80.718062 81.472841 82.639177 84.271369 86.308058 88.632731 91.111404 93.612634 96.02715 98.291396 100.37489
52.834009 52.250565 51.657581 51.05389 50.437496 49.805173 49.152031 48.471084 47.752971 46.985932 46.156284 45.249627 44.253155 43.159609 41.973544 40.720607 39.459685 38.294873 37.377071 36.874327 36.893232 37.384621 38.129318 38.848183 39.355603 39.646495 39.864067 40.17705 40.69309 41.505556 42.753353 44.542071 46.821174 49.377776 51.93459 54.254679 56.206797 57.797662 59.18344 60.650108 62.532897 65.073214 68.293688 71.986782 75.786379 79.213241 81.731642 83.070976 83.613324 84.026708 84.666522 85.622974 86.943609 88.657507 90.730346 93.064551 95.529295 97.987805 100.3184 102.44382
52.088731 51.484674 50.873399 50.254803 49.628099 48.991298 48.340569 47.66954 46.968649 46.224705 45.420818 44.536881 43.550805 42.440881 41.190185 39.79529 38.284209 36.751181 35.406561 34.587164 34.597793 35.400221 36.536548 37.461606 37.890654 37.910396 37.879334 38.123459 38.67253 39.482595 40.788976 42.86981 45.63642 48.704639 51.67792 54.280378 56.367806 57.926021 59.107812 60.298264 62.073817 64.89059 68.760576 73.343141 78.199852 82.750604 86.002598 87.104049 86.924677 86.958371 87.456329 88.198865 89.226894 90.684235 92.599353 94.885724 97.40308 99.980963 102.40843 104.4668
51.30991 50.68067 50.04613 49.407496 48.765573 48.120113 47.468915 46.806717 46.12402 45.405987 44.631572 43.772913 42.794868 41.654594 40.301706 38.682313 36.758122 34.569131 32.380095 30.848414 30.796808 32.306674 34.354722 35.786131 36.114352 35.587334 35.027534 35.187465 35.791149 36.263893 37.283495 39.781187 43.469176 47.456258 51.097346 54.072875 56.224773 57.474184 57.909612 58.103521 59.308756 62.591614 67.707011 73.720749 79.993333 85.996961 90.297221 90.882642 89.559262 89.411858 89.994078 90.489418 91.157461 92.38226 94.218437 96.549824 99.232717 102.11119 104.93873 107.25206
50.493758 49.833364 49.168746 48.502674 47.838041 47.177102 46.520264 45.86447 45.201297 44.514992 43.780678 42.962663 42.012383 40.865008 39.433946 37.6052 35.244851 32.268668 28.89666 26.161868 25.865928 28.510351 32.028373 34.23169 34.385032 32.916475 31.387929 31.682562 32.784406 32.302501 32.377572 35.604055 40.78539 46.03076 50.470672 53.837707 55.986161 56.7039 55.831137 54.040117 53.945759 58.073292 65.238348 73.033776 80.477177 87.211108 91.867717 92.207433 90.825588 91.54818 92.524108 92.530801 92.709064 93.748476 95.588333 98.030827 100.95423 104.31727 108.05301 111.6429
49.637196 48.938186 48.234529 47.530754 46.832404 46.145251 45.473808 44.819073 44.175658 43.528684 42.850956 42.100565 41.218271 40.122853 38.701956 36.797677 34.19721 30.684156 26.342401 22.413313 21.739322 25.47041 30.383077 33.270132 33.247639 30.785572 27.992427 28.550306 30.787284 28.747915 27.571388 31.969004 38.761107 45.104426 50.162094 53.809813 55.92962 56.163079 53.997844 49.965018 48.268419 53.46849 62.760393 71.879259 79.619566 85.801305 89.683149 90.696354 91.255708 93.463951 94.621477 93.94728 93.787884 94.825385 96.754939 99.308248 102.40824 106.16117 110.81201 116.15144
48.738383 47.991852 47.237834 46.482595 45.734816 45.004997 44.303823 43.639179 43.011912 42.410994 41.809261 41.160716 40.399136 39.435741 38.152257 36.387257 33.924755 30.539584 26.294138 22.40721 21.737544 25.456724 30.346255 33.234483 33.24101 30.799982 27.999947 28.565178 30.829497 28.774791 27.585521 32.039488 38.917778 45.344531 50.472482 54.168861 56.300753 56.48754 54.202905 50.026975 48.282245 53.488535 62.670912 71.455499 78.560017 83.889577 87.377966 89.419628 91.36811 93.724786 94.699712 94.277741 94.483741 95.77508 97.828101 100.40831 103.46922 107.13182 111.61752 116.61379
47.797355 46.993305 46.175292 45.350852 44.531934 43.734953 42.979387 42.284139 41.661344 41.108531 40.601561 40.091357 39.505661 38.753483 37.727314 36.300556 34.330223 31.712814 28.624102 26.046499 25.786301 28.391031 31.861239 34.091556 34.343098 32.96459 31.473277 31.808026 32.972318 32.50671 32.602843 35.96045 41.348931 46.813472 51.450854 54.966551 57.175185 57.81237 56.691272 54.580861 54.313738 58.393983 65.305628 72.329569 78.270747 82.899445 86.301912 88.846313 91.043228 92.891461 93.871057 94.335173 95.239533 96.834444 98.950181 101.43709 104.24183 107.37442 110.79191 113.99412
46.81674 45.944901 45.047566 44.132245 43.213436 42.314105 41.46545 40.703197 40.058887 39.546651 39.149838 38.814907 38.457777 37.980103 37.286468 36.296216 34.957107 33.29138 31.525241 30.265796 30.322223 31.835655 33.897463 35.441463 35.968423 35.64391 35.237065 35.525635 36.259241 36.843495 37.984733 40.680495 44.642364 48.936011 52.878683 56.113697 58.431474 59.692392 59.958083 59.882251 60.883707 64.038148 68.843955 74.054173 78.838659 82.881618 86.159712 88.813036 90.991642 92.698042 93.941211 95.045641 96.414094 98.168741 100.24566 102.55858 105.0353 107.59126 110.06322 112.10584
45.802354 44.85372 43.861619 42.830959 41.77644 40.726616 39.72671 38.836841 38.12111 37.625305 37.349424 37.231697 37.159941 37.007658 36.673813 36.108001 35.322116 34.405364 33.555379 33.089217 33.31618 34.260752 35.566601 36.756789 37.533792 37.917598 38.215305 38.752437 39.573508 40.634664 42.187482 44.545817 47.63727 51.07172 54.438391 57.433505 59.862344 61.647041 62.900666 64.038319 65.716789 68.403514 71.991826 75.995067 79.949291 83.572848 86.748623 89.462034 91.730224 93.579801 95.116437 96.555667 98.102083 99.849776 101.80616 103.93284 106.15305 108.3452 110.34058 111.94671
44.7634 43.732638 42.633193 41.463151 40.232451 38.9709 37.737154 36.623716 35.747627 35.215357 35.065494 35.224227 35.519353 35.753998 35.78666 35.570736 35.153524 34.658473 34.263324 34.164238 34.507971 35.308731 36.419979 37.605881 38.668432 39.550434 40.346607 41.204634 42.222362 43.478382 45.107945 47.240225 49.867583 52.822918 55.859544 58.738317 61.285358 63.433124 65.257765 66.992865 68.962836 71.420873 74.411127 77.781409 81.298234 84.747947 87.978875 90.894288 93.429236 95.555358 97.319349 98.85527 100.33727 101.91804 103.68928 105.66353 107.77277 109.87943 111.80267 113.36981
43.711772 42.600478 41.388667 40.061788 38.616801 37.074861 35.500256 34.021326 32.835353 32.163022 32.133485 32.663961 33.464274 34.191303 34.612139 34.660578 34.40784 34.013837 33.687817 33.648275 34.061769 34.97033 36.264106 37.737018 39.188825 40.507499 41.68871 42.796222 43.919584 45.177424 46.727536 48.712598 51.167665 53.98499 56.963012 59.885766 62.58533 64.979028 67.089058 69.045463 71.061154 73.362823 76.090238 79.235009 82.671368 86.234741 89.773715 93.148457 96.199806 98.747844 100.67684 102.0648 103.19491 104.39914 105.90078 107.76967 109.94731 112.2746 114.50651 116.34709
42.659906 41.480248 40.164664 38.679614 36.998385 35.117123 33.085656 31.056369 29.331307 28.331959 28.390499 29.442067 30.974848 32.368119 33.233067 33.476037 33.199609 32.613684 32.005725 31.730644 32.122107 33.295431 35.06184 37.086369 39.075935 40.853418 42.349603 43.569266 44.585983 45.592629 46.916598 48.85054 51.432372 54.460912 57.663505 60.804713 63.714264 66.286242 68.485028 70.383931 72.220763 74.345794 77.011201 80.241132 83.91282 87.883404 92.035898 96.234532 100.2127 103.49067 105.57209 106.45421 106.7717 107.26824 108.36417 110.16711 112.61512 115.53357 118.57941 121.16223
41.616708 40.394419 39.003236 37.386079 35.483054 33.246572 30.680146 27.92188 25.373953 23.762187 23.823388 25.591584 28.163172 30.438732 31.815757 32.19857 31.745698 30.721458 29.49884 28.650144 28.875513 30.456902 32.969313 35.787109 38.463834 40.748802 42.508647 43.667945 44.248901 44.583857 45.446104 47.496847 50.625267 54.273252 57.984013 61.501087 64.672971 67.374104 69.490449 71.038754 72.413847 74.309813 77.117684 80.732327 84.91655 89.541252 94.589116 100.03277 105.55991 110.19111 112.52179 112.29898 111.05255 110.3738 110.89354 112.6568 115.56809 119.49684 124.07351 128.24085
