RAINFALL_MINIMUN_RP_20.tif
NCOLS 101
NROWS 90
XLLCORNER -81.15
YLLCORNER -4.25
DX 0.0099207921
DY 0.01
NODATA_VALUE -9999
[rows 26 to 51 of 90, columns 0 to 59 of 101]
116.55217 116.47701 116.40478 116.33548 116.26905 116.20543 116.14449 116.08609 116.03004 115.97609 115.92393 115.87321 115.82351 115.77434 115.72513 115.67526 115.62404 115.57071 115.51447 115.45447 115.38984 115.31975 115.24337 115.15999 115.06904 114.97017 114.86334 114.74891 114.62777 114.50146 114.37227 114.24335 114.11874 114.00331 113.90259 113.82243 113.76841 113.74519 113.75571 113.80041 113.87672 113.97883 114.09779 114.22195 114.33739 114.42826 114.47655 114.46144 114.35794 114.1353 113.75511 113.16979 112.32174 111.14409 109.56435 107.51372 104.94426 101.85193 98.284657 94.311277
116.07121 115.98868 115.90911 115.8325 115.75879 115.68792 115.61979 115.55422 115.49103 115.42994 115.37064 115.31272 115.25572 115.19909 115.14218 115.08426 115.02453 114.96207 114.89591 114.825 114.74824 114.66449 114.57267 114.4717 114.36067 114.23886 114.10587 113.96172 113.80707 113.6433 113.4728 113.29909 113.12696 112.96252 112.81307 112.68669 112.59157 112.53507 112.52247 112.55587 112.63325 112.74817 112.89003 113.04497 113.19684 113.32803 113.41945 113.4497 113.39316 113.21746 112.88059 112.32826 111.49196 110.28863 108.62376 106.40199 103.55305 100.08057 96.112286 91.808291
115.57851 115.4882 115.40089 115.31656 115.23519 115.1567 115.081 115.00793 114.93728 114.86878 114.80208 114.73676 114.67229 114.60806 114.54334 114.47732 114.40904 114.33743 114.26131 114.17942 114.09036 113.9927 113.88496 113.76568 113.63346 113.4871 113.32565 113.14865 112.95626 112.74952 112.53066 112.3034 112.07321 111.84755 111.63584 111.44911 111.29922 111.19746 111.15281 111.17003 111.2481 111.37962 111.55139 111.74602 111.94404 112.12558 112.27097 112.3597 112.36776 112.26394 112.00552 111.53443 110.77428 109.62908 107.98512 105.72056 102.73465 99.02114 94.818197 90.76856
115.07368 114.97517 114.87967 114.78719 114.69772 114.61121 114.52755 114.4466 114.36815 114.29193 114.21756 114.1446 114.07249 114.00055 113.92798 113.85384 113.77704 113.69635 113.61038 113.51759 113.41628 113.30466 113.18079 113.04272 112.88848 112.7162 112.52424 112.31135 112.07693 111.82134 111.54628 111.25531 110.95432 110.65207 110.36041 110.09418 109.87029 109.70597 109.61603 109.60968 109.68772 109.84131 110.05281 110.29886 110.55439 110.79611 111.00415 111.16093 111.24743 111.23759 111.09206 110.75287 110.1398 109.14901 107.65405 105.51186 102.58245 98.784671 94.235939 89.613839
114.55635 114.44914 114.34498 114.24388 114.14584 114.05084 113.95878 113.86953 113.7829 113.69861 113.61628 113.53545 113.45552 113.37576 113.2953 113.21309 113.1279 113.03832 112.94273 112.83931 112.72602 112.60064 112.46076 112.3038 112.12709 111.92796 111.70381 111.45233 111.1718 110.86137 110.52169 110.15553 109.76865 109.3707 108.97609 108.60429 108.27919 108.02691 107.87167 107.83041 107.90749 108.09185 108.35826 108.67279 109.0004 109.31183 109.58711 109.81453 109.98509 110.08385 110.08039 109.92122 109.52614 108.78869 107.57943 105.75087 103.14761 99.634534 95.184057 90.252876
114.02611 113.9097 113.79634 113.68608 113.57896 113.47494 113.37399 113.27598 113.18073 113.08797 112.99735 112.90838 112.82044 112.73276 112.64439 112.5542 112.46081 112.36263 112.25781 112.14423 112.01949 111.88089 111.72547 111.54996 111.35088 111.12454 110.86717 110.57506 110.24487 109.87398 109.46114 109.00738 108.51726 108.00039 107.47324 106.96051 106.49535 106.11713 105.86555 105.77141 105.84635 106.07632 106.42288 106.83303 107.25362 107.64437 107.98477 108.27326 108.51879 108.72695 108.88431 108.94652 108.83477 108.4415 107.64146 106.30351 104.3044 101.56204 98.153602 94.72084
113.48256 113.35637 113.23323 113.11324 112.99644 112.88284 112.77242 112.66511 112.56073 112.45907 112.35975 112.26232 112.16614 112.07042 111.97414 111.87609 111.77476 111.66839 111.55489 111.43183 111.29643 111.1455 110.97546 110.7823 110.56158 110.30846 110.01774 109.68397 109.30165 108.86563 108.37175 107.81789 107.20563 106.54264 105.84579 105.14462 104.48376 103.92192 103.52439 103.34749 103.41839 103.71982 104.19019 104.74183 105.28847 105.76947 106.16231 106.48201 106.76836 107.06348 107.38435 107.70116 107.93268 107.96195 107.6633 106.92863 105.69097 103.96261 101.93223 100.15873
112.92529 112.78869 112.65514 112.52476 112.39762 112.27378 112.15327 112.03602 111.92194 111.81082 111.70235 111.59607 111.49137 111.38743 111.28323 111.17745 111.06849 110.95443 110.83293 110.70129 110.55631 110.39431 110.21106 110.00175 109.76091 109.48242 109.15941 108.78436 108.34912 107.84517 107.26418 106.59905 105.8458 105.00678 104.09561 103.1439 102.20839 101.37456 100.74957 100.43758 100.49962 100.91744 101.58852 102.36121 103.0891 103.67507 104.09149 104.37914 104.62958 104.95006 105.41373 106.01445 106.65571 107.18509 107.45171 107.35452 106.87115 106.0808 105.20062 104.62279
112.35389 112.2062 112.06153 111.92003 111.78182 111.647 111.51564 111.38774 111.26327 111.14205 111.02385 110.90824 110.79465 110.68227 110.57007 110.45669 110.34044 110.21924 110.09058 109.95143 109.79824 109.62681 109.43227 109.20898 108.9504 108.64903 108.29623 107.88213 107.39548 106.82366 106.15287 105.36889 104.4588 103.41455 102.23973 100.96065 99.641913 98.401763 97.413395 96.870721 96.909596 97.520875 98.527917 99.659268 100.66094 101.37437 101.76149 101.9002 101.96501 102.18039 102.73013 103.6533 104.80875 105.95007 106.84817 107.37451 107.52565 107.4187 107.27985 107.4166
111.76796 111.60842 111.45185 111.29843 111.14831 111.00167 110.85861 110.71923 110.58354 110.45146 110.32282 110.19727 110.0743 109.95315 109.8328 109.71189 109.58866 109.46094 109.32601 109.18062 109.02083 108.84198 108.63856 108.40411 108.13106 107.81051 107.43202 106.98324 106.44961 105.81387 105.05573 104.15184 103.07662 101.80515 100.32053 98.629196 96.788564 94.946072 93.369984 92.418894 92.394216 93.328136 94.905167 96.625532 98.04914 98.924635 99.19759 98.99003 98.596283 98.449428 98.965736 100.28756 102.16301 104.12472 105.77149 106.90525 107.52191 107.76479 107.89551 108.26444
111.16709 110.9949 110.82557 110.65932 110.49637 110.33694 110.18121 110.02936 109.88148 109.73761 109.59766 109.4614 109.32841 109.198 109.06923 108.94075 108.81081 108.67715 108.53693 108.38666 108.22209 108.03813 107.82869 107.58655 107.30315 106.96828 106.56979 106.093 105.52005 104.82901 103.99272 102.97749 101.74217 100.23864 98.416827 96.240928 93.728605 91.027153 88.515965 86.835832 86.645903 88.109877 90.643238 93.308328 95.364689 96.449444 96.491492 95.641188 94.325 93.325499 93.568026 95.45996 98.476674 101.64782 104.25382 106.00714 106.9059 107.1053 106.91532 106.87928
110.55094 110.3652 110.18217 110.0021 109.82527 109.65195 109.48243 109.31696 109.15575 108.99896 108.84663 108.69867 108.55479 108.41445 108.27679 108.14056 108.00404 107.86496 107.72039 107.56667 107.39929 107.21278 107.00055 106.75469 106.46577 106.12249 105.71116 105.21512 104.61367 103.88078 102.98302 101.87688 100.50518 98.793438 96.648747 93.969214 90.684848 86.871628 82.97973 80.063559 79.494797 81.78687 85.83527 89.896911 92.814031 94.153113 93.844777 91.998866 89.081022 86.363132 85.865394 88.695922 93.643523 98.636327 102.48246 104.88393 105.88843 105.60904 104.2994 102.79639
109.91916 109.71891 109.52114 109.32615 109.13427 108.94583 108.76122 108.58079 108.4049 108.23382 108.06779 107.90689 107.751 107.59977 107.45251 107.30812 107.16497 107.02083 106.87277 106.71701 106.54885 106.36249 106.15093 105.9057 105.61667 105.27161 104.8557 104.35078 103.73415 102.97687 102.0411 100.87612 99.412275 97.552597 95.162969 92.067305 88.072229 83.092552 77.519815 72.846834 71.596764 75.008916 81.090817 86.84958 90.709332 92.303676 91.605113 88.566159 83.419432 77.850748 75.883662 80.264795 88.207559 95.600542 100.8347 103.85291 104.83738 103.75524 100.47972 95.885854
109.27145 109.05567 108.84205 108.63093 108.42268 108.21774 108.01656 107.81962 107.62743 107.44044 107.25908 107.08366 106.9143 106.75089 106.59299 106.43971 106.2896 106.14055 105.98968 105.83318 105.6662 105.48274 105.27543 105.03538 104.7519 104.41212 104.00047 103.49789 102.88069 102.11869 101.17241 99.988496 98.49244 96.57719 94.086675 90.797347 86.418934 80.698151 73.85876 67.627585 65.659522 70.070375 77.886627 84.918806 89.40306 91.156889 90.214313 86.33392 79.308432 70.818376 67.10565 73.243784 84.189022 93.58389 99.818613 103.2535 104.21256 102.4717 97.295815 88.951938
108.6076 108.37518 108.1445 107.91592 107.68988 107.46686 107.24743 107.0322 106.82181 106.61696 106.41829 106.22638 106.04167 105.86437 105.69435 105.53103 105.37325 105.21909 105.06582 104.90966 104.74571 104.5678 104.36831 104.138 103.86579 103.53838 103.13979 102.65068 102.04731 101.29995 100.3704 99.207985 97.742925 95.875628 93.46033 90.284702 86.063377 80.524706 73.831309 67.642807 65.668235 70.09497 77.845479 84.730662 89.097919 90.827231 89.963696 86.244991 79.379556 70.902921 67.137528 73.359581 84.30033 93.60228 99.803518 103.29241 104.35441 102.71658 97.588191 89.153427
107.92744 107.67722 107.42818 107.18073 106.93531 106.69248 106.4529 106.2173 105.98653 105.76148 105.54309 105.33226 105.12981 104.93635 104.7522 104.57717 104.41049 104.25059 104.09493 103.93989 103.78056 103.61068 103.42241 103.20626 102.95084 102.64258 102.26534 101.79989 101.2231 100.50687 99.616467 98.507954 97.124107 95.387895 93.193074 90.394621 86.816012 82.336598 77.220306 72.802212 71.611859 74.947717 80.733935 86.079661 89.643205 91.183108 90.692747 88.080875 83.421964 78.137094 76.229838 80.602031 88.33686 95.481507 100.68576 103.91308 105.23001 104.47343 101.41026 96.854377
107.23089 106.96165 106.69291 106.42504 106.15853 105.89398 105.63212 105.37382 105.1201 104.8721 104.63108 104.39834 104.17513 103.9626 103.7616 103.5725 103.39507 103.22818 103.06966 102.91608 102.76263 102.60296 102.42908 102.23125 101.99779 101.71495 101.3665 100.93344 100.39344 99.720319 98.883395 97.846776 96.568543 94.999912 93.085144 90.7657 88.001149 84.841693 81.612208 79.170656 78.751052 80.842294 84.422008 87.972538 90.564794 91.868995 91.827215 90.507389 88.241454 86.055975 85.768368 88.461523 93.081232 97.88725 101.90997 104.81023 106.45295 106.76504 105.88153 104.62086
106.51799 106.22848 105.93861 105.64871 105.35928 105.07092 104.78442 104.50077 104.22117 103.94701 103.67989 103.42156 103.17383 102.93848 102.71705 102.51067 102.31979 102.14392 101.98139 101.8291 101.68236 101.53477 101.37813 101.20244 100.99572 100.74397 100.43083 100.03737 99.541735 98.919004 98.141345 97.178846 96.0015 94.583123 92.908543 90.986476 88.872683 86.710825 84.792054 83.583464 83.574785 84.891526 87.08403 89.426639 91.325556 92.460059 92.749622 92.316661 91.510422 90.951487 91.389485 93.219623 96.158373 99.559563 102.83828 105.59022 107.57559 108.72546 109.20815 109.51171
105.78888 105.47784 105.16538 104.85178 104.53748 104.22307 103.90936 103.59742 103.28858 102.98452 102.68718 102.39883 102.12191 101.85898 101.61248 101.38449 101.17641 100.98862 100.82012 100.66829 100.52859 100.39456 100.25772 100.10767 99.932056 99.716508 99.444417 99.096622 98.651086 98.082785 97.364142 96.46652 95.36358 94.037636 92.490516 90.760311 88.943531 87.216544 85.839201 85.111995 85.266073 86.320817 88.017676 89.910592 91.55085 92.637635 93.079907 92.996648 92.689602 92.584329 93.112324 94.54891 96.893658 99.868165 103.03126 105.94678 108.31565 110.03699 111.21287 112.08738
105.04381 104.70999 104.37349 104.03449 103.69332 103.3505 103.00681 102.66333 102.32152 101.98325 101.65086 101.32714 101.01528 100.71878 100.4412 100.18587 99.95547 99.75157 99.574141 99.421155 99.288317 99.168979 99.054226 98.933059 98.792555 98.617874 98.392029 98.0954 97.705125 97.194584 96.533373 95.688307 94.626262 93.320091 91.759429 89.96873 88.034223 86.136719 84.572727 83.719481 83.891293 85.126782 87.09792 89.25978 91.097633 92.285332 92.725255 92.529573 91.988169 91.528921 91.657692 92.839539 95.25701 98.615978 102.30908 105.75724 108.60045 110.72203 112.20069 113.21465
104.28319 103.92539 103.56343 103.19734 102.82728 102.45363 102.07704 101.69853 101.3196 100.94227 100.56919 100.20373 99.849894 99.512302 99.195925 98.905725 98.64612 98.420332 98.229694 98.073046 97.946345 97.842598 97.752105 97.662906 97.561217 97.431616 97.25678 97.016707 96.687513 96.240039 95.638621 94.840438 93.795942 92.451242 90.754332 88.669866 86.213313 83.524046 80.987877 79.320884 79.326862 81.22628 84.315679 87.517959 90.036117 91.497142 91.828256 91.15759 89.807597 88.333102 87.528173 88.351172 91.344318 95.880535 100.76222 105.1146 108.53153 110.92421 112.41547 113.29383
103.50754 103.12464 102.7359 102.3411 101.94018 101.53327 101.12079 100.7036 100.28306 99.861252 99.441061 99.026347 98.622007 98.233947 97.868884 97.53392 97.235855 96.980268 96.770474 96.606573 96.484822 96.397556 96.333685 96.279609 96.220178 96.139252 96.019479 95.841122 95.579966 95.204595 94.673341 93.931119 92.906065 91.505702 89.613203 87.088778 83.796477 79.716519 75.256526 71.731803 71.173233 74.410196 79.775479 84.934736 88.627909 90.535818 90.704858 89.308009 86.725917 83.75127 81.500308 81.593684 85.66402 92.213186 98.836761 104.3334 108.34066 110.82591 111.93831 112.17761
102.71749 102.30852 101.89181 101.46685 101.03323 100.59073 100.13943 99.679808 99.212966 98.740803 98.266264 97.793583 97.328496 96.878342 96.45195 96.059214 95.710232 95.414009 95.176854 95.000804 94.882521 94.813108 94.779003 94.763718 94.749775 94.720045 94.657781 94.544971 94.359058 94.068414 93.62701 92.96845 91.998581 90.584751 88.538977 85.595391 81.401165 75.614061 68.399758 61.708858 59.88357 65.291793 74.252761 82.154119 87.321202 89.764828 89.781046 87.586464 83.573681 79.011918 75.792931 74.714779 80.28949 89.105886 97.401454 103.89502 108.33211 110.66721 110.86011 109.41065
101.91378 101.47795 101.03231 100.57594 100.10803 99.627866 99.134981 98.629313 98.111411 97.582722 97.045929 96.505364 95.967415 95.440869 94.937026 94.469366 94.052567 93.700709 93.424788 93.230016 93.11375 93.06496 93.065698 93.09428 93.129037 93.15118 93.145503 93.098263 92.992276 92.799935 92.475125 91.944607 91.098018 89.77307 87.729733 84.606877 79.870039 72.845529 63.270674 53.359655 49.973627 57.627534 70.106736 80.371666 86.688773 89.550632 89.505513 86.76038 81.502229 74.930788 71.75729 73.588932 79.308766 88.605539 97.416583 104.25803 108.79782 110.83008 109.89052 105.97048
101.09721 100.63398 100.15869 99.670014 99.16658 98.647048 98.110227 97.555236 96.981754 96.390362 95.783009 95.163616 94.538782 93.918514 93.316775 92.751515 92.243732 91.815119 91.48423 91.261794 91.146659 91.124284 91.169006 91.249726 91.336996 91.408763 91.452528 91.462782 91.4338 91.349 91.168986 90.820358 90.185574 89.090377 87.281077 84.38281 79.844817 72.965587 63.434384 53.444124 50.007724 57.791093 70.426302 80.788237 87.182424 90.133206 90.197001 87.555919 82.276087 75.288404 71.615123 76.465042 82.957217 91.188681 99.200613 105.61356 109.93388 111.79646 110.59387 106.27004
100.26859 99.77767 99.272393 98.750909 98.211211 97.651183 97.068699 96.461772 95.828807 95.16899 94.482857 93.773118 93.04573 92.311216 91.585985 90.8932 90.262366 89.726609 89.31695 89.05413 88.94053 88.956174 89.061927 89.20964 89.355347 89.470283 89.545822 89.590631 89.620089 89.639722 89.626585 89.514038 89.183651 88.46233 87.116838 84.838609 81.231836 75.896322 68.918246 62.234122 60.415631 66.046605 75.289718 83.419121 88.80519 91.509174 91.848532 90.017882 86.296663 81.904595 80.1269 83.144141 88.860641 95.645147 102.27504 107.82429 111.78132 113.77466 113.48418 111.35759
