RAINFALL_MAXIMUM_RP_100.tif
NCOLS 101
NROWS 90
XLLCORNER -81.15
YLLCORNER -4.25
DX 0.0099207921
DY 0.01
NODATA_VALUE -9999
[rows 0 to 25 of 90, columns 0 to 59 of 101]
275.42483 275.50374 275.58719 275.67519 275.76773 275.8648 275.9664 276.07251 276.18311 276.29819 276.41772 276.54169 276.67007 276.80283 276.93994 277.08139 277.22715 277.37718 277.53147 277.68998 277.85269 278.01958 278.19062 278.3658 278.5451 278.72849 278.91598 279.10756 279.30322 279.50297 279.70684 279.91486 280.12706 280.34353 280.56436 280.78965 281.01959 281.25435 281.4942 281.73942 281.99039 282.24753 282.51135 282.78241 283.06137 283.34895 283.64596 283.95325 284.27176 284.60244 284.94632 285.30444 285.67787 286.0677 286.47509 286.90122 287.34741 287.81508 288.30588 288.8217
274.85808 274.93253 275.01152 275.09505 275.1831 275.27567 275.37273 275.47428 275.58027 275.69069 275.80552 275.92471 276.04824 276.17607 276.30817 276.4445 276.58503 276.72971 276.87852 277.0314 277.18834 277.34928 277.51419 277.68305 277.85581 278.03244 278.21292 278.39722 278.58533 278.77721 278.97288 279.17233 279.37558 279.58268 279.79369 280.00869 280.22783 280.45127 280.67923 280.91201 281.14996 281.39349 281.64313 281.89947 282.16319 282.43508 282.71598 283.00683 283.30865 283.62248 283.94943 284.29063 284.6472 285.0203 285.41111 285.82085 286.25083 286.70255 287.17772 287.67841
274.28065 274.35047 274.42481 274.50368 274.58706 274.67493 274.76726 274.86403 274.96521 275.07076 275.18066 275.29484 275.41329 275.53595 275.66277 275.79372 275.92874 276.06778 276.21079 276.35773 276.50855 276.66319 276.8216 276.98374 277.14955 277.31899 277.492 277.66854 277.84856 278.03202 278.2189 278.40915 278.60278 278.79977 279.00017 279.20402 279.41142 279.6225 279.83746 280.05656 280.28012 280.50858 280.74243 280.9823 281.2289 281.48306 281.74571 282.01785 282.3006 282.59511 282.90257 283.22421 283.56122 283.91481 284.28617 284.67649 285.08704 285.51927 285.97489 286.45605
273.69235 273.75734 273.82685 273.90087 273.97938 274.06235 274.14975 274.24154 274.33769 274.43816 274.54289 274.65185 274.76497 274.8822 275.00348 275.12877 275.25799 275.39109 275.528 275.66866 275.81301 275.96098 276.11251 276.26752 276.42596 276.58775 276.75281 276.92109 277.0925 277.26698 277.44446 277.62488 277.80818 277.99432 278.18329 278.3751 278.56979 278.76744 278.96822 279.17233 279.38008 279.59188 279.80822 280.02973 280.25715 280.49138 280.7334 280.98432 281.24536 281.5178 281.80295 282.10213 282.41665 282.74773 283.09655 283.46424 283.85195 284.26094 284.69277 285.14951
273.09296 273.15293 273.21742 273.28639 273.35983 273.4377 273.51996 273.60657 273.69747 273.79263 273.89198 273.99545 274.103 274.21455 274.33003 274.44937 274.5725 274.69934 274.82982 274.96387 275.10139 275.24232 275.38656 275.53404 275.68466 275.83834 275.99498 276.15448 276.31674 276.48165 276.64912 276.81904 276.99131 277.16583 277.34254 277.52139 277.70236 277.88549 278.07085 278.25862 278.44905 278.6425 278.83947 279.04057 279.24659 279.45845 279.67722 279.90414 280.14053 280.38784 280.64753 280.92107 281.20986 281.51518 281.8382 282.17991 282.54122 282.92309 283.32669 283.75376
272.48225 272.53701 272.59628 272.66001 272.72818 272.80074 272.87765 272.95886 273.0443 273.13392 273.22765 273.32541 273.42713 273.53273 273.64212 273.75523 273.87197 273.99224 274.11596 274.24303 274.37337 274.50686 274.64341 274.78292 274.92528 275.07037 275.21808 275.36827 275.52082 275.67558 275.83241 275.99116 276.15167 276.3138 276.47741 276.64237 276.8086 276.97605 277.14473 277.31474 277.48626 277.65959 277.8352 278.0137 278.19586 278.38267 278.5753 278.77509 278.98355 279.20229 279.43299 279.67731 279.93681 280.21287 280.50661 280.81888 281.15023 281.50109 281.872 282.26398
271.86 271.90936 271.9632 272.02149 272.08418 272.15123 272.22258 272.29817 272.37793 272.46178 272.54964 272.64144 272.73707 272.83645 272.93949 273.04607 273.1561 273.26948 273.38609 273.50583 273.62859 273.75424 273.88268 274.01378 274.1474 274.28342 274.42168 274.56203 274.70429 274.8483 274.99386 275.14075 275.28879 275.43773 275.58737 275.73751 275.88796 276.03858 276.18928 276.34006 276.491 276.64235 276.79448 276.94798 277.10363 277.26245 277.42571 277.59488 277.77168 277.95795 278.15564 278.3667 278.59293 278.83586 279.09665 279.37594 279.67384 279.99005 280.32404 280.67563
271.22598 271.26973 271.31794 271.37057 271.42758 271.48891 271.55448 271.62423 271.69807 271.77592 271.85769 271.94327 272.03256 272.12545 272.22183 272.32158 272.42459 272.53073 272.63989 272.75192 272.86671 272.98411 273.104 273.22622 273.35063 273.47706 273.60534 273.73528 273.86668 273.99931 274.13294 274.26731 274.40212 274.53709 274.67192 274.80629 274.93992 275.07254 275.20394 275.33398 275.46264 275.59002 275.71644 275.84238 275.96863 276.09622 276.22649 276.36111 276.502 276.65133 276.8114 276.98455 277.17296 277.37845 277.60229 277.84499 278.10616 278.3845 278.67803 278.98461
270.57994 270.61787 270.66024 270.70702 270.75813 270.81352 270.87309 270.93678 271.00448 271.07609 271.1515 271.23061 271.31329 271.39941 271.48884 271.58146 271.67712 271.77569 271.87701 271.98095 272.08736 272.19608 272.30696 272.41983 272.53452 272.65084 272.76858 272.88754 273.00747 273.1281 273.24915 273.37028 273.49114 273.61135 273.7305 273.84818 273.96394 274.0774 274.18817 274.29596 274.40057 274.50197 274.6003 274.69596 274.78966 274.88244 274.97572 275.07132 275.17145 275.27865 275.3957 275.52549 275.67075 275.83381 276.01628 276.21865 276.44006 276.67806 276.92872 277.1871
269.92163 269.95353 269.98986 270.03055 270.07556 270.12478 270.17814 270.23553 270.29685 270.36199 270.43081 270.50318 270.57897 270.65804 270.74023 270.8254 270.91337 271.004 271.09713 271.19258 271.29018 271.38977 271.49117 271.59418 271.69862 271.80428 271.91092 272.01829 272.12613 272.23411 272.3419 272.44909 272.55526 272.65992 272.76256 272.86262 272.95952 273.05267 273.14151 273.22553 273.30433 273.37764 273.44543 273.50793 273.5657 273.61976 273.67155 273.72308 273.77684 273.83584 273.90348 273.98338 274.07909 274.19378 274.32969 274.48765 274.66651 274.86264 275.06979 275.27925
269.25079 269.27644 269.3065 269.34091 269.37958 269.42242 269.46933 269.5202 269.57491 269.63332 269.69529 269.76068 269.82931 269.90104 269.97568 270.05307 270.13302 270.21535 270.29988 270.38642 270.47479 270.56477 270.65619 270.74883 270.84247 270.93688 271.03181 271.12698 271.22207 271.31673 271.41056 271.50311 271.59385 271.68219 271.7675 271.84906 271.9261 271.99785 272.06349 272.12227 272.1735 272.21664 272.25137 272.27767 272.29592 272.30698 272.31231 272.31403 272.31495 272.31862 272.32917 272.35122 272.38949 272.44839 272.53136 272.64007 272.77357 272.92734 273.09261 273.25609
268.56715 268.58633 268.6099 268.63779 268.6699 268.70614 268.74638 268.7905 268.83835 268.8898 268.94467 269.0028 269.064 269.12809 269.19487 269.26415 269.33572 269.40938 269.48492 269.56212 269.64078 269.72068 269.80159 269.88329 269.96555 270.04811 270.13069 270.21299 270.29466 270.3753 270.45447 270.53164 270.60621 270.67747 270.74464 270.80685 270.86313 270.91244 270.9537 270.98583 271.00781 271.01872 271.01786 271.00487 270.97979 270.94327 270.89663 270.84206 270.78267 270.72256 270.66677 270.62115 270.59201 270.58559 270.60724 270.66036 270.74506 270.85669 270.98431 271.10962
267.87041 267.8829 267.89976 267.9209 267.94623 267.97563 268.00897 268.0461 268.08687 268.1311 268.17861 268.22922 268.28271 268.33887 268.39748 268.45832 268.52115 268.58575 268.65188 268.7193 268.78777 268.85706 268.92691 268.9971 269.06735 269.1374 269.20696 269.27568 269.3432 269.4091 269.47286 269.53391 269.59154 269.64497 269.69324 269.73531 269.76996 269.7959 269.81171 269.81592 269.80708 269.7838 269.7449 269.6895 269.61718 269.5282 269.4236 269.30551 269.17721 269.04337 268.91002 268.78453 268.67522 268.59089 268.53978 268.52824 268.55888 268.62834 268.72473 268.82522
267.1603 267.16585 267.17576 267.18994 267.20825 267.23059 267.25679 267.28669 267.32013 267.3569 267.3968 267.43962 267.48511 267.53305 267.58317 267.63523 267.68896 267.74411 267.80039 267.85756 267.91534 267.97348 268.0317 268.08974 268.14732 268.20416 268.25995 268.31434 268.36694 268.4173 268.46487 268.50901 268.54895 268.58378 268.61242 268.6336 268.64588 268.64764 268.63707 268.61226 268.57123 268.51201 268.43276 268.33194 268.20847 268.06197 267.89301 267.70339 267.49643 267.27721 267.05279 266.8322 266.62631 266.44722 266.3073 266.2175 266.185 266.21009 266.28234 266.37635
266.43648 266.43487 266.4376 266.44457 266.45564 266.47067 266.4895 266.51194 266.5378 266.56687 266.5989 266.63366 266.67088 266.71029 266.75161 266.79455 266.8388 266.88408 266.93009 266.97652 267.02309 267.0695 267.11546 267.16068 267.20488 267.24776 267.28898 267.32822 267.36505 267.39901 267.42953 267.45593 267.47738 267.49286 267.50114 267.50076 267.49 267.46691 267.42924 267.37456 267.30026 267.20363 267.08203 266.93303 266.75464 266.54556 266.30555 266.03577 265.73923 265.42118 265.08952 264.75506 264.43151 264.13513 263.88378 263.69505 263.5835 263.55653 263.60906 263.71715
265.69865 265.68962 265.68493 265.68444 265.68803 265.69552 265.70674 265.72149 265.73954 265.76065 265.78456 265.811 265.83967 265.87026 265.90245 265.93592 265.97032 266.00533 266.0406 266.0758 266.1106 266.14467 266.17771 266.2094 266.23943 266.26751 266.2933 266.31646 266.33658 266.3532 266.36574 266.3735 266.37559 266.37092 266.35813 266.33556 266.30123 266.25279 266.18755 266.10245 265.99414 265.85907 265.69357 265.49408 265.25737 264.98089 264.66313 264.30415 263.90613 263.47401 263.01615 262.54489 262.07697 261.63345 261.23906 260.92041 260.70289 260.60565 260.63468 260.77388
264.94645 264.92976 264.91739 264.90922 264.90507 264.90479 264.90816 264.91497 264.92496 264.93787 264.95341 264.97127 264.99111 265.01259 265.03534 265.05899 265.08317 265.10748 265.13155 265.155 265.17745 265.19855 265.21796 265.23533 265.25036 265.26273 265.27211 265.27817 265.28053 265.27874 265.27224 265.26033 265.24212 265.21645 265.18186 265.13651 265.07816 265.00407 264.91104 264.79534 264.65279 264.47879 264.26847 264.01685 263.71911 263.37098 262.96913 262.51189 261.99987 261.43693 260.83113 260.19576 259.55025 258.92075 258.34004 257.84616 257.47931 257.27626 257.26164 257.43616
264.17954 264.15492 264.13462 264.1185 264.10638 264.09807 264.09336 264.09199 264.09369 264.09816 264.10508 264.1141 264.12484 264.13692 264.14992 264.16342 264.17699 264.19019 264.20259 264.21375 264.22325 264.23071 264.23572 264.23795 264.23704 264.23268 264.22456 264.21238 264.19577 264.17435 264.14759 264.11485 264.07524 264.02761 263.97042 263.90171 263.81897 263.71911 263.59837 263.45233 263.27586 263.06317 262.80796 262.50353 262.14307 261.72003 261.22865 260.66465 260.02613 259.31471 258.53693 257.70582 256.84253 255.97786 255.15315 254.41992 253.83743 253.46687 253.36119 253.54995
263.39753 263.36471 263.33622 263.31189 263.29155 263.27497 263.26193 263.25214 263.24531 263.2411 263.23916 263.23909 263.24047 263.24287 263.24582 263.24883 263.25142 263.25309 263.25334 263.25167 263.24761 263.24071 263.23053 263.21669 263.19883 263.17663 263.14979 263.11805 263.08109 263.03861 262.99017 262.9352 262.8729 262.80217 262.72146 262.62874 262.52129 262.3957 262.24767 262.07201 261.86259 261.61231 261.3132 260.95654 260.53309 260.03346 259.44866 258.77081 257.99423 257.11678 256.14167 255.07969 253.95175 252.79167 251.64865 250.58872 249.69391 249.05736 248.77226 248.91286
262.60002 262.55872 262.52176 262.48897 262.46014 262.43504 262.41342 262.39498 262.37938 262.36626 262.35522 262.34582 262.3376 262.33005 262.32266 262.31487 262.30612 262.29585 262.28347 262.26842 262.25016 262.22816 262.20193 262.17105 262.13513 262.09384 262.0469 261.99409 261.93518 261.86996 261.79812 261.71925 261.63268 261.53745 261.43209 261.31457 261.18207 261.03088 260.85623 260.65218 260.41152 260.12573 259.78499 259.37825 258.89343 258.31768 257.63794 256.84161 255.9177 254.85835 253.66101 252.3313 250.88663 249.36053 247.80735 246.30654 244.96501 243.91508 243.30428 243.27296
261.78659 261.73653 261.69082 261.64928 261.61169 261.57782 261.54738 261.52004 261.49544 261.47319 261.45282 261.43387 261.4158 261.39806 261.38005 261.36116 261.34073 261.31811 261.29265 261.26367 261.23056 261.19269 261.14953 261.10056 261.04536 260.9836 260.915 260.83939 260.75665 260.6667 260.5694 260.46456 260.35176 260.23024 260.09876 259.95539 259.79734 259.62071 259.42033 259.18956 258.92011 258.60197 258.22333 257.77055 257.22831 256.57974 255.80684 254.8911 253.81453 252.56123 251.11984 249.48687 247.67141 245.7012 243.63013 241.54643 239.5804 237.90839 236.74753 236.33287
260.9568 260.89767 260.84291 260.79233 260.74573 260.70282 260.6633 260.62683 260.593 260.56138 260.53147 260.50275 260.47462 260.44646 260.41759 260.38731 260.35489 260.31956 260.28056 260.23713 260.18851 260.13401 260.07296 260.00479 259.929 259.84523 259.75322 259.65284 259.54407 259.427 259.30175 259.16839 259.02685 258.87672 258.71713 258.54644 258.36203 258.15999 257.93488 257.67945 257.38439 257.03819 256.62694 256.13426 255.54128 254.82661 253.96657 252.93557 251.70691 250.25416 248.55355 246.58765 244.35084 241.85709 239.15044 236.31817 233.50603 230.93282 228.89776 227.76641
260.11018 260.04165 259.97753 259.91763 259.86171 259.80949 259.76065 259.71479 259.67151 259.63031 259.59066 259.55197 259.51358 259.47479 259.43484 259.39294 259.34824 259.29986 259.24692 259.18852 259.12377 259.05185 258.97197 258.88342 258.78564 258.67818 258.56079 258.43336 258.296 258.14899 257.99272 257.82765 257.65417 257.4724 257.28199 257.08184 256.86972 256.64195 256.39303 256.11524 255.79839 255.42948 254.99254 254.46835 253.83429 253.06417 252.12808 250.9924 249.62018 247.97202 246.00807 243.69149 240.9943 237.90637 234.44864 230.69146 226.77872 222.95752 219.60929 217.26574
259.24624 259.16796 259.09416 259.02462 258.95909 258.89728 258.83884 258.78336 258.73039 258.67941 258.62982 258.58097 258.53214 258.48255 258.43135 258.37762 258.3204 258.25869 258.19144 258.11761 258.03615 257.94605 257.84637 257.73625 257.61498 257.48202 257.33705 257.18 257.01106 256.83072 256.63972 256.43897 256.22945 256.01201 255.7871 255.55438 255.31238 255.05793 254.78575 254.48793 254.15354 253.76827 253.31408 252.76897 252.1066 251.29587 250.30043 249.07815 247.58074 245.75388 243.53825 240.87227 237.69745 233.96785 229.6652 224.82158 219.55192 214.09926 208.89841 204.6565
258.36443 258.27606 258.19222 258.1127 258.03725 257.96555 257.89725 257.8319 257.76901 257.70804 257.64832 257.58916 257.52975 257.46922 257.40662 257.34091 257.271 257.19573 257.11388 257.02423 256.92552 256.81653 256.69612 256.56321 256.4169 256.2565 256.08156 255.89198 255.68803 255.47038 255.24014 254.99875 254.74797 254.48956 254.22506 253.95532 253.68 253.39688 253.10131 252.78551 252.43806 252.04347 251.58182 251.02841 250.35337 249.52095 248.48861 247.20582 245.61273 243.63905 241.2037 238.21594 234.57947 230.20118 225.00709 218.96858 212.14109 204.71872 197.11913 190.14818
257.46422 257.36536 257.27112 257.18127 257.09556 257.01366 256.9352 256.85971 256.78668 256.71551 256.6455 256.57587 256.50576 256.43419 256.3601 256.28232 256.19962 256.11064 256.01398 255.9082 255.7918 255.66331 255.5213 255.36443 255.19153 255.00165 254.79417 254.56885 254.32597 254.06634 253.79142 253.50329 253.20456 252.89822 252.58725 252.27416 251.96027 251.64495 251.32468 250.99226 250.6361 250.23972 249.78141 249.23397 248.56429 247.73257 246.69092 245.38139 243.73348 241.6614 239.06171 235.81228 231.77396 226.79757 220.73998 213.49431 205.03744 195.48982 185.17988 174.79469
