RAINFALL_MAXIMUM_RP_10.tif
NCOLS 101
NROWS 90
XLLCORNER -81.15
YLLCORNER -4.25
DX 0.0099207921
DY 0.01
NODATA_VALUE -9999
[rows 26 to 51 of 90, columns 0 to 59 of 101]
127.00269 126.92922 126.8594 126.79325 126.73074 126.6718 126.61635 126.56424 126.5153 126.46927 126.42587 126.38471 126.34538 126.30735 126.27005 126.23281 126.19489 126.15549 126.11374 126.06872 126.01948 125.96507 125.90455 125.83707 125.76189 125.67848 125.58654 125.48618 125.37793 125.26292 125.14295 125.02057 124.89913 124.78271 124.67594 124.58372 124.51065 124.46049 124.43533 124.43502 124.45659 124.49407 124.5386 124.57873 124.6008 124.5891 124.5256 124.38914 124.15415 123.7889 123.25383 122.50006 121.46883 120.09272 118.30041 116.02778 113.23897 109.95556 106.27163 102.31552
126.48603 126.4051 126.3279 126.25446 126.18476 126.11875 126.05635 125.99742 125.94177 125.88916 125.83926 125.79169 125.74597 125.70154 125.65774 125.61382 125.56893 125.52213 125.47237 125.41857 125.35953 125.29405 125.22092 125.13897 125.04713 124.94451 124.83049 124.70485 124.5679 124.42063 124.26489 124.10358 123.9407 123.78143 123.63198 123.49924 123.39016 123.31086 123.26555 123.25552 123.27829 123.32736 123.39241 123.46008 123.51482 123.53947 123.51512 123.42011 123.22808 122.90542 122.40836 121.68044 120.65065 119.23343 117.3324 114.85273 111.73133 107.996 103.83856 99.556918
125.95598 125.86712 125.78208 125.70089 125.62355 125.55003 125.48026 125.41411 125.3514 125.29187 125.2352 125.18097 125.12867 125.07769 125.0273 124.97665 124.92477 124.87058 124.81286 124.75027 124.6814 124.60472 124.51869 124.42175 124.3124 124.18928 124.0513 123.89774 123.72848 123.54418 123.34655 123.13864 122.92506 122.71218 122.5081 122.32236 122.16513 122.04606 121.97264 121.94848 121.97199 122.03581 122.12733 122.23018 122.32599 122.39589 122.42073 122.3799 122.24862 121.9941 121.57134 120.91919 119.9574 118.5852 116.6831 114.12277 110.7977 106.70239 102.10415 97.79638
125.41206 125.31477 125.22137 125.13192 125.04645 124.96494 124.88734 124.81353 124.74335 124.67654 124.61277 124.55162 124.49254 124.43487 124.37781 124.32043 124.26163 124.20016 124.1346 124.0634 123.98482 123.89702 123.79804 123.68584 123.55839 123.41374 123.25012 123.06613 122.86093 122.63455 122.38822 122.12484 121.84939 121.56938 121.29509 121.03941 120.81705 120.64288 120.52956 120.48461 120.508 120.59103 120.7172 120.86492 121.01113 121.13434 121.21578 121.2381 121.1815 121.01808 120.7057 120.18259 119.36356 118.1382 116.37093 113.90518 110.5796 106.27569 101.03725 95.411605
124.85381 124.74751 124.6452 124.54693 124.45277 124.36273 124.27677 124.19481 124.1167 124.0422 123.97098 123.90261 123.83653 123.77203 123.70825 123.64416 123.57855 123.51 123.43689 123.35739 123.26946 123.17086 123.05915 122.93176 122.78601 122.61918 122.42864 122.21203 121.96747 121.69391 121.39163 121.06281 120.71229 120.34839 119.98365 119.63509 119.32358 119.07188 118.90094 118.82504 118.84719 118.95661 119.12998 119.33644 119.54443 119.72773 119.86841 119.95545 119.97909 119.92228 119.75134 119.40846 118.80791 117.83605 116.35317 114.19579 111.18111 107.12331 101.89836 95.847964
124.28072 124.16482 124.05297 123.94526 123.8418 123.74261 123.6477 123.55703 123.47046 123.38778 123.3087 123.23277 123.15942 123.08793 123.01737 122.94665 122.8744 122.79907 122.71882 122.63153 122.53482 122.42602 122.30219 122.16011 121.99632 121.80722 121.58908 121.33828 121.05147 120.726 120.36047 119.95548 119.5148 119.04672 118.5656 118.09309 117.65829 117.29565 117.03975 116.91699 116.93658 117.08482 117.32648 117.61379 117.89945 118.14826 118.34309 118.48365 118.57812 118.62954 118.6206 118.50216 118.1899 117.56977 116.50804 114.86105 112.48601 109.27172 105.26904 101.19264
123.6923 123.56612 123.44405 123.32621 123.21274 123.10372 122.99919 122.89915 122.80352 122.71211 122.62467 122.54076 122.45984 122.38116 122.30376 122.22647 122.14782 122.06609 121.97923 121.88485 121.78019 121.66214 121.52718 121.37139 121.19047 120.97972 120.73414 120.4485 120.11756 119.73638 119.30094 118.80906 118.26188 117.66596 117.03603 116.39805 115.79123 115.26712 114.88281 114.68702 114.70225 114.91143 115.25836 115.66434 116.05297 116.37188 116.60382 116.76572 116.89632 117.03425 117.19157 117.3329 117.37164 117.1859 116.64512 115.6357 114.08446 112.00082 109.59169 107.50056
123.08805 122.95085 122.8178 122.68906 122.56481 122.44517 122.33025 122.2201 122.11468 122.01388 121.91748 121.82511 121.73622 121.65009 121.56575 121.48195 121.39716 121.30949 121.21668 121.11608 121.00457 120.87855 120.7339 120.56597 120.3695 120.13862 119.86683 119.54703 119.17159 118.73258 118.22229 117.63413 116.96431 116.21472 115.39725 114.53971 113.69204 112.92939 112.34566 112.0314 112.03829 112.34744 112.86558 113.45685 113.99162 114.38599 114.62006 114.73702 114.82642 114.99029 115.29472 115.72635 116.1829 116.50863 116.55165 116.21221 115.47238 114.42276 113.30718 112.56936
122.46746 122.31845 122.17357 122.03307 121.89715 121.76601 121.63981 121.51867 121.40263 121.29165 121.18558 121.08412 120.98677 120.89284 120.80137 120.7111 120.62041 120.52731 120.42934 120.32358 120.20654 120.07418 119.92176 119.74385 119.53421 119.28572 118.99027 118.63863 118.22042 117.72406 117.13703 116.44644 115.64067 114.71249 113.665 112.52141 111.33868 110.22084 109.31977 108.8045 108.79149 109.26825 110.07455 110.96777 111.72285 112.20183 112.37711 112.32869 112.22714 112.28852 112.68567 113.44692 114.42381 115.36765 116.05154 116.35288 116.27834 115.96151 115.65382 115.69537
121.83005 121.66833 121.51071 121.35748 121.20891 121.06526 120.92676 120.79362 120.66596 120.54386 120.42724 120.3159 120.20945 120.10724 120.00836 119.91157 119.8152 119.71718 119.61488 119.50515 119.38417 119.24742 119.08959 118.90448 118.68487 118.42237 118.10721 117.72798 117.27133 116.72158 116.0605 115.26722 114.31903 113.19397 111.87727 110.37484 108.73751 107.09508 105.68281 104.81363 104.74754 105.50568 106.80324 108.19523 109.29179 109.87224 109.89417 109.47961 108.9155 108.62165 108.99657 110.16503 111.86443 113.62603 115.0535 115.95668 116.34232 116.37053 116.32881 116.60194
121.17535 120.99994 120.82857 120.66155 120.49921 120.3419 120.18992 120.0436 119.90316 119.76879 119.64055 119.51836 119.40196 119.29081 119.18408 119.08058 118.97867 118.8762 118.77046 118.65805 118.53487 118.39598 118.23551 118.04654 117.82093 117.54907 117.21962 116.81908 116.33116 115.73609 115.0096 114.12185 113.0366 111.71171 110.10361 108.18153 105.96186 103.57463 101.35247 99.8543 99.650303 100.87215 102.99577 105.19112 106.80397 107.51256 107.25475 106.17521 104.6883 103.55721 103.67834 105.42839 108.26633 111.22336 113.58852 115.08114 115.70468 115.62469 115.17876 114.96829
120.5029 120.31276 120.12651 119.94451 119.76717 119.59489 119.42809 119.2672 119.11259 118.96459 118.82341 118.68916 118.56172 118.44072 118.32548 118.21491 118.10743 118.00091 117.89254 117.77879 117.65528 117.51672 117.35673 117.16773 116.94074 116.66509 116.32808 115.91433 115.40509 114.77695 114.00022 113.03655 111.83591 110.33347 108.44867 106.09364 103.20899 99.863285 96.451241 93.891145 93.369409 95.314834 98.745362 102.12936 104.44879 105.31423 104.65173 102.55457 99.471827 96.651311 96.067087 98.771226 103.52854 108.27982 111.8492 113.9406 114.59204 113.90589 112.15089 110.2631
119.8123 119.6063 119.40395 119.20566 119.01191 118.82319 118.64003 118.46298 118.29256 118.12928 117.97356 117.82571 117.68582 117.55377 117.42907 117.31079 117.1975 117.08712 116.97685 116.86305 116.74115 116.60553 116.44936 116.26451 116.04128 115.76813 115.43122 115.01381 114.49531 113.84978 113.04372 112.03265 110.75597 109.12974 107.0383 104.33027 100.84026 96.498148 91.648369 87.587599 86.493062 89.41115 94.586117 99.409083 102.50289 103.52857 102.42718 99.119862 93.821171 88.194524 86.194285 90.464837 98.190873 105.30274 110.21861 112.87303 113.4142 111.75752 107.73757 102.34519
119.1032 118.88011 118.66033 118.44433 118.23262 118.02581 117.82452 117.62944 117.4413 117.26078 117.08855 116.92518 116.77107 116.62635 116.49084 116.36386 116.24419 116.12991 116.01827 115.90561 115.7872 115.65715 115.5083 115.332 115.11797 114.85396 114.52536 114.11455 113.59994 112.95448 112.14328 111.11972 109.81936 108.15018 105.97853 103.11348 99.307803 94.348023 88.434026 83.059611 81.364602 85.136836 91.778831 97.666337 101.26711 102.39429 101.02288 96.868348 89.707528 81.206427 77.515018 83.54743 94.239453 103.31711 109.20481 112.24147 112.69503 110.24901 104.05146 94.425465
118.37533 118.13385 117.89521 117.65991 117.42854 117.20177 116.98035 116.76512 116.55699 116.35689 116.16578 115.98453 115.8139 115.65442 115.50626 115.36912 115.24208 115.12347 115.0107 114.90013 114.78697 114.66512 114.52709 114.3638 114.16449 113.91637 113.60431 113.21027 112.71246 112.08412 111.29141 110.29016 109.02036 107.39716 105.2971 102.5409 98.888188 94.112162 88.359477 83.056035 81.366471 85.129075 91.677254 97.411346 100.90188 102.01416 100.73086 96.747071 89.757177 81.282313 77.544335 83.651699 94.329433 103.31352 109.17238 112.26791 112.82732 110.4861 104.33956 94.627022
117.62849 117.36723 117.1082 116.85192 116.59901 116.35022 116.10641 115.86858 115.63783 115.41538 115.2025 115.00046 114.81045 114.63347 114.4702 114.32082 114.18486 114.06101 113.94694 113.83913 113.73276 113.62158 113.49778 113.35193 113.17279 112.94714 112.65948 112.29162 111.82208 111.22528 110.4702 109.51847 108.32106 106.81313 104.90639 102.48131 99.393473 95.547426 91.174112 87.408941 86.38836 89.190533 94.030914 98.439755 101.25905 102.25549 101.38466 98.525508 93.738029 88.419438 86.489062 90.737611 98.243947 105.11362 110.01576 112.89344 113.77286 112.44001 108.63006 103.27622
116.86258 116.58011 116.29908 116.01999 115.74351 115.47042 115.2017 114.93847 114.68208 114.43401 114.19591 113.9695 113.7565 113.55853 113.37689 113.21243 113.06526 112.93461 112.81852 112.71371 112.61539 112.51714 112.41088 112.28675 112.13307 111.93615 111.68015 111.34675 110.91483 110.36008 109.65464 108.7667 107.66022 106.29468 104.62569 102.60901 100.21832 97.50503 94.749568 92.672934 92.301719 94.031717 96.990121 99.884986 101.91322 102.7744 102.40195 100.85026 98.438703 96.168782 95.804012 98.371583 102.81053 107.40184 111.18103 113.79487 115.088 114.9741 113.60662 111.90101
116.07765 115.77248 115.46775 115.16395 114.86172 114.56186 114.26542 113.97366 113.68813 113.41061 113.14316 112.88802 112.64757 112.42415 112.21989 112.03649 111.8749 111.73506 111.61556 111.51346 111.42405 111.34078 111.2552 111.15696 111.03383 110.87158 110.65391 110.36215 109.97513 109.46912 108.81804 107.9945 106.97189 105.72832 104.25358 102.56091 100.70677 98.823504 97.164478 96.121416 96.095118 97.179607 98.988521 100.89786 102.38685 103.16706 103.16649 102.50672 101.53089 100.84438 101.17078 102.88128 105.68415 108.93122 112.02834 114.557 116.26768 117.09463 117.22959 117.20461
115.27386 114.94449 114.61434 114.28383 113.95353 113.62425 113.29703 112.97324 112.65459 112.34319 112.0415 111.75237 111.47892 111.22441 110.99202 110.78457 110.60412 110.4516 110.32642 110.2261 110.14607 110.07957 110.01769 109.94943 109.86184 109.74001 109.56693 109.32332 108.98729 108.5343 107.93761 107.16973 106.20562 105.02877 103.64145 102.08018 100.43572 98.871166 97.622098 96.954492 97.066603 97.967274 99.419372 101.01661 102.34793 103.13812 103.31026 102.98989 102.48079 102.20751 102.59904 103.92741 106.18328 109.06774 112.11247 114.85952 117.0018 118.44609 119.31306 119.86041
114.45151 114.09645 113.73916 113.37991 113.01917 112.65764 112.29635 111.93668 111.58047 111.23007 110.8884 110.55893 110.24566 109.95295 109.68533 109.44707 109.24175 109.07169 108.93742 108.83715 108.76651 108.71842 108.68326 108.64912 108.60206 108.52629 108.404 108.21497 107.936 107.54041 106.99791 106.27545 105.33988 104.16337 102.73359 101.07085 99.254081 97.453144 95.950967 95.111198 95.237359 96.362065 98.159148 100.09572 101.67571 102.59106 102.75743 102.29585 101.50425 100.82315 100.78045 101.86446 104.25257 107.60328 111.25068 114.57805 117.21479 119.05524 120.20272 120.85519
113.61109 113.22891 112.84278 112.45277 112.05917 111.66252 111.26368 110.86397 110.46527 110.07009 109.68175 109.30438 108.94293 108.60312 108.29112 108.01314 107.77485 107.58053 107.43231 107.32942 107.26774 107.23967 107.23448 107.23885 107.23747 107.21344 107.14811 107.02043 106.80577 106.47448 105.99057 105.31086 104.38518 103.1583 101.57577 99.59807 97.234465 94.616495 92.121958 90.460156 90.42802 92.237054 95.17763 98.176599 100.44906 101.63455 101.66901 100.68676 99.018935 97.239781 96.190141 96.908587 99.95974 104.61064 109.54161 113.81751 117.01913 119.07209 120.14172 120.5882
112.75321 112.34259 111.92602 111.50333 111.07452 110.63983 110.19988 109.75576 109.30921 108.86282 108.42014 107.98592 107.56615 107.16808 106.79995 106.47055 106.18837 105.96053 105.79157 105.68223 105.62872 105.62258 105.65124 105.69913 105.7489 105.78222 105.77984 105.72048 105.57884 105.32277 104.91012 104.28537 103.37607 102.08877 100.30505 97.882789 94.682886 90.68171 86.281513 82.7871 82.209332 85.356481 90.558909 95.497847 98.929115 100.54104 100.38071 98.62066 95.646652 92.261265 89.611356 89.528487 93.806741 100.66455 107.45887 112.91864 116.67034 118.68604 119.15991 118.75411
111.87866 111.43841 110.98998 110.53285 110.06662 109.59111 109.10651 108.61351 108.11349 107.60885 107.1032 106.60173 106.11142 105.64121 105.20189 104.80557 104.46471 104.19061 103.99142 103.87029 103.824 103.84259 103.91042 104.00815 104.1151 104.21104 104.27655 104.29156 104.23214 104.06585 103.74627 103.20683 102.35327 101.05291 99.117865 96.282922 92.196966 86.520439 79.41824 72.820422 71.011161 76.306052 85.048199 92.680692 97.554287 99.678425 99.338399 96.743319 92.295853 87.281034 83.418742 81.87956 87.984429 97.347144 105.92156 112.40079 116.51835 118.18888 117.34257 114.68023
110.98831 110.51748 110.03602 109.54295 109.03736 108.51852 107.98596 107.43971 106.88051 106.31021 105.73211 105.15149 104.57612 104.01666 103.48683 103.00305 102.58334 102.24511 102.0023 101.86207 101.82219 101.87031 101.9855 102.14191 102.31321 102.47616 102.61187 102.70394 102.73357 102.67244 102.47436 102.0664 101.3388 100.13028 98.202698 95.198611 90.590362 83.714706 74.316029 64.579054 61.252168 68.750806 80.935444 90.878939 96.878078 99.411249 99.005139 95.854887 90.17396 83.292329 79.921436 80.698618 87.000035 96.844679 105.94114 112.76066 116.92663 118.12519 115.71749 109.76415
110.08315 109.58106 109.0657 108.53557 107.98912 107.42486 106.84148 106.238 105.61417 104.97075 104.31018 103.63725 102.95993 102.29035 101.6454 101.04687 100.52038 100.09264 99.786876 99.617199 99.583616 99.669941 99.846185 100.07503 100.3201 100.55292 100.7559 100.92013 101.03815 101.09296 101.04567 100.82386 100.31129 99.335515 97.645812 94.87261 90.474304 83.762667 74.435284 64.648469 61.281317 68.891741 81.211725 91.246374 97.330911 99.971254 99.700313 96.688428 91.027709 83.772507 80.044584 84.550737 91.099336 99.635721 107.84347 114.20996 118.1579 119.19046 116.50308 110.09971
109.16419 108.63047 108.08075 107.51292 106.92467 106.31359 105.67723 105.01333 104.32007 103.59658 102.84358 102.06436 101.26615 100.46162 99.670566 98.921027 98.248877 97.69471 97.297081 97.082713 97.056622 97.196913 97.458017 97.782245 98.115133 98.418487 98.676617 98.893927 99.084107 99.252945 99.378934 99.397345 99.191731 98.591151 97.365336 95.210528 91.738439 86.557695 79.754266 73.225726 71.445852 76.935078 85.925536 93.782848 98.904554 101.34229 101.39872 99.262727 95.231666 90.584318 88.66233 91.625906 97.422527 104.37358 111.11133 116.60254 120.25646 121.61303 120.27928 116.88877
