RAINFALL_MEAN_RP_20.tif
NCOLS 101
NROWS 90
XLLCORNER -81.15
YLLCORNER -4.25
DX 0.0099207921
DY 0.01
NODATA_VALUE -9999
[rows 52 to 77 of 90, columns 0 to 59 of 101]
124.6647 124.06342 123.44481 122.80619 122.14455 121.45652 120.73844 119.98653 119.19708 118.36687 117.49396 116.57875 115.62569 114.64571 113.65907 112.69835 111.80982 111.05095 110.48148 110.14723 110.0614 110.19276 110.46972 110.80101 111.10359 111.32583 111.45866 111.5327 111.60153 111.7128 111.87365 112.02353 112.0276 111.69189 110.78823 109.07726 106.34299 102.51018 97.994622 94.295343 93.837689 97.680819 103.91922 109.88682 114.18777 116.49934 116.90987 115.6534 113.22298 110.76686 110.16132 112.60328 117.53019 123.72293 130.06221 135.68212 139.98983 142.60367 143.44247 143.21596
123.62333 122.99021 122.33741 121.66162 120.95894 120.2249 119.45438 118.64171 117.78074 116.86521 115.88937 114.84915 113.74425 112.58143 111.37931 110.17452 109.02729 108.02238 107.25883 106.82348 106.75346 107.00736 107.46826 107.9822 108.41084 108.67255 108.76121 108.74443 108.74173 108.87964 109.22919 109.75221 110.2924 110.62051 110.5047 109.7727 108.36368 106.40282 104.3306 103.00181 103.4139 105.90815 109.73642 113.69291 116.88202 118.89608 119.68662 119.46032 118.67494 118.07123 118.5364 120.65035 124.35093 129.11494 134.26855 139.17309 143.32836 146.43955 148.51536 150.01672
122.56672 121.90237 121.21628 120.50448 119.76221 118.98384 118.16271 117.29107 116.35998 115.3594 114.27863 113.10716 111.83682 110.46561 109.00464 107.48867 105.98958 104.62692 103.56206 102.95859 102.9081 103.36063 104.12029 104.92104 105.52848 105.80887 105.75447 105.48394 105.22194 105.2369 105.72418 106.68451 107.89676 109.01996 109.74381 109.89367 109.47472 108.68802 107.92979 107.7294 108.55815 110.55198 113.38204 116.4281 119.0852 120.96839 121.97129 122.25056 122.19 122.33546 123.25818 125.35074 128.6689 132.93662 137.68231 142.39864 146.66838 150.24929 153.13095 155.55284
121.49468 120.80002 120.08194 119.3359 118.55634 117.73653 116.86831 115.9418 114.94512 113.86411 112.68219 111.38067 109.94019 108.34426 106.58741 104.69052 102.72612 100.84937 99.313029 98.420295 98.383545 99.156942 100.40498 101.66193 102.53522 102.81037 102.46723 101.68162 100.83173 100.44007 100.95906 102.47355 104.60559 106.75188 108.40699 109.32156 109.5064 109.19451 108.80526 108.86938 109.85171 111.9055 114.7512 117.81847 120.52266 122.46452 123.49408 123.70074 123.4064 123.208 123.95383 126.28837 130.12477 134.90776 140.06718 145.1452 149.81104 153.87718 157.30929 160.21621
120.40647 119.68262 118.9342 118.15621 117.34243 116.48518 115.57497 114.60002 113.54569 112.39379 111.12172 109.70174 108.10088 106.28279 104.21466 101.88507 99.3422 96.758611 94.500851 93.109158 93.051369 94.327582 96.352352 98.310534 99.571983 99.819926 99.002939 97.327193 95.353358 94.040556 94.391922 96.698366 100.22026 103.7964 106.56905 108.17068 108.59001 108.06328 107.10038 106.55039 107.38221 110.00059 113.83353 117.83912 121.17731 123.39204 124.30848 123.93037 122.46262 120.6493 120.4031 123.46482 128.942 135.24479 141.53777 147.43163 152.72157 157.30025 161.12703 164.23452
119.30076 118.54891 117.77199 116.96467 116.12027 115.23043 114.28463 113.26965 112.16869 110.96026 109.61663 108.1018 106.36933 104.36082 102.00839 99.249216 96.070152 92.611641 89.338479 87.13894 86.969885 88.978966 92.144239 95.077648 96.849243 97.057684 95.596924 92.606822 88.760505 85.679052 85.514913 89.06406 94.764452 100.35956 104.49974 106.74883 107.07888 105.63616 102.94011 100.45126 100.55175 104.46483 110.63579 116.68036 121.27195 123.99955 124.77617 123.56881 120.42558 115.93542 113.67149 118.39549 126.44461 134.79139 142.56656 149.48588 155.48128 160.53097 164.57775 167.56849
118.17546 117.39674 116.59315 115.75922 114.88805 113.9709 112.9967 111.95139 110.81692 109.5699 108.17947 106.60432 104.78838 102.65554 100.1055 97.018478 93.292797 88.971674 84.536639 81.258966 80.846086 83.755695 88.304153 92.325349 94.624926 94.798801 92.672947 88.164446 81.808035 75.963309 74.82069 80.230805 88.984609 97.056669 102.66718 105.50169 105.5474 102.68679 97.088391 90.820549 89.179003 95.521361 105.81323 114.97781 121.27746 124.69401 125.43295 123.57905 119.37072 113.76539 110.32233 115.99699 125.08639 134.82921 143.83871 151.63782 158.1963 163.52396 167.47409 169.80115
117.02771 116.22299 115.39433 114.53632 113.6421 112.70288 111.70751 110.6418 109.48753 108.22111 106.81141 105.21636 103.37775 101.21364 98.608958 95.410073 91.446798 86.65336 81.435896 77.290817 76.617171 80.22673 85.794576 90.520135 93.12675 93.291382 90.787299 85.254116 76.852097 68.339187 66.133626 73.418928 84.941739 94.973994 101.6462 104.89817 104.7349 100.70466 92.333122 81.790964 77.870944 87.154382 101.95841 114.09253 121.88101 125.92639 126.77975 124.66969 120.01195 114.41177 111.64626 116.60497 125.88651 136.31749 145.9513 154.17731 160.94569 166.20755 169.60786 170.52755
115.85383 115.02353 114.17091 113.29087 112.37678 111.42016 110.41017 109.33309 108.1715 106.90322 105.49957 103.92265 102.12092 100.02227 97.524614 94.4881 90.748992 86.222976 81.253086 77.252155 76.597418 80.107479 85.454996 89.94206 92.418873 92.616913 90.302124 85.048947 76.870377 68.386419 66.160781 73.522484 85.071043 95.105054 101.84985 105.24622 105.24065 101.29561 92.834943 82.012115 77.958602 87.611223 102.98486 115.59516 123.74209 128.07234 129.17837 127.28905 122.57989 115.82399 111.98903 118.61706 129.17616 139.73126 149.2136 157.27441 163.84179 168.76033 171.52708 171.45299
114.6493 113.79318 112.91702 112.01618 111.08454 110.11413 109.09474 108.01347 106.85425 105.59723 104.21793 102.68595 100.96281 98.998582 96.727539 94.066521 90.931842 87.323651 83.57404 80.737493 80.390769 82.975392 86.905439 90.311325 92.29334 92.575475 90.968359 87.239516 81.607539 76.11967 75.069436 80.523308 89.238836 97.343896 103.2241 106.5308 107.09244 104.58779 98.99565 92.419305 90.747887 97.900525 109.45555 119.8076 127.0847 131.31608 132.7994 131.72319 128.38263 124.02847 122.50564 127.31761 135.91336 145.08716 153.57439 160.96086 167.06609 171.67109 174.42448 175.22461
113.40886 112.52578 111.62551 110.70406 109.75599 108.77404 107.74874 106.66808 105.51731 104.27882 102.93228 101.45506 99.822875 98.010978 95.996405 93.764063 91.325588 88.773412 86.398643 84.811655 84.735197 86.283843 88.662116 90.871857 92.307468 92.714764 91.980153 90.084831 87.374842 85.104703 85.306721 88.921615 94.635635 100.48183 105.24885 108.41117 109.72509 109.10207 106.90567 104.68593 105.2648 110.24924 117.92965 125.55084 131.58797 135.59589 137.5489 137.59372 136.18447 134.5165 134.70491 138.24873 144.40118 151.54872 158.62962 165.11717 170.71621 175.20296 178.44304 180.65608
112.1265 111.21425 110.28808 109.34488 108.38008 107.38726 106.35771 105.28014 104.14051 102.92234 101.60754 100.17813 98.619251 96.923963 95.100488 93.1828 91.245811 89.426505 87.946345 87.100792 87.138957 88.043078 89.454844 90.886145 91.963806 92.505794 92.481524 91.98433 91.310812 91.094301 92.15811 94.897415 98.885571 103.26103 107.26053 110.39318 112.41733 113.34731 113.57678 114.03356 115.95465 119.9866 125.5596 131.46742 136.70172 140.68147 143.16549 144.21754 144.28184 144.25248 145.27545 148.09656 152.57788 158.04775 163.84811 169.50385 174.68234 179.15948 182.85363 185.86002
110.79561 109.85063 108.89529 107.92758 106.94407 105.93937 104.90558 103.83179 102.70383 101.50456 100.21486 98.815883 97.293102 95.642881 93.882315 92.062336 90.281721 88.694591 87.497741 86.883714 86.960877 87.672855 88.779266 89.945149 90.897314 91.533702 91.919162 92.213892 92.638796 93.498357 95.132857 97.726587 101.14509 104.98244 108.74886 112.0419 114.64765 116.59765 118.20208 120.01933 122.6702 126.50612 131.38452 136.7626 141.95751 146.33613 149.43849 151.16616 151.94567 152.57429 153.82551 156.15113 159.60225 163.94248 168.81717 173.86114 178.74834 183.22481 187.13414 190.35728
109.40915 108.42628 107.43667 106.43971 105.43351 104.41406 103.37448 102.30413 101.18798 100.00636 98.735566 97.349553 95.823464 94.139758 92.29826 90.33174 88.327902 86.45435 84.969572 84.178199 84.288058 85.228471 86.620148 87.977083 88.975153 89.594107 90.060964 90.650003 91.539839 92.882353 94.89756 97.753479 101.37325 105.4219 109.45969 113.11066 116.16995 118.65599 120.8248 123.13188 126.10291 130.11485 135.20254 141.03578 147.03161 152.42551 156.34498 158.32022 158.97869 159.51194 160.63171 162.55735 165.35644 168.99797 173.30788 178.00196 182.75738 187.263 191.23936 194.45094
107.95985 106.93201 105.90077 104.86736 103.83192 102.79252 101.74392 100.67614 99.573081 98.411426 97.160114 95.780626 94.228433 92.456259 90.421006 88.099188 85.521786 82.845757 80.461236 79.025054 79.156445 80.82039 83.168808 85.181409 86.315635 86.685377 86.873956 87.432656 88.441934 89.840173 91.988391 95.327166 99.736406 104.62862 109.3856 113.57352 116.96698 119.54562 121.54161 123.5293 126.37212 130.77756 136.80408 143.96197 151.58448 158.76318 163.90469 165.57789 165.13095 165.07201 165.97178 167.57164 169.92501 173.16952 177.22621 181.83502 186.66712 191.36482 195.51995 198.71395
106.44057 105.35844 104.27545 103.19512 102.12047 101.05266 99.989325 98.922343 97.835415 96.70171 95.48182 94.122054 92.552861 90.68711 88.419383 85.632782 82.235459 78.283169 74.268024 71.456897 71.472439 74.544859 78.779534 82.002846 83.274925 82.959256 82.392416 82.850673 83.994996 84.925736 86.653027 90.64513 96.507621 102.87713 108.74511 113.60447 117.20484 119.42159 120.37653 120.90692 122.88658 127.96831 135.85777 145.17312 154.93032 164.29826 171.03182 171.91816 169.65058 169.15604 170.07179 171.36571 173.37516 176.47378 180.56028 185.33132 190.47488 195.67865 200.51436 204.26693
104.84482 103.69652 102.54825 101.40636 100.27768 99.168058 98.080009 97.009571 95.942498 94.850282 93.686373 92.382574 90.844681 88.945559 86.514167 83.324138 79.106932 73.682702 67.444938 62.344159 61.854758 67.069094 74.191359 79.117834 80.442794 78.824459 76.765427 77.388216 79.352668 78.88957 79.147055 84.230536 92.416703 100.79067 107.97362 113.52553 117.20849 118.68755 117.69504 115.20497 115.1683 121.51259 132.54211 144.58494 156.07936 166.42895 173.55463 174.06139 171.6296 171.96852 173.1005 173.90513 175.72085 178.99793 183.383 188.49088 194.0884 200.05958 206.25026 211.88872
103.16746 101.93838 100.70728 99.483756 98.279573 97.107233 95.97713 94.893189 93.847225 92.812778 91.739392 90.547759 89.124534 87.313477 84.898105 81.574059 76.929729 70.538374 62.523972 55.188055 53.932825 61.137668 70.926636 77.309617 78.620383 75.603256 71.574908 72.492929 76.264953 73.523105 71.798096 78.62363 89.311224 99.441596 107.65391 113.71309 117.41322 118.18196 115.19496 109.20318 106.64254 114.66044 129.05416 143.1985 155.13965 164.55212 170.36066 171.78668 172.05356 173.82132 174.66291 175.03467 177.19899 181.05467 185.90615 191.3589 197.29871 203.82628 211.16801 218.85127
101.40576 100.07859 98.742691 97.410814 96.100602 94.833572 93.632029 92.513365 91.481801 90.518859 89.574825 88.563281 87.35838 85.790708 83.634697 80.582956 76.223174 70.117508 62.348383 55.152132 53.91589 61.050942 70.74495 77.114702 78.503717 75.575423 71.576771 72.504722 76.311064 73.558774 71.819235 78.739279 89.589879 99.898396 108.27704 114.46533 118.21935 118.91311 115.68173 109.36615 106.6891 114.82161 129.20578 142.95225 153.98076 162.12081 167.3217 170.18728 172.38092 174.28697 174.81478 175.73981 178.76468 183.26401 188.47945 194.08216 200.00754 206.35019 213.22754 219.96157
99.56057 98.116015 96.64899 95.174454 93.716142 92.306835 90.985827 89.792021 88.751961 87.864435 87.086349 86.325892 85.445701 84.2718 82.59876 80.185504 76.759187 72.114832 66.555024 61.879866 61.482465 66.532858 73.468737 78.425817 79.998942 78.661033 76.762901 77.477102 79.554188 79.158007 79.482341 84.81348 93.415667 102.27505 109.93648 115.8859 119.78513 121.17308 119.70742 116.56045 116.21686 122.71296 133.69056 144.81019 154.1385 161.30367 166.45703 170.13005 172.91965 174.81229 175.95302 177.8735 181.46257 186.192 191.44803 196.93026 202.51317 208.11098 213.51195 218.00606
97.637708 96.056073 94.428447 92.769437 91.107396 89.487505 87.971626 86.63143 85.531662 84.704259 84.121683 83.684018 83.230483 82.570971 81.520174 79.921231 77.670967 74.80281 71.723896 69.55002 69.805512 72.834622 77.047078 80.507212 82.254982 82.457713 82.29361 83.055148 84.48343 85.677336 87.686966 92.104586 98.571675 105.66542 112.29554 117.85708 121.96924 124.36077 125.08618 125.16711 126.89101 132.02239 139.77404 148.13355 155.75756 162.14116 167.2499 171.28278 174.43732 176.82987 178.92081 181.62106 185.39122 189.98536 195.01946 200.22867 205.41199 210.34417 214.72274 218.20013
95.64911 93.913259 92.095471 90.204956 88.270004 86.34616 84.522135 82.916945 81.659201 80.843717 80.47702 80.444306 80.529607 80.485358 80.11058 79.301039 78.071866 76.584155 75.201113 74.511562 75.106273 77.072999 79.800881 82.429349 84.380601 85.606017 86.555242 87.765506 89.36394 91.315142 94.022849 98.009772 103.21216 109.04486 114.85141 120.11648 124.48385 127.78003 130.14584 132.23235 135.11227 139.56621 145.43652 151.94281 158.3449 164.20059 169.32883 173.70558 177.37189 180.46145 183.337 186.50099 190.24471 194.55268 199.28032 204.25224 209.24634 213.97602 218.13795 221.55668
93.613179 91.713192 89.681387 87.513333 85.227504 82.881141 80.5883 78.530543 76.939965 76.031376 75.889432 76.378432 77.165706 77.863693 78.187424 78.034153 77.483094 76.761361 76.20212 76.178346 76.978995 78.654627 80.956895 83.456241 85.764992 87.726864 89.456236 91.190026 93.113772 95.389308 98.26607 101.98496 106.56661 111.76111 117.16735 122.37527 127.0651 131.08007 134.49623 137.65898 141.08698 145.20839 150.12792 155.63902 161.40183 167.09845 172.49749 177.44622 181.84717 185.6891 189.11736 192.42043 195.9097 199.81572 204.24344 209.14992 214.33683 219.46997 224.14937 228.05179
91.553437 89.49288 87.237977 84.759353 82.049593 79.148113 76.178637 73.391297 71.174381 69.967577 70.037088 71.235023 73.000449 74.657677 75.738044 76.09523 75.851171 75.302432 74.845457 74.901774 75.8017 77.642592 80.230687 83.180104 86.099993 88.749383 91.08428 93.201476 95.270719 97.534896 100.31199 103.88282 108.32468 113.45911 118.94395 124.40733 129.54626 134.18067 138.28049 141.97826 145.562 149.4086 153.82772 158.91503 164.55241 170.51987 176.58703 182.51903 188.03069 192.79407 196.6068 199.6418 202.46312 205.71631 209.82339 214.89931 220.7927 227.11325 233.22346 238.30157
89.494358 87.297291 84.836668 82.045894 78.870874 75.301185 71.43055 67.553639 64.261439 62.387303 62.601144 64.799842 67.994226 70.963396 72.92823 73.684147 73.411101 72.499642 71.493653 71.07482 71.894669 74.190445 77.612979 81.526979 85.368433 88.783994 91.62076 93.874217 95.691525 97.470182 99.866633 103.44483 108.26542 113.95297 120.02686 126.08977 131.85565 137.11966 141.72965 145.62718 149.01282 152.43948 156.5222 161.5547 167.4951 174.17008 181.39483 188.92007 196.2357 202.42449 206.55275 208.65933 210.01852 212.10541 215.76736 221.25529 228.48606 237.08322 246.11704 253.78778
87.453524 85.170203 82.55916 79.507876 75.897219 71.63054 66.709217 61.39664 56.475329 53.372652 53.558236 57.138131 62.365829 67.08077 70.079346 71.149737 70.5794 68.859923 66.690329 65.161671 65.631308 68.658007 73.434179 78.771542 83.825786 88.116727 91.379633 93.463254 94.420769 94.923113 96.483205 100.35613 106.30228 113.26815 120.43989 127.40815 133.96562 139.92268 144.98673 148.82999 151.59408 154.30718 158.11256 163.38786 169.98612 177.73233 186.57331 196.41677 206.63017 215.33102 219.88661 219.92565 218.4663 218.60128 221.606 227.69988 236.89202 249.08454 263.34525 276.3892
