RAINFALL_MINIMUN_RP_100.tif
NCOLS 101
NROWS 90
XLLCORNER -81.15
YLLCORNER -4.25
DX 0.0099207921
DY 0.01
NODATA_VALUE -9999
[rows 52 to 77 of 90, columns 0 to 59 of 101]
137.94959 137.38686 136.81217 136.22359 135.61893 134.99577 134.35146 133.68332 132.98868 132.26532 131.51184 130.7285 129.91833 129.08862 128.2528 127.43213 126.65625 125.96108 125.38229 124.9444 124.64885 124.46736 124.34655 124.22361 124.04618 123.78853 123.4587 123.09476 122.74929 122.46266 122.23142 121.9842 121.57757 120.81233 119.45792 117.27441 114.04752 109.71204 104.72157 100.67156 100.12528 104.1829 110.79988 117.12988 121.67185 124.05715 124.34848 122.76641 119.84579 116.95653 116.44092 119.75962 126.05723 133.82886 141.91229 149.48383 156.0141 161.17543 164.80206 167.07588
136.93054 136.34156 135.73931 135.12144 134.48521 133.82747 133.14465 132.43283 131.68782 130.90541 130.08182 129.21452 128.30356 127.35379 126.37784 125.3999 124.45881 123.60787 122.90699 122.40462 122.11356 121.99415 121.95946 121.90369 121.73882 121.42308 120.97437 120.46867 120.02102 119.74437 119.69159 119.80723 119.9234 119.8071 119.23016 118.03017 116.16248 113.7773 111.35306 109.79561 110.14833 112.75447 116.80664 121.0125 124.4037 126.52781 127.31915 126.99831 126.08469 125.45054 126.15956 128.89587 133.55932 139.53921 146.10618 152.59306 158.47416 163.40161 167.24245 170.15564
135.89443 135.2796 134.65043 134.00419 133.33758 132.64674 131.92713 131.1735 130.37993 129.53985 128.64641 127.69311 126.67522 125.59232 124.45274 123.28007 122.1212 121.05168 120.16983 119.56924 119.29077 119.28111 119.39585 119.45338 119.3031 118.87176 118.1835 117.36453 116.62866 116.22007 116.30274 116.84826 117.61763 118.26674 118.49421 118.14248 117.24083 116.0224 114.92257 114.50962 115.27893 117.36057 120.3852 123.66965 126.54635 128.58703 129.6705 129.97095 129.92502 130.16463 131.36081 133.97987 138.09382 143.39302 149.351 155.40002 161.05524 165.98803 170.06747 173.37709
134.84043 134.20029 133.5451 132.87176 132.17653 131.45485 130.70127 129.90926 129.07109 128.1777 127.2187 126.18268 125.05822 123.83636 122.5158 121.11253 119.67512 118.30238 117.14889 116.39038 116.13243 116.31049 116.68158 116.9334 116.81352 116.1956 115.09712 113.69669 112.35169 111.54433 111.67341 112.77307 114.43672 116.05928 117.15024 117.48134 117.08883 116.24114 115.40918 115.18775 116.09294 118.27826 121.40105 124.79728 127.80086 129.9634 131.11772 131.36295 131.05959 130.88804 131.83537 134.66959 139.30871 145.11799 151.44168 157.74632 163.6257 168.80867 173.1687 176.72637
133.76722 133.10239 132.42222 131.72336 131.00168 130.2521 129.46838 128.64288 127.76627 126.82714 125.81161 124.70305 123.4822 122.12868 120.62557 118.97081 117.20043 115.42637 113.8732 112.85495 112.61573 113.09557 113.88281 114.44782 114.39094 113.5127 111.79505 109.43508 106.96049 105.26994 105.27669 107.18181 110.20084 113.17894 115.28448 116.1711 115.84356 114.56682 112.92228 111.89452 112.60326 115.48361 119.81782 124.36561 128.1566 130.68134 131.75104 131.36794 129.74789 127.71922 127.48586 131.09801 137.55427 145.02974 152.56445 159.70008 166.17329 171.8131 176.50622 180.21003
132.67291 131.98399 131.27992 130.55722 129.81155 129.03744 128.22813 127.37518 126.46809 125.49367 124.43528 123.27182 121.97672 120.51753 118.85807 116.96811 114.8508 112.60357 110.51218 109.08987 108.84292 109.75971 111.15055 112.15362 112.19663 111.00852 108.48976 104.74949 100.41907 97.041781 96.624423 99.802102 104.94867 109.84293 113.18353 114.5491 113.89919 111.3744 107.56823 104.20258 104.0663 108.51817 115.63575 122.59421 127.87114 131.02916 131.99619 130.73821 127.27705 122.21417 119.63183 125.1041 134.4222 144.13684 153.28116 161.52593 168.77295 174.96928 180.00534 183.72309
131.55499 130.84239 130.11538 129.37048 128.60326 127.80814 126.9781 126.10432 125.17573 124.17829 123.09399 121.89929 120.56312 119.04437 117.29049 115.24187 112.85556 110.17943 107.51357 105.58142 105.2766 106.706 108.7887 110.25346 110.3977 108.91942 105.59611 100.28544 93.482307 87.466941 86.20951 91.283439 99.405341 106.65208 111.32462 113.10685 111.9248 107.58106 100.25803 92.4229 90.30153 97.677058 109.63677 120.2218 127.47756 131.45594 132.44358 130.5527 126.01076 119.75526 115.76174 122.34898 132.7251 143.89271 154.35398 163.56614 171.4866 178.13635 183.36586 186.79386
130.41027 129.6741 128.92479 128.15901 127.37245 126.55958 125.71344 124.82526 123.88405 122.87598 121.78338 120.58319 119.24456 117.72539 115.96827 113.89951 111.44449 108.59748 105.61891 103.33697 102.9646 104.73763 107.24211 108.93324 109.09981 107.46054 103.68324 97.325563 88.518556 79.955359 77.764222 84.72625 95.530115 104.6342 110.27323 112.36419 110.80665 104.9931 94.359761 81.528032 76.825671 87.686151 104.8571 118.81498 127.74137 132.43705 133.60449 131.53602 126.68227 120.80134 117.98494 123.25673 133.53415 145.31955 156.40896 166.09062 174.30616 181.04911 186.02741 188.52493
129.23485 128.47473 127.70327 126.91743 126.11316 125.28521 124.42688 123.52978 122.58352 121.5753 120.48932 119.30576 117.99904 116.53512 114.86783 112.93687 110.6782 108.08118 105.36472 103.27158 102.92779 104.54045 106.7686 108.21485 108.27332 106.69361 103.12816 97.069807 88.505762 79.991696 77.786293 84.805685 95.61434 104.71189 110.42335 112.66117 111.26543 105.54489 94.835813 81.73903 76.908521 88.107226 105.7766 120.13516 129.36873 134.33798 135.79986 134.05739 129.30963 122.37642 118.42836 125.48672 137.02315 148.85099 159.72964 169.22717 177.25494 183.68183 188.03736 189.50571
128.02416 127.23907 126.44491 125.63906 124.8179 123.97659 123.10885 122.2068 121.2608 120.25943 119.18939 118.03552 116.7805 115.40439 113.88396 112.19374 110.31634 108.28367 106.28821 104.83547 104.58849 105.59105 106.97626 107.83552 107.72095 106.4152 103.66584 99.182216 93.148201 87.528557 86.371348 91.455819 99.504462 106.77169 111.71518 113.97329 113.31157 109.33447 102.03976 93.920504 91.757819 99.841844 112.87705 124.44886 132.53551 137.28436 139.11667 138.28494 135.09363 130.79966 129.38274 134.6398 144.09734 154.41438 164.20022 172.96448 180.48801 186.5265 190.66997 192.62971
126.77293 125.96102 125.14271 124.31595 123.47769 122.62362 121.74791 120.84313 119.90018 118.90856 117.85694 116.73404 115.53018 114.23926 112.86165 111.40864 109.91121 108.44011 107.14363 106.27155 106.0605 106.45207 107.0322 107.3469 107.11638 106.18948 104.45256 101.85826 98.711625 96.182073 96.141461 99.371523 104.51991 109.66671 113.63839 115.91287 116.23293 114.5116 111.19207 108.07321 108.34109 113.69202 122.05606 130.30009 136.78056 141.10413 143.33634 143.68145 142.59363 141.24518 141.7935 145.87341 152.83108 161.02873 169.33196 177.14734 184.12941 190.00851 194.58459 197.98243
125.47532 124.63371 123.78868 122.93891 122.08212 121.21461 120.33104 119.4242 118.48498 117.50277 116.46635 115.36554 114.19388 112.95266 111.65622 110.33828 109.05767 107.90012 106.97047 106.36628 106.12612 106.17346 106.31997 106.34875 106.10397 105.52128 104.61059 103.45856 102.3235 101.76834 102.51883 104.88272 108.39531 112.19687 115.53551 117.93044 119.15599 119.26364 118.72552 118.59671 120.23541 124.28587 130.02677 136.08544 141.39144 145.41591 148.02827 149.37659 149.89991 150.42402 152.05967 155.59664 160.96092 167.49745 174.51819 181.50233 188.07752 193.99469 199.16983 203.74175
124.12494 123.24953 122.37381 121.4975 120.61926 119.73627 118.84372 117.93443 116.99864 116.02423 114.99758 113.90536 112.73761 111.49262 110.18354 108.84659 107.54772 106.38178 105.45504 104.84837 104.57522 104.55718 104.63407 104.6236 104.41509 104.02785 103.58641 103.25351 103.21326 103.71269 105.02825 107.28706 110.31416 113.6813 116.89211 119.55299 121.47672 122.74193 123.72422 125.05021 127.3772 131.025 135.75307 140.91076 145.77624 149.80652 152.75376 154.71731 156.12249 157.59155 159.75746 163.05607 167.5801 173.11682 179.30011 185.73704 192.08131 198.08678 203.65815 208.81884
122.71506 121.80021 120.88818 119.97996 119.07556 118.17342 117.26956 116.3569 115.42457 114.45771 113.43779 112.34393 111.15535 109.85575 108.44026 106.92605 105.36751 103.87368 102.61555 101.79132 101.51719 101.69679 102.02234 102.15684 101.94673 101.50959 101.14373 101.12017 101.56422 102.56774 104.30459 106.89826 110.22066 113.89222 117.45029 120.52179 122.92889 124.73956 126.27702 128.0636 130.65341 134.37208 139.12064 144.40933 149.56986 153.96509 157.17822 159.28968 160.93304 162.78117 165.20521 168.4205 172.56905 177.63892 183.43388 189.64473 195.94184 202.03983 207.74034 212.96756
121.23877 120.27707 119.32097 118.37312 117.43547 116.50836 115.58937 114.67201 113.74449 112.7886 111.77926 110.68457 109.46692 108.08525 106.50015 104.68534 102.65429 100.51517 98.551253 97.237382 96.990796 97.703592 98.670213 99.130928 98.786496 97.925366 97.219223 97.192416 97.807876 98.910939 100.84552 104.02856 108.262 112.87636 117.21023 120.82392 123.51218 125.30178 126.5118 127.84369 130.25964 134.40178 140.06243 146.41937 152.56434 157.66361 161.00364 162.70141 164.12851 166.17895 168.77806 171.96726 176.01909 181.03298 186.84084 193.14231 199.61114 205.91593 211.70036 216.64876
119.6893 118.67125 117.66069 116.66244 115.68115 114.7201 113.77967 112.85531 111.93528 110.99861 110.01332 108.93514 107.70651 106.25562 104.49646 102.33493 99.698207 96.6291 93.499797 91.240809 90.975761 92.711486 94.904395 95.930485 95.22046 93.349457 91.78716 91.759316 92.629744 93.296214 94.862464 98.846861 104.70475 110.91795 116.41298 120.66983 123.44145 124.62825 124.45462 124.02011 125.53268 130.61413 138.40162 146.86072 154.54243 160.47638 163.65561 164.42405 165.70518 168.18871 170.79237 173.82436 178.00335 183.3663 189.56276 196.24238 203.12726 209.9379 216.24506 221.32609
118.06059 116.97426 115.89564 114.8322 113.7922 112.7834 111.81096 110.8745 109.96464 109.05949 108.12155 107.09509 105.90348 104.44514 102.58683 100.15759 96.962383 92.884284 88.240766 84.465825 83.969819 87.249786 91.307653 93.130863 91.802788 88.165557 84.958909 85.346533 87.29846 86.513017 86.59756 91.886607 100.30316 108.66547 115.5276 120.43934 123.13799 123.25375 120.57956 116.52307 115.91237 122.85091 134.45369 145.94311 155.25498 161.65298 164.39874 164.68845 166.63936 169.48402 171.23705 173.87637 178.6559 184.8791 191.7812 199.00946 206.44935 214.06027 221.66387 228.34223
116.34791 115.17881 114.01474 112.86613 111.74591 110.66823 109.64587 108.6862 107.78599 106.92591 106.06568 105.14067 104.05926 102.69821 100.89267 98.419506 94.988554 90.317568 84.544805 79.353414 78.455899 83.127882 88.869193 91.378052 89.495895 84.031314 78.638961 79.627404 83.76871 80.521008 78.564838 85.846275 96.988313 107.22999 115.17213 120.57773 123.1867 122.31821 117.10856 108.83007 105.48679 114.81385 130.61605 144.76684 155.07638 161.52079 164.41849 165.77908 168.34912 170.10805 169.97033 172.66507 178.80594 186.22289 193.87014 201.55146 209.37618 217.58949 226.44254 235.26403
114.54887 113.28007 112.00898 110.74888 109.51825 108.33982 107.23783 106.23272 105.33338 104.5284 103.77853 103.01272 102.128 100.9898 99.426984 97.217812 94.078346 89.724939 84.261233 79.283832 78.420243 82.966709 88.576232 91.083356 89.314517 83.975156 78.634974 79.630937 83.796483 80.548859 78.583342 85.95525 97.268517 107.71534 115.86303 121.43813 124.1294 123.1874 117.69611 109.03162 105.54811 115.0673 131.06367 145.20395 155.33728 161.78861 165.48492 168.03024 170.33655 170.80442 170.13951 173.40333 180.39839 188.40176 196.32184 204.04991 211.7667 219.74197 228.16495 236.19167
112.66458 111.2774 109.87369 108.46865 107.08637 105.76029 104.53093 103.43947 102.51635 101.76673 101.15729 100.61066 100.01048 99.213452 98.059686 96.375033 93.976666 90.741976 86.90366 83.693064 83.323396 86.36628 90.200147 92.104657 91.120896 87.857485 84.868033 85.352532 87.410454 86.714286 86.884362 92.429683 101.3015 110.23713 117.70021 123.13777 126.15206 126.21075 123.00998 118.19482 117.26374 124.56782 136.62777 148.14575 157.07023 163.35594 167.65032 170.7855 173.00159 173.84801 174.57441 178.13036 184.55216 192.01066 199.49218 206.76973 213.88515 220.89311 227.63767 233.27454
110.70093 109.17654 107.61188 106.02145 104.43345 102.893 101.46222 100.21382 99.215114 98.503039 98.058402 97.793753 97.56559 97.206879 96.562639 95.514006 93.99623 92.047907 89.954709 88.447868 88.480367 90.181219 92.396549 93.772596 93.683439 92.460022 91.382138 91.689566 92.861091 93.82393 95.713594 100.17683 106.74105 113.8488 120.32947 125.52742 129.01843 130.51186 130.14587 129.25314 130.58588 136.01131 144.26484 152.84615 160.28352 166.20733 170.79902 174.37301 177.06182 179.0148 181.18925 184.95313 190.45757 196.85784 203.46904 210.0008 216.33229 222.32579 227.71378 232.07648
108.66961 106.99202 105.23836 103.41749 101.55706 99.71172 97.96921 96.447878 95.276834 94.553762 94.291591 94.385882 94.634327 94.804949 94.712666 94.266526 93.483906 92.495349 91.561078 91.066137 91.369681 92.490123 93.986381 95.256323 95.926947 96.082661 96.241129 96.920366 98.160563 99.864612 102.4358 106.39209 111.61992 117.46481 123.20913 128.29069 132.32251 135.13069 136.92037 138.50024 141.12805 145.61697 151.63232 158.18924 164.47214 170.0864 174.94189 179.07392 182.54313 185.55689 188.66453 192.49239 197.20673 202.54629 208.20541 213.97075 219.65339 225.02096 229.80709 233.82998
106.58839 104.74897 102.78434 100.68957 98.482178 96.217785 94.008093 92.031748 90.51826 89.681981 89.611365 90.179585 91.06601 91.894382 92.386465 92.438426 92.115995 91.612363 91.197036 91.151589 91.677908 92.797141 94.312234 95.89622 97.273352 98.381947 99.395639 100.56655 102.06786 104.05225 106.76966 110.45111 115.08387 120.36823 125.85235 131.0867 135.729 139.62054 142.86112 145.84531 149.14229 153.18957 158.05152 163.47755 169.12295 174.70374 180.03217 184.9796 189.44857 193.43015 197.09152 200.7293 204.61235 208.90065 213.64604 218.78746 224.13989 229.40779 234.24764 238.39864
104.47956 102.48324 100.3006 97.901888 95.278764 92.468703 89.591913 86.892989 84.753096 83.60575 83.716481 84.94548 86.745987 88.454855 89.60781 90.052645 89.895428 89.407426 88.951594 88.911208 89.579617 91.028315 93.062662 95.32936 97.495815 99.385069 101.00442 102.4852 104.02914 105.92289 108.52616 112.12332 116.74414 122.13986 127.90993 133.65016 139.04678 143.91604 148.21232 152.02833 155.60434 159.30737 163.49787 168.35338 173.83061 179.76434 185.95516 192.16388 198.04842 203.16871 207.19683 210.24474 212.91059 215.9099 219.70354 224.40485 229.8505 235.66795 241.30494 246.10749
102.36569 100.23775 97.856371 95.155088 92.079463 88.617631 84.859574 81.092124 77.893022 76.079254 76.310409 78.490101 81.651512 84.595917 86.553414 87.315322 87.049948 86.133499 85.093379 84.587183 85.229394 87.217892 90.184293 93.503335 96.64203 99.284307 101.31033 102.75151 103.82488 105.06042 107.26192 111.02612 116.29438 122.53807 129.18867 135.83158 142.19989 148.10273 153.34412 157.71994 161.23822 164.39954 167.99472 172.56742 178.24795 184.94765 192.51612 200.68962 208.84186 215.77339 220.17599 221.91345 222.44029 223.52377 226.15779 230.57829 236.61988 243.85708 251.45928 257.98528
100.26173 98.053237 95.5298 92.579799 89.084964 84.948864 80.17071 75.005624 70.216318 67.197138 67.386487 70.891622 76.00637 80.614934 83.534686 84.554491 83.957196 82.233727 80.080405 78.552009 78.913681 81.650311 85.962368 90.691321 95.007265 98.432922 100.69755 101.65491 101.44852 101.03612 102.33749 106.71371 113.59361 121.57052 129.69942 137.59779 145.14325 152.21829 158.49041 163.3394 166.41934 168.59475 171.44619 175.89146 182.06112 189.87329 199.31925 210.32602 222.13613 232.35059 237.43465 236.55113 233.26299 231.41591 232.56272 236.82029 243.95617 253.65282 264.99869 275.36187
