RAINFALL_MAXIMUM_RP_50.tif
NCOLS 101
NROWS 90
XLLCORNER -81.15
YLLCORNER -4.25
DX 0.0099207921
DY 0.01
NODATA_VALUE -9999
[rows 52 to 77 of 90, columns 0 to 59 of 101]
181.77371 181.08003 180.37434 179.65423 178.91693 178.15934 177.37808 176.56957 175.73036 174.85743 173.94893 173.00522 172.0305 171.03504 170.03793 169.06981 168.17416 167.40479 166.81711 166.4526 166.32086 166.38845 166.58341 166.81585 167.00574 167.1062 167.11481 167.07045 167.03488 167.06027 167.15 167.22811 167.13252 166.63404 165.46661 163.35545 160.0585 155.50174 150.17746 145.80564 145.12177 149.2506 155.94126 162.12527 166.20983 167.82957 167.09412 164.30757 160.15098 156.22675 155.13321 158.50373 165.53949 174.52051 183.84163 192.25951 198.93865 203.35341 205.36743 205.83701
180.33518 179.60393 178.85887 178.09701 177.31482 176.50821 175.67249 174.8024 173.89228 172.93631 171.92917 170.86714 169.74998 168.58402 167.38669 166.19216 165.05652 164.05851 163.28951 162.82828 162.70534 162.87599 163.22381 163.59842 163.86694 163.95498 163.8665 163.68309 163.54107 163.58148 163.87896 164.38074 164.89769 165.15814 164.89099 163.89858 162.11668 159.69824 157.15502 155.45851 155.71758 158.27217 162.22298 166.16739 169.07537 170.49325 170.4051 169.12698 167.31632 166.01058 166.42763 169.34504 174.64972 181.58188 189.16232 196.46464 202.77105 207.66167 211.12841 213.7539
178.86858 178.09998 177.31608 176.51335 175.68755 174.83357 173.94537 173.01589 172.03698 170.99952 169.89376 168.71021 167.44151 166.08603 164.65418 163.17817 161.72426 160.40236 159.36002 158.74505 158.63593 158.97725 159.57662 160.17707 160.55433 160.58442 160.27206 159.75581 159.28968 159.17437 159.62372 160.62549 161.91175 163.07906 163.76396 163.76481 163.09236 161.98608 160.90817 160.46375 161.1743 163.16097 166.00569 168.96165 171.31607 172.63505 172.83999 172.1994 171.29496 170.93897 171.96866 174.92145 179.8002 186.12273 193.15379 200.13809 206.47222 211.81699 216.16792 219.87027
177.37271 176.56714 175.74523 174.90301 174.03557 173.1369 172.19968 171.21508 170.17245 169.05913 167.86034 166.55951 165.13948 163.58583 161.8941 160.08379 158.22112 156.44695 154.98952 154.12025 154.02335 154.64287 155.65558 156.61914 157.16078 157.07749 156.35945 155.20494 154.03785 153.44506 153.93002 155.57045 157.91177 160.24448 161.97816 162.82344 162.79634 162.17497 161.45784 161.2718 162.15262 164.24529 167.16707 170.19704 172.6192 173.96169 174.07304 173.12142 171.6201 170.53602 171.24372 174.696 180.56818 187.83376 195.55398 203.03394 209.79945 215.60522 220.45428 224.59049
175.84569 175.00361 174.14472 173.26471 172.35817 171.41835 170.43688 169.4034 168.30503 167.12586 165.8462 164.44199 162.88473 161.14308 159.18904 157.01375 154.66135 152.2863 150.21429 148.92165 148.81264 149.86557 151.53081 153.05247 153.84037 153.58757 152.23955 150.0157 147.53811 145.88656 146.18806 148.74643 152.6828 156.6428 159.62993 161.21659 161.38973 160.43118 158.95784 157.99977 158.71452 161.53608 165.69283 169.86419 173.00537 174.55098 174.27944 172.20151 168.64996 164.87638 164.0424 168.82079 177.44179 187.1662 196.63416 205.25842 212.75349 218.99444 224.00795 228.04084
174.28491 173.40671 172.51187 171.59591 170.6531 169.67622 168.65617 167.5815 166.43777 165.20662 163.86454 162.38121 160.71763 158.8249 156.64632 154.12997 151.26725 148.18277 145.28109 143.32878 143.13952 144.80905 147.40918 149.69264 150.80611 150.34749 148.17374 144.40373 139.77239 136.10764 135.84126 139.8392 146.26938 152.52232 157.03986 159.31211 159.29683 157.16234 153.54516 150.23786 150.12032 154.57945 161.59893 168.21566 172.79529 174.80854 174.09584 170.56144 164.27994 156.27113 152.36237 159.90845 172.61378 185.50416 197.18334 207.22111 215.51768 222.0359 226.7545 229.92753
172.68692 171.77273 170.84277 169.89255 168.91627 167.90652 166.85387 165.74638 164.56888 163.30191 161.92016 160.39006 158.66639 156.68794 154.37407 151.62864 148.37142 144.64422 140.8558 138.07128 137.7035 140.0916 143.76677 146.85639 148.29267 147.64345 144.64161 139.11848 131.63257 124.844 123.49546 129.63388 139.53875 148.59147 154.74989 157.63743 157.21136 153.31111 146.15488 138.2998 136.16729 143.65482 155.67297 166.01924 172.59018 175.32393 174.38184 169.78475 161.90154 152.37219 146.85968 155.70675 169.87858 184.81572 198.26149 209.46386 218.33843 224.80359 228.55526 229.58683
171.0474 170.09688 169.13215 168.14893 167.14156 166.10271 165.02303 163.89066 162.6906 161.4038 160.00561 158.46344 156.73288 154.75186 152.43328 149.66062 146.30534 142.32346 138.04924 134.68578 134.1392 137.00886 141.36195 144.88485 146.46864 145.72346 142.27369 135.60694 125.84004 116.0705 113.54811 121.81244 134.83097 146.07564 153.41096 156.7421 156.02869 150.69869 140.19803 127.2293 122.44245 133.53959 150.98133 164.86784 173.20818 176.68743 175.86594 170.91636 162.41661 152.84074 148.11244 156.14305 170.61795 186.48706 200.74344 212.4434 221.44441 227.49644 229.78322 227.50581
169.36107 168.37322 167.37338 166.35766 165.32075 164.25567 163.15343 162.00266 160.78921 159.49553 158.0998 156.57434 154.88287 152.9759 150.78406 148.21224 145.14937 141.54485 137.66841 134.58948 134.08638 136.73181 140.70347 143.88859 145.31886 144.64248 141.46192 135.18593 125.75772 116.09404 113.56675 121.87309 134.86187 146.07079 153.47574 156.9771 156.46405 151.26572 140.70907 127.46264 122.53679 134.03734 152.11761 166.57329 175.39609 179.32898 178.98758 174.52604 166.09079 154.79038 148.49694 158.96212 175.25582 191.14781 205.0416 216.40497 225.06644 230.64337 232.15367 228.68516
167.6218 166.59468 165.55842 164.50964 163.4436 162.35385 161.23189 160.06699 158.84599 157.55319 156.17038 154.67668 153.04816 151.25669 149.26806 147.04131 144.5393 141.78313 139.01645 136.96697 136.70615 138.50806 141.22735 143.49329 144.57542 144.14115 141.87551 137.42515 130.96814 124.75267 123.55599 129.66243 139.40674 148.41917 154.85968 158.30332 158.51872 155.11007 148.07049 139.96381 137.83651 146.22735 159.68383 171.47105 179.36486 183.38388 183.82731 180.84589 174.78621 167.50348 164.88667 172.162 185.11957 198.72243 211.01651 221.34957 229.40742 234.81057 237.03815 236.26369
165.82255 164.75311 163.67783 162.59412 161.49795 160.38351 159.24284 158.06564 156.83931 155.54927 154.1798 152.71551 151.14349 149.4563 147.65576 145.75828 143.8052 141.88843 140.20721 139.12658 139.05844 140.04839 141.58255 142.98375 143.77811 143.69499 142.55274 140.2688 137.17553 134.62583 134.85118 138.88352 145.24777 151.7305 156.95161 160.29552 161.46823 160.36737 157.44181 154.55516 155.04907 160.75584 169.55296 178.12624 184.66278 188.63946 190.02212 188.97997 186.1149 183.14035 183.16375 188.33913 197.41192 207.854 218.00623 227.03283 234.46234 239.96549 243.43104 245.42918
163.95554 162.83928 161.72087 160.59872 159.46975 158.32892 157.16876 155.97905 154.74683 153.45689 152.09314 150.64112 149.09205 147.44895 145.73473 144.00163 142.33912 140.87556 139.76754 139.17165 139.18944 139.78496 140.73918 141.72413 142.44474 142.7257 142.51566 141.88728 141.1352 140.92824 142.15428 145.2402 149.70565 154.57793 158.98408 162.35568 164.41511 165.1927 165.17198 165.46115 167.50886 172.03536 178.31313 184.88059 190.54405 194.65011 196.96609 197.61585 197.1842 196.86907 198.25656 202.37171 208.93961 216.89151 225.18137 233.0478 239.96466 245.60007 249.87183 252.98213
162.01231 160.84304 159.67549 158.5094 157.34299 156.17227 154.99032 153.78665 152.54689 151.25304 149.88467 148.4216 146.84856 145.16264 143.38398 141.56908 139.82287 138.29994 137.18153 136.62393 136.69728 137.33876 138.33712 139.39068 140.24548 140.81288 141.17331 141.50052 142.02443 143.06247 144.97563 147.95797 151.84871 156.17695 160.37271 163.96839 166.72351 168.69584 170.27777 172.14851 175.03824 179.32808 184.79332 190.7408 196.35551 200.95792 204.13961 205.90553 206.79152 207.73452 209.69347 213.25563 218.45012 224.868 231.91514 238.9921 245.58043 251.28764 255.86 259.05015
159.98395 158.75338 157.52834 156.31034 155.09941 153.89318 152.6857 151.46625 150.21834 148.91924 147.54029 146.04868 144.41102 142.59998 140.60534 138.45199 136.22713 134.11457 132.41664 131.50728 131.6525 132.77321 134.40799 135.97503 137.10263 137.7889 138.3211 139.02884 140.11139 141.72648 144.1142 147.45768 151.65165 156.28721 160.8361 164.85213 168.10159 170.63073 172.78694 175.16512 178.42121 182.96793 188.73902 195.21836 201.65807 207.25098 211.2645 213.47217 214.6201 215.8759 217.9831 221.25385 225.78125 231.43868 237.87271 244.5977 251.10738 256.933 261.63796 264.77915
157.86138 156.55874 155.26493 153.98379 152.71801 151.4678 150.22921 148.99204 147.73793 146.43849 145.05426 143.53444 141.81792 139.83627 137.52123 134.82358 131.75887 128.50538 125.55459 123.76619 123.96711 126.12827 129.15615 131.74474 133.21501 133.71858 133.98384 134.693 135.94271 137.64287 140.21002 144.15797 149.32431 154.98587 160.38682 164.99658 168.54165 171.01561 172.76269 174.60056 177.69134 182.85224 189.91414 197.99652 206.11857 213.27247 218.16369 220.04598 220.47592 221.50563 223.59497 226.72471 231.04245 236.54544 242.9347 249.75152 256.50669 262.70368 267.78713 271.16246
155.63582 154.24738 152.86984 151.51007 150.17452 148.86756 147.58905 146.33128 145.07553 143.78866 142.42001 140.89871 139.13109 136.99769 134.35154 131.02626 126.88365 121.97512 116.92267 113.36742 113.43115 117.44107 122.97199 127.23972 129.04734 128.83979 128.25801 128.87879 130.32321 131.49765 133.58001 138.31034 145.2049 152.61435 159.30599 164.63899 168.27604 170.05031 170.17921 169.93195 171.94689 178.25122 187.96189 198.80544 209.23115 218.19499 223.91658 224.83677 224.06388 224.84301 226.77666 229.77576 234.29929 240.24832 247.13067 254.44721 261.78737 268.76846 274.88663 279.32342
153.29948 151.80812 150.32735 148.86776 147.44099 146.05774 144.72462 143.43978 142.18758 140.93305 139.61661 138.14913 136.40621 134.21921 131.3612 127.53221 122.3758 115.64604 107.82742 101.39814 100.80981 107.51536 116.73337 123.26191 125.31579 123.6823 121.37328 122.185 124.63236 124.21598 124.57134 130.56037 140.16589 149.91575 158.12582 164.20264 167.76934 168.32749 165.5613 161.04941 160.48652 168.91694 183.17525 197.74355 210.3174 220.15541 225.81121 226.24713 225.54313 226.25095 227.32086 230.19425 235.68161 242.8197 250.66872 258.7486 266.85171 274.89196 282.72799 289.54721
150.84657 149.23153 147.62261 146.03468 144.48604 142.99657 141.58382 140.25706 139.00945 137.80952 136.59336 135.25826 133.65645 131.58465 128.76294 124.80043 119.17017 111.3223 101.39063 92.241015 90.676298 99.791078 112.30482 120.71378 122.91599 119.78385 115.21957 116.32121 120.89327 117.90623 115.94051 123.89233 136.36212 148.13683 157.53696 164.17686 167.66413 167.12774 161.46247 152.02224 148.15772 159.2793 178.44553 196.12557 209.71399 219.10265 224.06916 225.50889 226.26416 226.09293 225.27728 228.72176 236.22604 245.06812 254.02099 262.81086 271.48433 280.23471 289.29569 298.05338
148.27469 146.5117 144.74376 142.98986 141.27628 139.63529 138.101 136.70158 135.44783 134.31997 133.25592 132.14417 130.82119 129.06804 126.59672 123.01952 117.81944 110.44399 100.97235 92.138689 90.622833 99.535887 111.80486 120.15847 122.51521 119.6131 115.19028 116.29028 120.84554 117.89866 115.94437 123.94015 136.5307 148.4893 158.10235 164.93808 168.5427 167.96626 162.04098 152.22159 148.21735 159.51494 178.81384 196.31799 209.35886 218.10953 223.22992 226.03935 227.56728 226.75611 225.47968 229.70934 238.48607 248.31022 257.85079 266.9271 275.64822 284.17176 292.52332 299.77268
145.58651 143.64877 141.68512 139.71732 137.77985 135.92042 134.19671 132.66694 131.37333 130.32059 129.45622 128.66119 127.7553 126.51172 124.66745 121.92078 117.93526 112.45572 105.83476 100.24055 99.820581 106.10215 114.84585 121.35187 123.85783 122.8341 120.93586 121.87001 124.3964 124.13582 124.61436 130.78786 140.76108 151.0552 159.9039 166.59133 170.58044 171.18392 167.96303 162.72098 161.83848 170.61176 185.21802 199.46078 210.79816 218.98544 224.54437 228.25731 230.43234 230.84948 231.45027 235.91679 244.04292 253.40719 262.6845 271.51164 279.81506 287.49844 294.24695 299.31127
142.79166 140.65207 138.45196 136.21223 133.97337 131.79998 129.78098 128.02026 126.61357 125.61224 124.98553 124.60222 124.24688 123.66514 122.61332 120.89227 118.37756 115.11255 111.5828 109.11673 109.55422 113.37062 118.72581 123.30488 125.90355 126.62786 126.7741 127.84709 129.64982 131.19567 133.64548 138.82994 146.39924 154.73092 162.51036 168.94249 173.48308 175.74265 175.82336 175.2132 177.10941 183.80095 193.94917 204.65256 214.10072 221.72839 227.61876 232.06443 235.24489 237.47188 240.08685 244.85937 251.93932 260.19788 268.70043 276.98908 284.79396 291.82317 297.7228 302.28191
139.90826 137.5436 135.06656 132.49004 129.85389 127.23663 124.76415 122.60625 120.94804 119.92915 119.56663 119.70734 120.0552 120.26881 120.0719 119.32351 118.04488 116.44248 114.96192 114.30902 115.19691 117.76396 121.32158 124.8463 127.60391 129.46357 130.89331 132.51498 134.52779 136.93922 140.22669 145.00899 151.24796 158.27554 165.28853 171.6163 176.77564 180.53234 183.09732 185.39164 188.88927 194.59618 202.19025 210.53311 218.61521 225.8877 232.16794 237.46018 241.85399 245.66849 249.66639 254.69137 260.97551 268.17509 275.85604 283.67046 291.27779 298.28511 304.33266 309.35396
136.96333 134.36078 131.57471 128.5985 125.45765 122.23229 119.08294 116.26625 114.11203 112.92843 112.84258 113.67151 114.95242 116.14119 116.83442 116.88183 116.38437 115.64152 115.08711 115.19909 116.34874 118.61683 121.71154 125.09445 128.24875 130.92545 133.2162 135.39947 137.73906 140.49307 144.01302 148.61843 154.34432 160.87357 167.68093 174.22175 180.07232 185.03358 189.22586 193.13203 197.45431 202.74716 209.11166 216.23931 223.67215 231.00997 237.97985 244.4099 250.20296 255.40271 260.28767 265.2948 270.80659 277.03898 284.03998 291.68435 299.658 307.47724 314.59271 320.60782
133.99087 131.15669 128.05053 124.6305 120.88527 116.86919 112.7552 108.89482 105.83597 104.20227 104.37658 106.15945 108.76582 111.24221 112.92062 113.5831 113.38725 112.73575 112.1739 112.28792 113.54137 116.07173 119.60724 123.60618 127.51272 130.96579 133.87223 136.35604 138.69311 141.30814 144.72535 149.34939 155.23057 162.05121 169.30145 176.46962 183.16199 189.16095 194.44985 199.22032 203.85801 208.8588 214.63086 221.30663 228.74594 236.68379 244.84397 252.93347 260.56777 267.27848 272.76244 277.25849 281.57769 286.64419 293.04746 300.92991 310.05345 319.83455 329.31848 337.2644
131.02593 127.99517 124.59509 120.73151 116.32741 111.36664 105.97899 100.57676 95.990262 93.394267 93.738852 96.88901 101.45854 105.72605 108.58442 109.73182 109.40771 108.15171 106.72821 106.10706 107.21632 110.38033 115.07552 120.37321 125.45099 129.78291 133.12779 135.48378 137.14397 138.86363 141.77722 146.70428 153.54078 161.54971 169.96141 178.2234 185.98343 193.01106 199.13932 204.30754 208.78184 213.29886 218.69794 225.40558 233.40515 242.50627 252.50064 263.07281 273.49849 282.41346 288.39422 291.46365 293.51508 296.75761 302.45964 310.99771 322.25468 335.66926 349.81075 361.86317
128.09367 124.93792 121.32309 117.0908 112.07296 106.13249 99.269187 91.849988 84.970944 80.636394 80.91617 85.969847 93.351107 100.02188 104.281 105.81866 105.02801 102.59373 99.501214 97.298371 97.904063 102.07851 108.62977 115.83606 122.47044 127.81556 131.45273 133.1536 133.10964 132.64162 134.37523 140.14358 149.13753 159.43004 169.73134 179.50272 188.54078 196.66652 203.54206 208.74935 212.46909 216.08056 221.16129 228.28121 237.30005 248.03762 260.48019 274.54349 289.32418 302.02457 308.67761 308.67173 306.50149 306.81578 311.55456 321.08122 335.45438 354.5677 376.98869 397.54135
