RAINFALL_MAXIMUM_RP_5.tif
NCOLS 101
NROWS 90
XLLCORNER -81.15
YLLCORNER -4.25
DX 0.0099207921
DY 0.01
NODATA_VALUE -9999
[rows 52 to 77 of 90, columns 0 to 59 of 101]
80.199524 79.743935 79.272211 78.782011 78.270695 77.735331 77.172744 76.579625 75.952743 75.28931 74.587612 73.848003 73.074403 72.276398 71.471846 70.689495 69.970338 69.365613 68.929098 68.703139 68.702192 68.90214 69.243303 69.647818 70.04343 70.383372 70.656087 70.883389 71.107611 71.369252 71.680137 72.00207 72.241108 72.258866 71.891742 70.968681 69.335381 66.932841 64.033927 61.650582 61.445759 64.184248 68.609419 72.909909 76.11592 77.985742 78.560228 77.979568 76.556743 75.045569 74.694667 76.295098 79.448088 83.335733 87.235563 90.596546 93.036943 94.306763 94.370718 93.77973
79.46736 78.986379 78.48701 77.966314 77.420872 76.846744 76.239443 75.593967 74.904906 74.166718 73.374291 72.523984 71.615441 70.654509 69.657533 68.656786 67.705577 66.879325 66.266838 65.947342 65.957509 66.265682 66.773587 67.349072 67.871357 68.266262 68.522092 68.688071 68.857056 69.130718 69.571101 70.158499 70.782942 71.277167 71.469565 71.230903 70.511613 69.392258 68.170506 67.43032 67.863798 69.730234 72.546535 75.499449 77.968301 79.655579 80.504945 80.631256 80.318422 80.045243 80.397863 81.761361 84.092668 87.050544 90.20591 93.156485 95.586926 97.31361 98.360745 99.073814
78.727462 78.221793 77.695692 77.145629 76.567397 75.956005 75.305562 74.609179 73.858911 73.045826 72.160321 71.192961 70.136286 68.988288 67.758506 66.477486 65.208845 64.058969 63.172396 62.697434 62.72081 63.205546 63.985652 64.831428 65.538096 65.985305 66.157682 66.143186 66.115674 66.286608 66.815405 67.715012 68.827896 69.900933 70.698962 71.084767 71.052177 70.736754 70.414312 70.458097 71.207934 72.778214 74.961932 77.341213 79.495822 81.147352 82.202446 82.741674 82.992027 83.28192 83.958924 85.276062 87.297171 89.881883 92.755525 95.608932 98.182234 100.32312 102.02849 103.46096
77.980147 77.450794 76.899292 76.321571 75.712685 75.066629 74.37612 73.632339 72.824647 71.940319 70.964411 69.880028 68.669534 67.31779 65.819321 64.192112 62.500253 60.882042 59.56416 58.821022 58.849854 59.620905 60.846947 62.122738 63.104747 63.602978 63.591583 63.203614 62.731591 62.582549 63.115596 64.413259 66.203065 68.033079 69.517365 70.458464 70.851896 70.857891 70.776131 70.994648 71.863797 73.515893 75.771354 78.236699 80.501962 82.283336 83.467106 84.096835 84.353604 84.560698 85.173697 86.577846 88.806598 91.615255 94.699708 97.788587 100.67417 103.23081 105.41993 107.28099
77.225341 76.673541 76.09832 75.495159 74.85848 74.181399 73.455387 72.669853 71.811596 70.864133 69.806929 68.614704 67.257296 65.701311 63.916295 61.8908 59.666771 57.398228 55.415045 54.207144 54.205871 55.428193 57.366231 59.302956 60.68455 61.235633 60.910319 59.870025 58.548717 57.686905 58.067216 59.938362 62.761211 65.661905 67.985051 69.44196 70.011781 69.858228 69.348512 69.106601 69.859725 71.935509 74.946555 78.153292 80.958729 83.045559 84.300176 84.729132 84.446674 83.83449 83.894003 85.6281 88.701321 92.329966 96.064369 99.67191 103.01869 106.0243 108.62934 110.77661
76.462478 75.889609 75.292585 74.666571 74.005529 73.301909 72.546225 71.726489 70.827429 69.829415 68.707004 67.427067 65.946704 64.211866 62.159513 59.730723 56.911185 53.825758 50.8949 48.928553 48.809516 50.696801 53.689465 56.549371 58.453111 59.060749 58.298629 56.288968 53.554462 51.33629 51.293019 54.071798 58.523168 62.94418 66.303512 68.260763 68.786697 67.981361 66.214853 64.548562 64.742536 67.745185 72.473924 77.211394 81.002286 83.568793 84.880564 84.945142 83.793049 81.711608 80.604008 83.19721 87.689097 92.481864 97.09861 101.36746 105.241 108.70245 111.68703 114.02823
75.690428 75.097879 74.48105 73.834948 73.153288 72.42814 71.649451 70.804398 69.876455 68.844043 67.678545 66.341423 64.780205 62.923537 60.677221 57.928481 54.580332 50.668083 46.630187 43.636336 43.272381 45.993206 50.287193 54.190799 56.636398 57.298203 56.076961 52.942907 48.317619 43.99428 43.173288 47.321017 54.059834 60.346917 64.821069 67.236402 67.584009 65.776596 61.922295 57.501938 56.382441 61.10597 68.827882 75.866384 80.953842 84.099496 85.498171 85.252451 83.498728 80.70859 78.836252 82.039401 87.180299 92.815331 98.198179 103.05433 107.37257 111.18732 114.43289 116.80927
74.907432 74.296462 73.661718 72.998234 72.299708 71.55814 70.763354 69.90234 68.958315 67.90932 66.726095 65.368777 63.781875 61.887005 59.573985 56.695678 53.088409 48.684856 43.857984 40.003477 39.377208 42.77609 48.071034 52.679378 55.449131 56.145181 54.656293 50.758973 44.595642 38.250997 36.599747 42.131019 50.939372 58.694497 63.965552 66.702766 66.920254 64.293999 58.461783 50.951782 48.136703 54.938649 65.917383 75.12064 81.307913 84.934507 86.449667 86.066629 84.04816 81.304417 79.943689 82.602373 87.841051 93.921758 99.727415 104.89819 109.42012 113.32129 116.48452 118.46716
74.111081 73.482649 72.831577 72.153101 71.441128 70.687887 69.883486 69.015333 68.067324 67.018674 65.842109 64.50102 62.944958 61.102766 58.873359 56.118199 52.674684 48.45512 43.779657 39.99286 39.372977 42.732806 47.893758 52.322814 54.973981 55.668693 54.299397 50.598579 44.600298 38.28247 36.618018 42.195949 51.002434 58.735224 64.040723 66.873195 67.205668 64.653449 58.78112 51.096644 48.195097 55.245343 66.608483 76.131516 82.551154 86.344397 87.981973 87.682512 85.597295 82.195982 80.199873 83.86425 89.891625 96.114795 101.89102 107.00543 111.42837 115.11315 117.83185 119.1034
73.298306 72.652911 71.986586 71.29494 70.572291 69.811339 69.002784 68.134869 67.192808 66.158042 65.007151 63.710203 62.228173 60.509063 58.483125 56.061015 53.150822 49.742391 46.153752 43.418129 43.090899 45.624852 49.495701 52.913446 55.052848 55.717843 54.819262 52.226812 48.128933 44.075677 43.320384 47.470168 54.124774 60.3737 64.994878 67.725991 68.446381 66.923622 63.126458 58.540922 57.420707 62.697538 71.279833 79.124762 84.855435 88.489298 90.262017 90.340216 88.934706 86.778893 86.066394 88.883614 93.933964 99.44275 104.68354 109.4141 113.53396 116.92187 119.35343 120.62953
72.465417 71.802924 71.121712 70.41792 69.686449 68.920644 68.111965 67.249648 66.320387 65.308069 64.193552 62.954504 61.565315 59.997224 58.219512 56.204919 53.949334 51.529942 49.231694 47.676545 47.610869 49.163778 51.545799 53.781893 55.313096 55.94315 55.616656 54.349927 52.423045 50.790695 50.995987 53.772634 58.156733 62.678127 66.426012 69.005251 70.234379 70.044737 68.688158 67.269447 67.833955 71.597058 77.385568 83.226123 88.002535 91.377255 93.326585 93.955898 93.562153 92.873758 93.155823 95.340986 99.07006 103.45179 107.88781 112.0793 115.85506 119.07163 121.60617 123.49132
71.608152 70.927628 70.230992 69.515069 68.775499 68.006402 67.200046 66.346569 65.433823 64.447467 63.371445 62.189075 60.885054 59.448873 57.880457 56.199532 54.461566 52.784267 51.381271 50.561408 50.598765 51.486772 52.865305 54.25922 55.328858 55.92746 56.045657 55.771456 55.341435 55.240447 56.095828 58.216736 61.295058 64.690503 67.831074 70.346902 72.054103 72.95728 73.336317 73.860125 75.43387 78.555911 82.848904 87.453197 91.624969 94.914331 97.117327 98.259378 98.636933 98.833876 99.578966 101.35717 104.1283 107.53089 111.20228 114.87787 118.36633 121.52809 124.29515 126.69881
70.721767 70.021304 69.307601 68.578345 67.830089 67.057862 66.254757 65.411589 64.516731 63.556298 62.514919 61.37742 60.131893 58.774768 57.31859 55.802797 54.306181 52.95588 51.921466 51.377994 51.431247 52.036079 52.979875 53.972345 54.784169 55.333126 55.673948 55.936154 56.293115 56.978789 58.253693 60.261807 62.90688 65.885882 68.829771 71.433326 73.532046 75.144531 76.49688 78.001709 80.125325 83.146352 86.983639 91.249746 95.429081 99.014197 101.60915 103.09927 103.79002 104.26393 105.06204 106.49222 108.61035 111.30308 114.38597 117.6608 120.94259 124.0828 126.99575 129.63812
69.80116 69.077685 68.34394 67.59868 66.839619 66.062919 65.262606 64.430022 63.55341 62.617871 61.605894 60.498826 59.279722 57.938232 56.478459 54.930727 53.367344 51.91885 50.777888 50.162871 50.216285 50.880198 51.87611 52.846799 53.552324 53.979693 54.302997 54.731093 55.398554 56.420739 57.967622 60.169388 62.966713 66.101936 69.238091 72.08744 74.492104 76.463407 78.194509 80.035263 82.396819 85.583783 89.642491 94.337036 99.221067 103.66857 106.91641 108.50874 108.92738 109.14781 109.72874 110.81101 112.43975 114.6265 117.30058 120.31274 123.47712 126.60921 129.55295 132.21035
68.841036 68.090108 67.331727 66.565987 65.792125 65.007841 64.20846 63.385999 62.52829 61.618347 60.634186 59.549332 58.334234 56.959115 55.399457 53.647215 51.73455 49.780672 48.060067 47.019402 47.069378 48.170827 49.729658 51.03339 51.704609 51.840059 51.882418 52.241915 52.96516 53.999829 55.63025 58.198123 61.602827 65.382683 69.058323 72.296662 74.92541 76.928899 78.486993 80.049897 82.300922 85.809164 90.644213 96.455471 102.75017 108.79579 113.18001 114.50982 113.8447 113.40947 113.71511 114.46818 115.6699 117.47117 119.88359 122.77203 125.93597 129.147 132.14526 134.68204
67.83616 67.051743 66.262165 65.469187 64.674075 63.876749 63.074598 62.261021 61.423845 60.543829 59.593433 58.535893 57.324456 55.901609 54.199069 52.142882 49.678548 46.854109 44.015032 42.029889 41.996025 44.042345 46.838892 48.872424 49.496138 49.003569 48.413278 48.674997 49.47923 50.12077 51.409824 54.488027 59.024007 63.943078 68.463012 72.197768 74.96001 76.656955 77.384962 77.797754 79.363196 83.392436 89.698577 97.264926 105.39732 113.4776 119.49651 120.22498 117.76815 116.83243 117.17207 117.6108 118.35039 119.83515 122.11323 125.01093 128.31619 131.80819 135.18035 137.92262
66.781709 65.955965 65.126257 64.29635 63.4702 62.650956 61.839383 61.031734 60.21722 59.375389 58.473683 57.465111 56.28541 54.84844 53.038794 50.704171 47.6649 43.805136 39.408212 35.831415 35.462253 39.001036 43.762306 46.877297 47.372815 45.767816 43.991159 44.40268 45.833901 45.343145 45.48099 49.435685 55.794984 62.266536 67.788924 72.037779 74.84332 75.956377 75.174338 73.248165 73.234492 78.206241 86.923007 96.624555 106.19527 115.23101 121.81449 122.26613 119.49411 119.47387 120.34832 120.27099 120.45211 121.7236 124.00164 127.01061 130.55378 134.52344 138.7859 142.75233
65.673781 64.796938 63.915378 63.035126 62.163568 61.308423 60.475811 59.667295 58.876091 58.08295 57.252358 56.329282 55.235611 53.863929 52.065378 49.630518 46.276531 41.713549 36.04286 30.888525 30.005246 34.965426 41.580373 45.643166 45.99015 43.200163 39.865563 40.565559 43.40887 41.065853 39.664032 45.026052 53.353997 61.183744 67.484117 72.102306 74.903391 75.464855 73.162531 68.566144 66.602675 72.801479 84.032105 95.28117 105.10222 113.22918 118.51241 119.69278 119.5889 121.56915 122.79781 122.02447 121.88551 123.20985 125.62492 128.77035 132.49329 136.8308 141.94277 147.50003
64.51007 63.570483 62.622269 61.673693 60.736203 59.823681 58.950315 58.126716 57.354341 56.619107 55.885691 55.093847 54.156433 52.956217 51.336693 49.083969 45.91133 41.517686 35.976021 30.879551 30.002411 34.945258 41.527752 45.590998 45.976602 43.216379 39.87489 40.584681 43.464395 41.101592 39.683066 45.122572 53.5718 61.521293 67.923964 72.614229 75.435674 75.934087 73.46406 68.66097 66.626167 72.854416 83.962474 94.757054 103.66274 110.48459 114.97268 117.38744 119.36912 121.83617 122.89417 122.46084 122.83536 124.53303 127.14565 130.35329 134.03728 138.24208 143.08289 148.11872
63.290708 62.275304 61.242618 60.202533 59.170728 58.168787 57.222405 56.356663 55.58793 54.913529 54.302342 53.690291 52.982421 52.058549 50.776095 48.966657 46.43934 43.053653 39.034471 35.66975 35.348887 38.832252 43.526686 46.675552 47.301982 45.820147 44.097422 44.564767 46.081719 45.615791 45.785456 49.924301 56.578045 63.365872 69.17677 73.64619 76.547192 77.556043 76.430411 74.056238 73.80919 78.754199 87.163729 95.796231 103.18622 108.99965 113.2571 116.33184 118.85494 120.93175 122.05067 122.67417 123.91378 126.02476 128.76626 131.9165 135.35345 139.00987 142.75431 146.04938
62.019198 60.914545 59.777348 58.6174 57.453655 56.316209 55.246072 54.290405 53.491169 52.867753 52.399252 52.01609 51.607961 51.044886 50.199729 48.963846 47.265224 45.129362 42.850645 41.228617 41.338895 43.38854 46.201893 48.385141 49.275278 49.056519 48.675572 49.114637 50.098783 50.897154 52.359764 55.72105 60.651701 66.017537 70.981421 75.102389 78.118395 79.849608 80.354062 80.401952 81.701617 85.580017 91.471374 97.886176 103.81132 108.83748 112.90097 116.14712 118.7657 120.80027 122.31425 123.73741 125.55867 127.90156 130.65536 133.67588 136.82713 139.95515 142.84143 145.1657
60.703199 59.497504 58.235586 56.92377 55.581176 54.245109 52.974862 51.849557 50.954021 50.349607 50.037919 49.939266 49.906835 49.773581 49.404426 48.729687 47.761018 46.612096 45.541102 44.967346 45.305265 46.597916 48.386447 50.048807 51.189783 51.817095 52.305145 53.063825 54.160206 55.543645 57.522765 60.490426 64.370174 68.691744 72.953238 76.778889 79.922115 82.274925 83.959455 85.467961 87.597123 90.927064 95.345865 100.27463 105.15187 109.62784 113.54812 116.88767 119.67314 121.95647 123.89345 125.77116 127.84995 130.23818 132.92447 135.83082 138.8245 141.71949 144.29956 146.3879
59.354791 58.041043 56.637922 55.142743 53.568265 51.953254 50.374397 48.953145 47.843891 47.188216 47.039499 47.303524 47.755513 48.136019 48.256147 48.05023 47.575464 46.989614 46.523578 46.435555 46.922293 48.008817 49.509655 51.120366 52.580875 53.807905 54.912116 56.076275 57.42441 59.055578 61.138941 63.840008 67.159091 70.89961 74.762987 78.454019 81.751156 84.557222 86.947536 89.192023 91.680158 94.725851 98.396439 102.52196 106.82892 111.06047 115.03015 118.61947 121.75511 124.41636 126.67969 128.72878 130.79078 133.05613 135.62863 138.5037 141.56747 144.61351 147.38573 149.66079
57.989584 56.569796 55.018839 53.317396 51.461061 49.476991 47.448882 45.5448 44.024347 43.179746 43.185107 43.936809 45.056738 46.093475 46.737121 46.895007 46.654361 46.218844 45.857434 45.852955 46.423694 47.629783 49.336435 51.283065 53.212603 54.977191 56.564998 58.051513 59.545198 61.190362 63.182281 65.704141 68.812263 72.387357 76.189898 79.955717 83.471903 86.621366 89.406255 91.95513 94.504525 97.330374 100.62752 104.41856 108.5738 112.90201 117.21883 121.35285 125.11506 128.30123 130.79436 132.71536 134.42836 136.34741 138.74632 141.70486 145.13457 148.8009 152.32584 155.22945
56.62393 55.1139 53.426239 51.516684 49.349637 46.919116 44.289265 41.658922 39.424618 38.142862 38.257234 39.691871 41.780284 43.706269 44.9535 45.391679 45.147651 44.487987 43.779322 43.476552 44.011373 45.539598 47.828712 50.45771 53.056155 55.398362 57.393826 59.043845 60.431812 61.784449 63.498685 65.945695 69.197541 73.030622 77.123566 81.192165 85.025022 88.478293 91.472357 94.031917 96.378132 98.924484 102.03887 105.82829 110.18752 114.95211 119.97187 125.07136 129.92524 133.96978 136.64545 137.99748 138.82313 140.03219 142.14272 145.30257 149.4527 154.36249 159.4939 163.8333
55.269635 53.702846 51.915171 49.831472 47.372498 44.474543 41.140241 37.548445 34.225766 32.128483 32.235719 34.608596 38.070113 41.17396 43.120225 43.77428 43.335122 42.137464 40.653339 39.61412 39.926341 41.963854 45.190006 48.813977 52.276402 55.265339 57.615301 59.230219 60.124611 60.678849 61.818468 64.374748 68.266075 72.849223 77.581608 82.15718 86.397238 90.145912 93.222408 95.521621 97.344371 99.484343 102.57369 106.66029 111.52595 117.00928 123.05958 129.61192 136.2685 141.86365 144.78558 144.83651 143.90026 143.88036 145.54378 148.99827 154.21537 161.10685 169.12701 176.43877
