RAINFALL_MEAN_RP_20.tif
NCOLS 101
NROWS 90
XLLCORNER -81.15
YLLCORNER -4.25
DX 0.0099207921
DY 0.01
NODATA_VALUE -9999
[rows 26 to 51 of 90, columns 0 to 59 of 101]
145.36156 145.26675 145.17503 145.08632 145.00053 144.91749 144.83702 144.75887 144.68273 144.60825 144.53498 144.46241 144.38995 144.31693 144.24258 144.16606 144.08643 144.0027 143.91379 143.81859 143.71595 143.60474 143.48388 143.3524 143.20951 143.05467 142.88774 142.70903 142.51952 142.32094 142.11594 141.9082 141.70244 141.50437 141.32046 141.15751 141.02196 140.91904 140.85182 140.8203 140.82076 140.84546 140.88278 140.9177 140.93224 140.90575 140.81446 140.63045 140.31989 139.84067 139.14015 138.15308 136.80082 134.99287 132.63297 129.63377 125.9444 121.58881 116.685 111.39436
144.7806 144.67734 144.57721 144.48015 144.38604 144.29475 144.20607 144.11975 144.03548 143.95286 143.87142 143.79061 143.70976 143.62812 143.54483 143.45891 143.36928 143.27475 143.17403 143.06575 142.94847 142.82073 142.68107 142.52812 142.36064 142.17765 141.97856 141.76329 141.5325 141.28778 141.03187 140.76889 140.50451 140.24593 140.00177 139.78153 139.59479 139.45 139.35307 139.30594 139.3055 139.34326 139.40564 139.47502 139.53088 139.55058 139.50922 139.3782 139.12268 138.69803 138.04604 137.09136 135.73905 133.87438 131.36781 128.09124 123.95786 119.00014 113.46514 107.73267
144.18581 144.07367 143.9647 143.85885 143.75603 143.65608 143.55883 143.46401 143.37129 143.28027 143.19044 143.1012 143.01184 142.92151 142.82925 142.73395 142.63436 142.52909 142.4166 142.29524 142.16323 142.01871 141.85977 141.68453 141.49119 141.27816 141.0442 140.78861 140.51148 140.21396 139.89862 139.56983 139.23408 138.90023 138.57946 138.28487 138.03043 137.82936 137.69196 137.6233 137.62143 137.67666 137.77228 137.88657 137.99522 138.07325 138.09545 138.03466 137.85816 137.5225 136.9678 136.11251 134.84931 133.04322 130.53398 127.14917 122.74526 117.313 111.20548 105.46762
143.57673 143.45522 143.33694 143.22184 143.10985 143.00082 142.89459 142.79088 142.68939 142.58967 142.49121 142.39337 142.29538 142.19631 142.09511 141.99051 141.88111 141.76528 141.64124 141.50701 141.36041 141.19914 141.02075 140.82274 140.60261 140.35796 140.08669 139.78716 139.45853 139.10112 138.71687 138.30996 137.88742 137.45969 137.04094 136.64884 136.30353 136.02532 135.83149 135.73237 135.72807 135.80702 135.94719 136.11976 136.29405 136.44155 136.53755 136.55928 136.48074 136.2651 135.85639 135.17216 134.0985 132.48744 130.15714 126.89773 122.49356 116.78825 109.84764 102.41982
142.95287 142.82147 142.69336 142.5685 142.44683 142.32824 142.21256 142.09956 141.9889 141.88016 141.77281 141.66618 141.55944 141.45161 141.34152 141.22779 141.10882 140.98278 140.84758 140.7009 140.54014 140.36248 140.16487 139.94406 139.69669 139.41937 139.10883 138.76216 138.37712 137.9526 137.48925 136.99033 136.4627 135.91795 135.37336 134.85227 134.38324 133.9973 133.72298 133.57976 133.57175 133.68449 133.88661 134.13666 134.3924 134.61893 134.79267 134.89939 134.92667 134.85232 134.63176 134.18791 133.40601 132.13355 130.18275 127.33394 123.34247 117.96248 111.03711 103.03829
142.31373 142.17187 142.03334 141.89814 141.76624 141.63754 141.51191 141.38911 141.26886 141.15072 141.03418 140.91853 140.80292 140.68632 140.56744 140.4448 140.31662 140.18083 140.03506 139.87662 139.70246 139.50917 139.29303 139.04995 138.77554 138.46521 138.11425 137.71802 137.27234 136.77392 136.22113 135.61515 134.96139 134.27146 133.56519 132.87232 132.23267 131.69328 131.30124 131.09243 131.07931 131.24326 131.53656 131.89472 132.2541 132.56761 132.81277 132.98991 133.11084 133.18052 133.17652 133.03351 132.63856 131.83829 130.45215 128.28572 125.14575 120.88266 115.56615 110.15119
141.65879 141.50584 141.35626 141.21009 141.06731 140.92789 140.7917 140.65856 140.5282 140.40022 140.27411 140.14917 140.02454 139.89912 139.77159 139.64031 139.50335 139.35844 139.20289 139.03365 138.84717 138.63946 138.40604 138.14188 137.84146 137.49875 137.10731 136.66036 136.15111 135.57318 134.92142 134.19318 133.39035 132.52219 131.60918 130.68704 129.80958 129.0473 128.47807 128.16818 128.14802 128.39408 128.82985 129.34853 129.84688 130.25449 130.54881 130.75354 130.9219 131.10705 131.32635 131.53327 131.61198 131.39841 130.71561 129.40782 127.37228 124.61661 121.41424 118.62431
140.98752 140.82278 140.66145 140.50359 140.34923 140.19837 140.05094 139.9068 139.76573 139.62737 139.49124 139.35667 139.2228 139.08851 138.95242 138.8128 138.66759 138.51429 138.34996 138.17113 137.97379 137.75333 137.50447 137.2212 136.89674 136.52349 136.09297 135.59588 135.02218 134.36141 133.60334 132.73929 131.76443 130.68169 129.50772 128.281 127.07028 125.97867 125.13462 124.66165 124.62977 125.01252 125.68222 126.45376 127.15126 127.66155 127.95861 128.10198 128.2139 128.43343 128.85128 129.45115 130.09678 130.57896 130.69202 130.29785 129.36554 128.00778 126.54313 125.56151
140.2994 140.12211 139.94823 139.77787 139.61112 139.44802 139.28856 139.13266 138.98016 138.83076 138.68405 138.5394 138.39597 138.25267 138.10809 137.96044 137.80754 137.6467 137.47471 137.28777 137.08139 136.85033 136.58852 136.28892 135.94346 135.54285 135.07644 134.53206 133.89588 133.15242 132.28483 131.27576 130.10954 128.7766 127.28161 125.65697 123.98148 122.39848 121.11656 120.36717 120.30881 120.9229 121.98906 123.17542 124.17548 124.80263 125.02089 124.94033 124.79343 124.87403 125.41774 126.46555 127.8202 129.14864 130.14546 130.6426 130.64161 130.30959 129.9677 130.05589
139.59388 139.40319 139.2159 139.03216 138.8521 138.67583 138.50341 138.33485 138.17005 138.00882 137.85081 137.69548 137.54207 137.38951 137.23642 137.08099 136.92094 136.75346 136.57511 136.38176 136.16847 135.92941 135.65774 135.34544 134.98313 134.55983 134.06267 133.47649 132.78337 131.96218 130.98813 129.83276 128.46503 126.85492 124.98248 122.85646 120.54778 118.23628 116.24671 115.0095 114.88049 115.88575 117.63157 119.50676 120.97861 121.74797 121.75988 121.18287 120.40839 120.00718 120.52121 122.12336 124.46414 126.91592 128.94793 130.305 130.99229 131.21164 131.32097 131.79286
138.87045 138.66545 138.46378 138.26564 138.07124 137.88075 137.6943 137.512 137.33387 137.15981 136.9896 136.82282 136.6588 136.49658 136.33483 136.17176 136.00507 135.83185 135.64849 135.45057 135.23278 134.98873 134.71087 134.39026 134.0163 133.57644 133.05568 132.436 131.69549 130.80727 129.73811 128.44696 126.88377 124.99032 122.70654 119.99039 116.8657 113.51416 110.39767 108.28936 107.97424 109.62825 112.52306 115.51353 117.70246 118.65343 118.28711 116.80559 114.77573 113.23599 113.40498 115.79885 119.69334 123.7872 127.12948 129.35177 130.46678 130.6931 130.44651 130.43769
138.1286 137.90828 137.69117 137.47753 137.26761 137.06167 136.85996 136.66267 136.46996 136.28187 136.09833 135.91907 135.74359 135.57106 135.40028 135.22955 135.05659 134.87847 134.69146 134.49092 134.27121 134.02549 133.74557 133.42169 133.04221 132.59317 132.05779 131.41555 130.6411 129.70249 128.55885 127.15698 125.42726 123.27927 120.60081 117.26988 113.20506 108.50432 103.72014 100.13105 99.38117 102.05458 106.77856 111.42938 114.60565 115.78069 114.86391 111.99208 107.78339 103.93904 103.14572 106.83943 113.35434 119.91084 124.93401 128.04985 129.34392 128.98402 127.31162 125.41217
137.36787 137.13113 136.89741 136.66702 136.44027 136.21752 135.9991 135.78534 135.57655 135.37295 135.17466 134.9816 134.7935 134.60973 134.42928 134.2506 134.07154 133.8892 133.6998 133.49858 133.27964 133.03575 132.75823 132.43661 132.05839 131.60854 131.06886 130.41703 129.62521 128.65791 127.46878 125.99574 124.1537 121.82461 118.84576 115.00477 110.07085 103.94895 97.127037 91.424482 89.880627 93.937365 101.12456 107.8038 112.07205 113.47771 111.95861 107.42231 100.17236 92.484184 89.752981 95.588475 106.16713 115.96676 122.86584 126.82398 128.11556 126.72432 122.49759 116.56606
136.58782 136.33349 136.08189 135.83338 135.58833 135.34719 135.11041 134.87846 134.65182 134.43091 134.21609 134.00755 133.80528 133.60894 133.41779 133.23053 133.04521 132.85907 132.66837 132.4683 132.25277 132.0143 131.74377 131.4302 131.06042 130.61863 130.08572 129.43834 128.64741 127.67593 126.47548 124.98065 123.10017 120.70321 117.59964 113.51843 108.11023 101.07646 92.70663 85.116316 82.725476 88.020762 97.318855 105.52999 110.52882 112.08246 110.18405 104.46373 94.62965 82.972592 77.914373 86.178167 100.84389 113.35793 121.61086 126.13313 127.39745 125.14317 118.42602 107.58338
135.7881 135.51491 135.24405 134.97591 134.71094 134.44965 134.19261 133.94046 133.69386 133.45348 133.21994 132.99377 132.7753 132.56457 132.3612 132.16426 131.9721 131.7822 131.59097 131.39364 131.18404 130.95449 130.69555 130.39584 130.04173 129.61693 129.10187 128.47289 127.70091 126.74951 125.57185 124.10568 122.26528 119.92838 116.91652 112.97082 107.74586 100.91863 92.704536 85.144766 82.739233 88.066074 97.30376 105.35281 110.22141 111.7548 109.96107 104.44176 94.79022 83.11042 77.963679 86.36263 101.05471 113.46315 121.67522 126.26282 127.65005 125.51265 118.83499 107.8535
134.96842 134.67503 134.38343 134.09403 133.80734 133.52392 133.24449 132.96982 132.70079 132.43833 132.1834 131.9369 131.69961 131.47204 131.25431 131.04597 130.84581 130.65168 130.46026 130.26691 130.06548 129.84813 129.60521 129.32503 128.9936 128.59435 128.10758 127.50982 126.77288 125.86243 124.73594 123.33946 121.6025 119.42999 116.69081 113.20657 108.76181 103.21361 96.896283 91.454948 89.967076 93.956074 100.82628 107.04023 110.97497 112.3361 111.09151 107.09104 100.42651 93.038333 90.351091 96.210852 106.56988 116.07227 122.93433 127.14911 128.84265 127.82878 123.81889 117.8779
134.12857 133.81358 133.49967 133.18727 132.87689 132.56918 132.26493 131.96509 131.67074 131.38312 131.10354 130.83338 130.57392 130.3263 130.09127 129.86902 129.65896 129.45945 129.2676 129.079 128.88758 128.68543 128.46268 128.20736 127.90521 127.53943 127.09033 126.53483 125.84587 124.99168 123.93495 122.63182 121.03072 119.07106 116.68302 113.79258 110.34796 106.41045 102.38254 99.322048 98.733596 101.18012 105.36805 109.42588 112.2257 113.37412 112.80211 110.59503 107.19627 103.99737 103.45166 106.97836 113.09003 119.41327 124.65725 128.39582 130.47639 130.82235 129.62077 127.93972
133.26847 132.93043 132.59258 132.25531 131.91914 131.58474 131.253 130.92498 130.60199 130.28557 129.97743 129.67949 129.39366 129.12183 128.86555 128.62589 128.40306 128.19617 128.0029 127.8192 127.63916 127.4548 127.25603 127.03054 126.76376 126.43865 126.03543 125.53127 124.89991 124.11145 123.13249 121.92705 120.45876 118.69529 116.61676 114.23103 111.60216 108.90158 106.48344 104.91983 104.80564 106.27553 108.75412 111.34291 113.32406 114.32224 114.25643 113.29736 111.91034 110.92307 111.33147 113.63859 117.42616 121.8062 126.00002 129.48666 131.96694 133.36249 133.8973 134.20084
132.38816 132.02559 131.66211 131.29804 130.93385 130.57021 130.20803 129.84848 129.49305 129.14357 128.80222 128.47147 128.15402 127.85264 127.56994 127.30808 127.06841 126.85102 126.65439 126.47501 126.30717 126.14278 125.97144 125.78039 125.55459 125.27664 124.92652 124.48129 123.9147 123.19717 122.29622 121.17834 119.81281 118.17918 116.27987 114.15981 111.93248 109.80546 108.08536 107.12682 107.19891 108.31202 110.14261 112.15107 113.80716 114.76643 114.94019 114.49578 113.82653 113.48046 114.00783 115.74789 118.67664 122.41433 126.38226 130.01857 132.94343 135.03273 136.41969 137.41021
131.48781 131.09924 130.70843 130.31558 129.92107 129.52548 129.12969 128.7349 128.34276 127.95535 127.57528 127.20567 126.85008 126.51238 126.1965 125.90606 125.64387 125.41144 125.20835 125.03182 124.87639 124.73378 124.59305 124.44074 124.26115 124.03631 123.74581 123.36626 122.87069 122.22798 121.40302 120.35789 119.05536 117.46585 115.58001 113.42955 111.11767 108.85515 106.98131 105.92048 106.01781 107.30219 109.38816 111.64744 113.49046 114.54883 114.72345 114.16429 113.23331 112.45854 112.46744 113.84358 116.81123 120.9812 125.56764 129.82887 133.30756 135.85843 137.58471 138.70925
130.56772 130.15174 129.73194 129.30835 128.88117 128.45083 128.01808 127.58407 127.15047 126.71958 126.29439 125.87868 125.47696 125.09443 124.73664 124.40912 124.1167 123.86283 123.64868 123.47248 123.32908 123.2098 123.10277 122.99339 122.86492 122.69867 122.4738 122.1665 121.74871 121.18666 120.43958 119.4592 118.19042 116.57435 114.55577 112.10007 109.23156 106.11412 103.18458 101.24035 101.16474 103.18323 106.49334 109.88132 112.4494 113.77693 113.78482 112.62662 110.68294 108.61175 107.39133 108.26907 111.95482 117.60779 123.67262 129.03585 133.18713 136.01856 137.69537 138.60095
129.62834 129.18362 128.73327 128.27706 127.81492 127.34703 126.87388 126.39644 125.91627 125.43572 124.95806 124.48768 124.03012 123.59208 123.18114 122.80532 122.47224 122.18806 121.95631 121.77668 121.6444 121.55003 121.48007 121.41799 121.34537 121.24259 121.08864 120.85992 120.52795 120.05644 119.39799 118.49071 117.25464 115.58774 113.36206 110.42576 106.63348 101.97181 96.904842 92.903315 92.218508 95.743109 101.58896 107.14062 110.98781 112.76821 112.52611 110.4502 106.96892 102.97385 99.765173 99.601349 104.72762 112.99964 121.2711 128.0442 132.8804 135.74229 136.82912 136.82936
128.67024 128.19561 127.71329 127.22273 126.72349 126.21536 125.69842 125.17326 124.64113 124.10419 123.56582 123.03082 122.50574 121.99892 121.52042 121.08149 120.69358 120.36685 120.10832 119.91998 119.79758 119.7303 119.70177 119.69208 119.68001 119.64458 119.56525 119.42011 119.18238 118.81542 118.26688 117.46213 116.29617 114.62165 112.23035 108.82825 104.0262 97.450327 89.299302 81.766432 79.693464 85.673798 95.546997 104.15209 109.62169 111.96138 111.48639 108.4253 103.22697 97.321103 92.467573 90.34164 97.77701 109.08359 119.47845 127.47266 132.78669 135.35261 135.09972 132.73138
127.69411 127.18858 126.67311 126.14673 125.60852 125.05771 124.49381 123.91676 123.32722 122.72684 122.11871 121.50777 120.90133 120.30942 119.74494 119.22331 118.76128 118.37492 118.0767 117.87241 117.75866 117.72227 117.74187 117.79151 117.84496 117.87905 117.87458 117.81409 117.67648 117.42937 117.02014 116.3664 115.34484 113.77466 111.38868 107.78502 102.36942 94.395692 83.585963 72.442486 68.643158 77.169749 90.998944 102.25198 109.00185 111.79452 111.22457 107.5096 100.9044 92.993909 89.054352 88.965769 96.675665 108.5306 119.52082 127.90788 133.30004 135.39972 133.54358 127.73657
126.70066 126.16352 125.61403 125.0507 124.47204 123.87657 123.26296 122.63026 121.97812 121.30725 120.61988 119.92052 119.21671 118.5199 117.84608 117.2158 116.65313 116.18296 115.82657 115.59623 115.49047 115.49226 115.57146 115.69129 115.81638 115.9194 115.98364 116.00031 115.96063 115.84416 115.60554 115.16213 114.38265 113.07293 110.95033 107.59694 102.39898 94.577273 83.799088 72.547469 68.684952 77.371469 91.400041 102.7841 109.63927 112.55084 112.12737 108.56362 101.98262 93.661891 89.441123 94.22708 101.76075 111.91089 121.78223 129.58793 134.68788 136.57295 134.39614 128.09824
125.69064 125.12147 124.53745 123.93653 123.3165 122.675 122.00966 121.31828 120.59908 119.85118 119.07521 118.27429 117.45525 116.63013 115.81772 115.04455 114.34449 113.75561 113.31367 113.04269 112.94558 112.9994 113.15883 113.36759 113.57346 113.74089 113.85672 113.92724 113.96648 113.97808 113.9347 113.76131 113.32604 112.4367 110.83421 108.17541 104.02013 97.925963 90.001979 82.437809 80.361114 86.622959 96.866347 105.77959 111.54199 114.22361 114.1758 111.61812 106.90071 101.50732 99.254728 102.60181 109.33026 117.54884 125.62072 132.32467 136.98946 139.11818 138.28118 135.10235
