RAINFALL_MINIMUN_RP_50.tif
NCOLS 101
NROWS 90
XLLCORNER -81.15
YLLCORNER -4.25
DX 0.0099207921
DY 0.01
NODATA_VALUE -9999
[rows 0 to 25 of 90, columns 0 to 59 of 101]
152.27919 152.31768 152.35933 152.40419 152.4523 152.5037 152.55843 152.61654 152.67807 152.74307 152.81159 152.88366 152.95935 153.03869 153.12176 153.20858 153.29924 153.39377 153.49224 153.59472 153.70126 153.81193 153.92679 154.0459 154.16933 154.29714 154.42939 154.56614 154.70746 154.85338 155.00397 155.15928 155.31935 155.48423 155.65397 155.82861 156.00821 156.1928 156.38246 156.57724 156.77721 156.98245 157.19305 157.40911 157.63071 157.85795 158.09093 158.32971 158.57432 158.82474 159.08091 159.34264 159.60965 159.88152 160.15767 160.43733 160.71954 161.00312 161.28665 161.56853
151.95811 151.99394 152.03295 152.07518 152.12067 152.16947 152.22162 152.27717 152.33615 152.39862 152.46462 152.53419 152.6074 152.68429 152.76492 152.84934 152.93761 153.02979 153.12596 153.22616 153.33047 153.43896 153.5517 153.66875 153.79019 153.91609 154.04651 154.18152 154.32119 154.46558 154.61475 154.76875 154.92763 155.09146 155.26028 155.43415 155.61312 155.79726 155.98664 156.18133 156.38143 156.58704 156.7983 157.01533 157.2383 157.46735 157.70266 157.94438 158.19264 158.44752 158.70906 158.97718 159.25171 159.53232 159.81848 160.1095 160.40441 160.70203 161.00091 161.29935
151.63011 151.66312 151.69933 151.73876 151.78148 151.82751 151.8769 151.9297 151.98595 152.04569 152.10897 152.17585 152.24636 152.32057 152.39854 152.48031 152.56595 152.65553 152.74911 152.84677 152.94857 153.05459 153.1649 153.27959 153.39873 153.52239 153.65065 153.78358 153.92127 154.06376 154.21114 154.36346 154.52078 154.68317 154.85067 155.02334 155.20126 155.38448 155.5731 155.76719 155.96689 156.17231 156.38363 156.60102 156.8247 157.0549 157.29187 157.53586 157.78712 158.04586 158.31224 158.58634 158.86809 159.15728 159.45351 159.75612 160.06419 160.37653 160.69164 161.00772
151.29505 151.32508 151.35832 151.39479 151.43456 151.47764 151.52409 151.57396 151.62727 151.68408 151.74444 151.8084 151.876 151.94729 152.02235 152.10122 152.18398 152.27068 152.3614 152.45622 152.55521 152.65844 152.76601 152.878 152.99449 153.11556 153.24131 153.3718 153.50712 153.64734 153.79254 153.94279 154.09814 154.25865 154.42439 154.59542 154.77181 154.95362 155.14094 155.33389 155.53258 155.73717 155.94787 156.1649 156.38853 156.61908 156.85688 157.10232 157.35576 157.61758 157.88809 158.16754 158.45604 158.75354 159.05976 159.37413 159.69581 160.02357 160.35585 160.69074
150.95278 150.97967 151.00976 151.04311 151.07974 151.11969 151.16301 151.20974 151.25992 151.3136 151.37082 151.43162 151.49607 151.56421 151.63611 151.71181 151.7914 151.87494 151.9625 152.05417 152.15002 152.25014 152.35462 152.46355 152.57702 152.69513 152.81797 152.94562 153.07818 153.21572 153.35832 153.50605 153.65899 153.81718 153.9807 154.14959 154.32393 154.50379 154.68925 154.88042 155.07745 155.2805 155.4898 155.70564 155.92833 156.15828 156.39593 156.64179 156.89639 157.16029 157.43399 157.71796 158.01252 158.31784 158.63382 158.96003 159.2957 159.63962 159.99014 160.34516
150.60315 150.62672 150.65351 150.68353 150.71685 150.75348 150.79348 150.83687 150.88371 150.93403 150.98788 151.0453 151.10635 151.17108 151.23954 151.3118 151.38793 151.468 151.55208 151.64027 151.73263 151.82928 151.9303 152.03579 152.14585 152.26059 152.38011 152.50449 152.63385 152.76826 152.90781 153.05257 153.20261 153.358 153.51878 153.68502 153.85677 154.03409 154.21706 154.40579 154.60042 154.80114 155.00818 155.22188 155.4426 155.67084 155.90717 156.15221 156.4067 156.6714 156.94706 157.23442 157.53408 157.84648 158.17178 158.50976 158.85976 159.22061 159.59055 159.96728
150.24601 150.26609 150.28938 150.31591 150.34572 150.37884 150.4153 150.45516 150.49843 150.54517 150.59541 150.64921 150.7066 150.76765 150.8324 150.90092 150.97328 151.04955 151.12982 151.21416 151.30268 151.39546 151.49262 151.59426 151.70049 151.81142 151.92716 152.04782 152.1735 152.3043 152.44031 152.5816 152.72825 152.8803 153.03782 153.20084 153.36941 153.54357 153.72339 153.90896 154.10041 154.29792 154.50175 154.71223 154.92982 155.15507 155.38866 155.6314 155.88422 156.14811 156.42415 156.71339 157.01682 157.33523 157.66911 158.01857 158.38314 158.76171 159.15246 159.55278
149.88121 149.89762 149.91723 149.94007 149.96618 149.99558 150.02831 150.0644 150.10389 150.14681 150.19321 150.24311 150.29658 150.35366 150.41441 150.47888 150.54715 150.61928 150.69537 150.7755 150.85977 150.94829 151.04115 151.13849 151.24042 151.34707 151.45855 151.57498 151.69648 151.82315 151.95509 152.09238 152.23508 152.38326 152.53694 152.69615 152.86093 153.03128 153.20724 153.38889 153.57631 153.76967 153.96922 154.17532 154.38843 154.60921 154.83843 155.07709 155.32632 155.58742 155.86182 156.15099 156.45636 156.77922 157.12056 157.48088 157.86006 158.25716 158.67029 159.09652
149.50859 149.52115 149.53689 149.55585 149.57805 149.60352 149.6323 149.6644 149.69987 149.73874 149.78103 149.82679 149.87606 149.92889 149.98532 150.04541 150.10924 150.17688 150.24841 150.32392 150.40352 150.48732 150.57544 150.668 150.76513 150.86698 150.97366 151.08533 151.20209 151.32408 151.45138 151.58409 151.72227 151.86597 152.01521 152.17 152.33034 152.4962 152.66757 152.84449 153.02699 153.2152 153.40933 153.60974 153.8169 154.03151 154.25448 154.48694 154.73028 154.98613 155.25633 155.54286 155.84774 156.17289 156.51995 156.89006 157.28359 157.69993 158.13721 158.5922
149.128 149.13651 149.14819 149.16306 149.18115 149.20248 149.22708 149.25498 149.28619 149.32075 149.35868 149.40002 149.4448 149.49306 149.54485 149.60023 149.65927 149.72202 149.78859 149.85906 149.93354 150.01215 150.09502 150.18228 150.27408 150.37056 150.47188 150.57819 150.68962 150.8063 150.92835 151.05586 151.1889 151.3275 151.47167 151.62139 151.77661 151.93727 152.10331 152.27466 152.45132 152.63332 152.82083 153.01414 153.21372 153.42028 153.63481 153.8586 154.0933 154.34089 154.60369 154.88428 155.18541 155.50984 155.86008 156.23816 156.64524 157.08128 157.54464 158.03182
148.73928 148.74355 148.75096 148.76154 148.7753 148.79228 148.81248 148.83593 148.86264 148.89264 148.92594 148.96257 149.00256 149.04594 149.09276 149.14307 149.19693 149.2544 149.31557 149.38055 149.44943 149.52235 149.59943 149.68083 149.7667 149.85722 149.95254 150.05284 150.15828 150.269 150.38513 150.50677 150.634 150.76683 150.90526 151.04923 151.19865 151.3534 151.51333 151.67829 151.84816 152.02288 152.2025 152.38722 152.57744 152.77386 152.9775 153.18977 153.41257 153.64825 153.89966 154.1701 154.4632 154.78276 155.13251 155.51568 155.93463 156.39028 156.88157 157.40495
148.34227 148.34209 148.34503 148.3511 148.36033 148.37272 148.38829 148.40705 148.42901 148.45418 148.48258 148.51421 148.54911 148.58729 148.62879 148.67365 148.72193 148.7737 148.82903 148.88802 148.95079 149.01746 149.08818 149.16311 149.24243 149.32631 149.41495 149.50854 149.60727 149.71129 149.82077 149.93581 150.0565 150.18285 150.31483 150.45236 150.59528 150.7434 150.89646 151.0542 151.21635 151.38271 151.55316 151.72775 151.90675 152.09076 152.28077 152.47829 152.68538 152.90477 153.13989 153.39483 153.67429 153.98339 154.32739 154.71122 155.13896 155.61309 156.13368 156.69761
147.93679 147.93196 147.93022 147.93157 147.93604 147.94362 147.95432 147.96815 147.9851 148.00518 148.02839 148.05473 148.08421 148.11685 148.15267 148.1917 148.234 148.27961 148.32862 148.38112 148.43723 148.49707 148.5608 148.6286 148.70066 148.77718 148.85838 148.94448 149.0357 149.13223 149.23425 149.34189 149.45525 149.57435 149.69915 149.8295 149.96521 150.10597 150.25143 150.40115 150.5547 150.71167 150.87169 151.03461 151.20046 151.36966 151.54308 151.7222 151.90921 152.10716 152.32003 152.5528 152.81138 153.10249 153.43337 153.81121 154.24252 154.73217 155.28224 155.8908
147.52269 147.51299 147.50635 147.50276 147.50224 147.50478 147.51038 147.51902 147.53071 147.54542 147.56315 147.58389 147.60763 147.63438 147.66415 147.69696 147.73284 147.77184 147.81402 147.85949 147.90834 147.96073 148.0168 148.07675 148.14079 148.20915 148.28208 148.35982 148.44265 148.53078 148.62445 148.72381 148.82899 148.94 149.05681 149.17923 149.307 149.43972 149.57686 149.71784 149.86198 150.00859 150.15702 150.30677 150.45757 150.60951 150.7632 150.91995 151.08196 151.25246 151.43597 151.63832 151.8668 152.13 152.43757 152.79968 153.22618 153.72542 154.30274 154.95868
147.09977 147.08499 147.07323 147.06448 147.05874 147.056 147.05625 147.05946 147.06561 147.07468 147.08664 147.10147 147.11915 147.13967 147.163 147.18917 147.21818 147.25008 147.28492 147.32277 147.36376 147.40801 147.45569 147.50701 147.5622 147.62152 147.68524 147.75368 147.82712 147.90586 147.99017 148.08026 148.17629 148.2783 148.38626 148.49995 148.61904 148.74302 148.87122 149.00281 149.13684 149.27228 149.40811 149.54337 149.67731 149.80957 149.94032 150.0705 150.20209 150.33835 150.48413 150.6461 150.83291 151.05528 151.32575 151.65822 152.06699 152.56534 153.16355 153.86643
146.66786 146.64779 146.63068 146.61654 146.60535 146.59709 146.59174 146.58925 146.58961 146.59276 146.59866 146.60727 146.61855 146.63246 146.64898 146.66808 146.68977 146.71407 146.741 146.77064 146.80309 146.83849 146.877 146.91884 146.96426 147.01356 147.06706 147.1251 147.18805 147.25626 147.33007 147.40977 147.49557 147.58756 147.68571 147.78982 147.89948 148.01407 148.13273 148.2544 148.3778 148.50148 148.62392 148.7436 148.85914 148.96951 149.07419 149.17351 149.26893 149.36342 149.46191 149.57165 149.7026 149.86766 150.0827 150.36614 150.73803 151.21835 151.82454 152.56815
146.22678 146.20118 146.17849 146.15873 146.14185 146.12783 146.11662 146.10819 146.10248 146.09943 146.09897 146.10105 146.10559 146.11255 146.12185 146.13346 146.14736 146.16352 146.18198 146.20278 146.22599 146.25176 146.28025 146.31169 146.34635 146.38455 146.42666 146.4731 146.52429 146.58069 146.6427 146.71073 146.78505 146.86585 146.95314 147.04672 147.14615 147.2507 147.35933 147.4707 147.58314 147.69473 147.80335 147.90675 148.00274 148.08938 148.16519 148.2295 148.2829 148.32762 148.36819 148.41202 148.47004 148.55725 148.69304 148.90111 149.20863 149.64443 150.23599 151.00491
145.77633 145.74496 145.71647 145.69084 145.66803 145.648 145.6307 145.61606 145.60401 145.59448 145.58737 145.5826 145.58007 145.5797 145.5814 145.58508 145.5907 145.59821 145.6076 145.61888 145.63213 145.64745 145.66502 145.68505 145.70784 145.73374 145.76319 145.79665 145.83465 145.87774 145.92646 145.98131 146.04271 146.11096 146.18615 146.26815 146.35648 146.45035 146.54852 146.64937 146.7508 146.85033 146.94513 147.03207 147.10796 147.16964 147.21435 147.24003 147.24582 147.23264 147.20394 147.16659 147.13182 147.11622 147.1426 147.2404 147.44528 147.79744 148.338 149.10317
145.31631 145.27894 145.2444 145.21266 145.18367 145.15738 145.13373 145.11262 145.09397 145.07768 145.06363 145.0517 145.04177 145.03371 145.0274 145.02273 145.01959 145.0179 145.01761 145.0187 145.02121 145.02521 145.03087 145.03841 145.04812 145.06041 145.07574 145.09468 145.11784 145.14591 145.17957 145.21949 145.26626 145.32036 145.382 145.45117 145.52743 145.60992 145.69728 145.78755 145.8782 145.96613 146.04766 146.11867 146.17468 146.21109 146.22344 146.20776 146.16114 146.0824 145.97299 145.83815 145.6883 145.54058 145.42047 145.36307 145.41363 145.62635 146.06062 146.77364
144.84651 144.80289 144.76205 144.72395 144.68854 144.65575 144.62548 144.59765 144.57213 144.5488 144.52751 144.50812 144.49046 144.47436 144.45967 144.4462 144.43382 144.42239 144.4118 144.402 144.39296 144.38474 144.37746 144.37132 144.36665 144.36385 144.36345 144.36609 144.37253 144.38357 144.4001 144.42301 144.45311 144.4911 144.53744 144.59228 144.65529 144.72564 144.80183 144.88164 144.96207 145.03933 145.10882 145.16523 145.20264 145.21467 145.19473 145.13643 145.03406 144.88339 144.68266 144.43401 144.14535 143.83253 143.52203 143.25354 143.08206 143.07827 143.32544 143.91073
144.3667 144.31658 144.26919 144.22449 144.1824 144.14284 144.10571 144.07088 144.03823 144.00759 143.97879 143.95164 143.92594 143.90146 143.87799 143.85532 143.83322 143.81151 143.79001 143.7686 143.7472 143.72579 143.70447 143.68341 143.6629 143.64339 143.62545 143.6098 143.59731 143.589 143.58597 143.58935 143.60029 143.6198 143.64866 143.68729 143.7356 143.79285 143.8575 143.92709 143.99817 144.06621 144.12563 144.16981 144.19114 144.18118 144.13085 144.03072 143.87153 143.64489 143.34438 142.96717 142.51626 142.00344 141.45315 140.90691 140.42796 140.10467 140.05017 140.39404
143.87666 143.81978 143.76558 143.714 143.66498 143.61839 143.57414 143.53207 143.49203 143.45381 143.41722 143.38203 143.34797 143.31478 143.28219 143.2499 143.21764 143.18512 143.1521 143.11836 143.08376 143.0482 143.01169 142.97435 142.93647 142.89846 142.86094 142.82472 142.79081 142.76041 142.73489 142.71574 142.70447 142.70254 142.71116 142.7312 142.76292 142.80581 142.8584 142.91808 142.98096 143.0418 143.09396 143.12936 143.13858 143.11086 143.03426 142.8958 142.68188 142.37882 141.97394 141.45718 140.82361 140.07712 139.2354 138.3367 137.44788 136.67305 136.15966 136.09535
143.37614 143.31222 143.25094 143.19223 143.136 143.08213 143.0305 142.98093 142.93323 142.88718 142.84254 142.79903 142.75633 142.71413 142.67208 142.6298 142.58693 142.54311 142.49798 142.45122 142.40258 142.35186 142.29898 142.24397 142.18704 142.12859 142.06925 142.00988 141.95164 141.89595 141.84447 141.79911 141.76188 141.73478 141.71967 141.718 141.73061 141.7574 141.79714 141.84717 141.90326 141.95945 142.00798 142.03928 142.04195 142.00276 141.90662 141.73661 141.47412 141.09916 140.59115 139.9304 139.10059 138.09287 136.91191 135.58472 134.17278 132.78779 131.60975 130.89945
142.86488 142.79365 142.72501 142.65888 142.59518 142.53376 142.47447 142.41714 142.36154 142.30741 142.25446 142.20237 142.15078 142.09928 142.04746 141.99485 141.94099 141.8854 141.82761 141.76717 141.70368 141.63681 141.56635 141.4922 141.41447 141.33348 141.24982 141.16441 141.07851 140.99377 140.91221 140.83618 140.76831 140.71135 140.66797 140.64049 140.63056 140.63879 140.6644 140.70487 140.75571 140.81028 140.8597 140.8928 140.89616 140.85396 140.74787 140.55682 140.25678 139.82068 139.21869 138.41919 137.39101 136.10731 134.55232 132.73167 130.68788 128.52329 126.4341 124.75596
142.34261 142.26377 142.18747 142.11365 142.04218 141.97294 141.90574 141.84038 141.77662 141.71416 141.65267 141.59177 141.53104 141.47 141.40814 141.3449 141.2797 141.21194 141.14099 141.06625 140.98715 140.90318 140.81394 140.71917 140.6188 140.51302 140.40234 140.28766 140.17032 140.05216 139.93556 139.82343 139.71913 139.62633 139.54879 139.49004 139.45289 139.43903 139.44847 139.47906 139.52622 139.58265 139.63829 139.68033 139.69324 139.65865 139.55506 139.35735 139.03609 138.55683 137.87968 136.95947 135.74713 134.19316 132.25417 129.90417 127.15189 124.06699 120.82425 117.79272
141.80905 141.72228 141.63802 141.55619 141.47667 141.39932 141.32393 141.25029 141.17812 141.10709 141.03683 140.9669 140.89682 140.82602 140.7539 140.67979 140.60297 140.52269 140.43816 140.34859 140.25319 140.15123 140.04207 139.92521 139.80033 139.66742 139.52681 139.3793 139.22622 139.06958 138.9121 138.75727 138.60931 138.47305 138.35367 138.25631 138.18549 138.14448 138.13454 138.15429 138.19921 138.26135 138.32937 138.38867 138.42153 138.40711 138.32106 138.1347 137.81374 137.31684 136.59413 135.58626 134.22461 132.43369 130.13734 127.27091 123.80077 119.75 115.23031 110.52843
