RAINFALL_MINIMUN_RP_10.tif
NCOLS 101
NROWS 90
XLLCORNER -81.15
YLLCORNER -4.25
DX 0.0099207921
DY 0.01
NODATA_VALUE -9999
[rows 52 to 77 of 90, columns 0 to 59 of 101]
81.289244 80.826579 80.347446 79.849478 79.330009 78.786078 78.214485 77.611894 76.975044 76.301124 75.588392 74.83717 74.051339 73.240421 72.422171 71.625153 70.890055 70.26764 69.81101 69.561669 69.533174 69.700651 70.00403 70.365602 70.713917 71.003707 71.225563 71.403893 71.583569 71.806717 72.084857 72.376848 72.583143 72.557769 72.1284 71.114825 69.354373 66.785097 63.69623 61.158314 60.927785 63.808062 68.467374 72.993739 76.368393 78.34227 78.963638 78.383232 76.92868 75.382728 75.042642 76.732633 80.040169 84.122201 88.239298 91.828232 94.499292 95.997086 96.276392 95.859903
80.550657 80.062575 79.555776 79.027296 78.473691 77.890994 77.274696 76.619771 75.920792 75.172199 74.368869 73.507155 72.586692 71.613304 70.603271 69.588712 68.622612 67.779795 67.148113 66.805478 66.787061 67.059858 67.524789 68.049712 68.514803 68.84787 69.040356 69.145751 69.261801 69.49435 69.906927 70.477083 71.088008 71.563394 71.722922 71.43096 70.635504 69.421443 68.102788 67.295936 67.730582 69.677445 72.623538 75.710945 78.288678 80.047927 80.933415 81.068374 80.751044 80.480588 80.866245 82.308774 84.765981 87.887346 91.231155 94.382115 97.01279 98.928096 100.13909 100.97404
79.804596 79.291827 78.758303 78.20047 77.614099 76.994175 76.334786 75.629026 74.868943 74.045603 73.149413 72.170967 71.102845 69.943085 68.701251 67.407826 66.126153 64.961938 64.058409 63.561838 63.55643 64.002844 64.733602 65.51876 66.154549 66.52293 66.612575 66.517822 66.42117 66.543052 67.048145 67.947038 69.072099 70.15675 70.954497 71.322163 71.253912 70.892054 70.525488 70.544942 71.305555 72.925165 75.184558 77.645179 79.868186 81.564389 82.638327 83.176311 83.418236 83.711402 84.423887 85.822196 87.970504 90.718601 93.778207 96.82635 99.590094 101.90452 103.75375 105.28808
79.051365 78.514937 77.956048 77.370602 76.753633 76.099116 75.399751 74.646711 73.829358 72.934983 71.948685 70.853637 69.632315 68.269732 66.760592 65.123013 63.421006 61.792236 60.461696 59.700673 59.702124 60.432189 61.601166 62.803381 63.696298 64.092039 63.96896 63.468495 62.897425 62.680998 63.192178 64.512445 66.351653 68.234026 69.755593 70.71129 71.098159 71.084387 70.981635 71.191026 72.072911 73.761999 76.071543 78.59409 80.904758 82.708843 83.887955 84.48799 84.701374 84.876537 85.507536 87.00608 89.394877 92.400823 95.697637 98.999905 102.08949 104.83053 107.17239 109.14035
78.290871 77.732047 77.149499 76.538687 75.894013 75.208574 74.473833 73.679194 72.811472 71.854218 70.786972 69.584574 68.21706 66.65133 64.857332 62.824093 60.593911 58.320528 56.331899 55.113262 55.088664 56.267918 58.139521 59.986494 61.256189 61.674078 61.196504 59.993406 58.520092 57.552664 57.907892 59.83807 62.76906 65.780743 68.187544 69.691028 70.273516 70.108429 69.576887 69.32029 70.082613 72.197344 75.266219 78.529812 81.373102 83.466471 84.689102 85.045152 84.655579 83.934894 83.968767 85.830018 89.134937 93.027536 97.025432 100.88583 104.47187 107.69956 110.49886 112.78888
77.522529 76.942708 76.338444 75.704878 75.035956 74.324112 73.559853 72.731197 71.822897 70.815378 69.683298 68.393705 66.903985 65.160543 63.101021 60.667442 57.846581 54.763882 51.838165 49.872762 49.738089 51.580786 54.495505 57.246644 59.012831 59.452012 58.486836 56.242834 53.269162 50.871892 50.789912 53.688195 58.342743 62.959433 66.460066 68.495945 69.045216 68.219375 66.404755 64.692129 64.882695 67.943411 72.762975 77.581457 81.417686 83.98187 85.236057 85.181752 83.850383 81.557832 80.351358 83.133613 87.952548 93.087441 98.028302 102.5999 106.76306 110.51019 113.77348 116.34614
76.745182 76.145777 75.521814 74.868284 74.178884 73.445669 72.658585 71.804818 70.867876 69.826249 68.651448 67.305154 65.735259 63.871004 61.619139 58.868339 55.523608 51.622204 47.602059 44.62452 44.255763 46.930428 51.133235 54.908983 57.193746 57.654875 56.179257 52.727114 47.74216 43.120087 42.230265 46.591209 53.670556 60.25985 64.937905 67.461072 67.835423 65.984731 62.030205 57.496219 56.344265 61.169681 69.051774 76.218873 81.371523 84.514198 85.838299 85.441426 83.468165 80.439608 78.446626 81.848795 87.342756 93.367854 99.122475 104.3257 108.98502 113.16303 116.81547 119.59628
75.957045 75.339331 74.697584 74.026817 73.320711 72.571254 71.768268 70.898758 69.945976 68.888044 67.695841 66.329747 64.734679 62.83293 60.515428 57.636821 54.036096 49.649097 44.849708 41.024439 40.402665 43.753495 48.946974 53.415783 56.012802 56.491263 54.71622 50.438341 43.807734 37.038882 35.28163 41.125161 50.40533 58.550815 64.071319 66.935089 67.178374 64.485333 58.49746 50.792586 47.90587 54.867019 66.087344 75.468769 81.74244 85.371465 86.807963 86.261455 84.002943 80.994755 79.492237 82.377894 87.993143 94.487661 100.68693 106.22776 111.12269 115.44333 119.12592 121.71265
75.155674 74.520632 73.862704 73.177109 72.457735 71.696799 70.884406 70.007977 69.051446 67.994105 66.808819 65.459223 63.895272 62.046475 59.812845 57.057607 53.620816 49.418011 44.770438 41.013499 40.398257 43.709836 48.77106 53.065524 55.55131 56.036777 54.3887 50.31007 43.837362 37.079596 35.303898 41.206983 50.497579 58.625929 64.182827 67.14258 67.49979 64.876134 58.838101 50.945346 47.967018 55.186721 66.805093 76.515471 83.027839 86.830494 88.399539 87.949012 85.625123 81.91457 79.744866 83.688514 90.137441 96.772231 102.93057 108.40746 113.20033 117.30097 120.52502 122.37169
74.337968 73.686112 73.013097 72.314512 71.584657 70.816217 69.999885 69.123913 68.173549 67.130297 65.970866 64.665538 63.175643 61.449758 59.419045 56.995559 54.089338 50.692265 47.122118 44.403788 44.072345 46.561673 50.348343 53.652954 55.652278 56.140172 55.009024 52.110751 47.646424 43.272133 42.439649 46.820027 53.83344 60.393487 65.223179 68.064971 68.811056 67.235897 63.318553 58.594845 57.433729 62.830511 71.598735 79.591155 85.401334 89.049983 90.776508 90.745287 89.167954 86.817123 86.033085 89.033169 94.409293 100.26509 105.84061 110.89831 115.3554 119.10927 121.93884 123.58946
73.500199 72.831408 72.143688 71.433154 70.694685 69.92161 69.105375 68.235218 67.297854 66.277217 65.154264 63.906833 62.509588 60.9342 59.150589 57.132385 54.87651 52.460776 50.168697 48.615922 48.537185 50.05184 52.369929 54.520538 55.945102 56.441893 55.946788 54.471753 52.315375 50.498788 50.661087 53.562327 58.156652 62.879351 66.77509 69.440229 70.696779 70.482563 69.063747 67.581294 68.136621 71.96954 77.866374 83.801079 88.634354 92.026737 93.957557 94.533836 94.05906 93.29414 93.5754 95.886796 99.837272 104.47798 109.18294 113.65191 117.7227 121.25859 124.12764 126.32541
72.638062 71.951419 71.248471 70.526018 69.779673 69.003534 68.189852 67.328751 66.408087 65.413546 64.329133 63.138277 61.825858 60.381644 58.805945 57.118947 55.376496 53.696161 52.290047 51.463121 51.483802 52.341013 53.673588 55.007261 56.002383 56.510423 56.519889 56.120837 55.564453 55.369101 56.201298 58.380322 61.567041 65.078335 68.31393 70.89233 72.62784 73.529202 73.887396 74.39173 75.970975 79.131698 83.480768 88.135642 92.340272 95.645383 97.854045 98.997643 99.376165 99.584521 100.37649 102.25694 105.17978 108.76479 112.63901 116.53985 120.28461 123.74304 126.85365 129.65222
71.746773 71.040382 70.320579 69.585018 68.830225 68.051199 67.241004 66.390432 65.487839 64.519337 63.469574 62.323426 61.069074 59.703089 58.238203 56.714051 55.209534 53.851573 52.808856 52.254611 52.292121 52.873975 53.786335 54.738757 55.50232 55.995292 56.273187 56.468383 56.762301 57.40315 58.666016 60.699253 63.396905 66.439183 69.442113 72.091199 74.218356 75.843521 77.198573 78.705205 80.838237 83.878315 87.737715 92.019167 96.202526 99.787667 102.39815 103.93807 104.71161 105.28247 106.178 107.70602 109.92797 112.73739 115.95891 119.40577 122.90642 126.32972 129.61738 132.77054
70.821178 70.091983 69.352363 68.601041 67.835697 67.052456 66.245306 65.405549 64.521393 63.577902 62.557542 61.441645 60.213264 58.862069 57.392199 55.834032 54.259947 52.800565 51.648579 51.022233 51.063227 51.71202 52.68837 53.634401 54.311094 54.707265 54.998718 55.39609 56.037185 57.042157 58.585143 60.798146 63.620784 66.791097 69.965629 72.850473 75.283967 77.276629 79.023044 80.875108 83.244972 86.436033 90.490168 95.163969 100.00591 104.40178 107.63625 109.32052 109.94208 110.39587 111.15931 112.34885 114.03315 116.26385 119.00424 122.12781 125.46562 128.85286 132.16861 135.38167
69.855934 69.099507 68.335493 67.563952 66.78408 65.993534 65.187589 64.35821 63.493169 62.575415 61.582897 60.489061 59.264267 57.878639 56.307546 54.542856 52.616771 50.648905 48.914819 47.862806 47.904399 48.998743 50.548425 51.839127 52.494534 52.614259 52.643527 52.993866 53.712765 54.748028 56.382358 58.957398 62.375829 66.178068 69.88272 73.152479 75.811409 77.841809 79.422302 81.001024 83.257944 86.758425 91.565822 97.315498 103.49353 109.36354 113.60423 115.04769 114.82616 114.9078 115.55699 116.42552 117.59768 119.3342 121.71678 124.64112 127.91929 131.33304 134.64204 137.64483
68.84575 68.056071 67.261122 66.462623 65.661795 64.85851 64.050096 63.229886 62.385629 61.49799 60.539321 59.472723 58.251272 56.817233 55.102037 53.031413 50.550665 47.708232 44.851488 42.853078 42.814298 44.862437 47.660523 49.690272 50.305293 49.803158 49.207596 49.472384 50.288604 50.945905 52.246519 55.331972 59.878983 64.818099 69.365978 73.132645 75.927094 77.653998 78.407456 78.837665 80.407562 84.42318 90.687578 98.15757 106.08701 113.79689 119.3727 120.16154 118.62859 118.77616 119.72065 120.21244 120.7252 121.96081 124.0754 126.916 130.26588 133.89556 137.48689 140.51857
67.785745 66.954995 66.120197 65.285073 64.453529 63.628657 62.811156 61.997199 61.175902 60.326699 59.416891 58.399307 57.209449 55.76085 53.93764 51.586894 48.528256 44.645674 40.224423 36.628655 36.256015 39.807128 44.582576 47.702042 48.190586 46.571654 44.784745 45.205738 46.669511 46.21165 46.364534 50.326789 56.701613 63.19961 68.755406 73.039804 75.879082 77.020984 76.260221 74.345831 74.334845 79.298637 87.980334 97.58149 106.91795 115.4879 121.4318 121.88547 120.59322 122.44344 124.18749 123.84327 123.38401 124.12732 126.07731 128.92737 132.44544 136.49943 140.9274 145.08061
66.671951 65.79038 64.904038 64.018902 63.142301 62.281895 61.443728 60.629275 59.831643 59.031452 58.193026 57.261133 56.157392 54.774012 52.961572 50.509785 47.134673 42.545304 36.844048 31.663444 30.775645 35.757825 42.39936 46.473773 46.812425 43.99667 40.634215 41.344494 44.251025 41.956738 40.562956 45.935189 54.292009 62.161814 68.505289 73.164174 75.99915 76.583038 74.286954 69.681701 67.712784 73.923948 85.154196 96.343298 105.99846 113.81797 118.77495 120.2298 121.72951 125.99726 128.16901 126.56519 125.28935 125.8184 127.76277 130.66079 134.29822 138.68752 143.98267 149.8215
65.501987 64.557983 63.605329 62.652237 61.710096 60.792719 59.914216 59.085099 58.306708 57.564816 56.823925 56.02359 55.076415 53.864831 52.231823 49.962706 46.769599 42.350185 36.778142 31.654931 30.773199 35.740159 42.353206 46.431741 46.809941 44.020477 40.645731 41.367404 44.316716 41.998225 40.584829 46.045734 54.540303 62.543882 68.999313 73.73539 76.59059 77.10412 74.623783 69.78982 67.741213 74.003767 85.15398 95.950163 104.80228 111.54414 116.06822 118.97037 122.23075 126.46215 128.29383 127.05986 126.29461 127.16216 129.25613 132.1636 135.71173 139.93283 144.96046 150.34657
64.275907 63.256435 62.219698 61.175515 60.1395 59.133164 58.182116 57.311332 56.537051 55.856439 55.238194 54.618046 53.900842 52.966179 51.671195 49.847051 47.302243 43.895812 39.853872 36.47086 36.148226 39.650069 44.369306 47.533525 48.158544 46.659843 44.921114 45.403287 46.964637 46.53039 46.716472 50.88794 57.594979 64.443864 70.313596 74.833441 77.770627 78.794507 77.657835 75.256374 75.002919 79.989275 88.460035 97.138967 104.56012 110.42941 114.86257 118.37713 121.69276 124.70236 126.25481 126.49786 127.01697 128.48476 130.75402 133.5855 136.83845 140.44651 144.28792 147.78196
62.997112 61.888799 60.748004 59.584446 58.417005 57.275695 56.201435 55.241272 54.437021 53.807887 53.332757 52.941862 52.524752 51.951393 51.09467 49.846017 48.133561 45.983245 43.690998 42.060261 42.172094 44.234908 47.06688 49.265705 50.163102 49.944069 49.564792 50.020277 51.034031 51.861122 53.351726 56.752901 61.738085 67.16595 72.191732 76.368412 79.427978 81.18462 81.69425 81.737337 83.047054 86.966673 92.91898 99.398103 105.39426 110.52512 114.77358 118.33173 121.38475 123.84893 125.55219 126.80367 128.2216 130.11232 132.45899 135.14849 138.05798 141.04442 143.88742 146.21193
61.67314 60.464273 59.199304 57.884467 56.538795 55.199503 53.925784 52.796635 51.896709 51.287129 50.969226 50.863065 50.82171 50.678199 50.297773 49.611297 48.631198 47.472191 46.39393 45.817782 46.160302 47.465085 49.27106 50.952247 52.110127 52.752117 53.256473 54.038043 55.163957 56.579904 58.59505 61.606879 65.54069 69.923738 74.250106 78.139454 81.339782 83.737609 85.452819 86.983377 89.139018 92.509471 96.981918 101.97485 106.93261 111.52008 115.59955 119.15118 122.17539 124.6538 126.65069 128.40439 130.20502 132.23033 134.52984 137.06677 139.73684 142.37362 144.7635 146.69593
60.315912 58.999591 57.594097 56.096633 54.519854 52.902421 51.320915 49.896646 48.783798 48.12363 47.969112 48.225644 48.668263 49.037684 49.145556 48.92712 48.440786 47.845781 47.374606 47.287037 47.781097 48.882308 50.404421 52.040975 53.529603 54.785958 55.921568 57.120674 58.507122 60.178427 62.303655 65.0506 68.422421 72.224292 76.15761 79.924976 83.300331 86.180327 88.634461 90.930199 93.459528 96.542192 100.25283 104.43074 108.81348 113.15392 117.26847 121.02726 124.32499 127.0906 129.34866 131.2536 133.03834 134.92596 137.0616 139.47845 142.09403 144.72858 147.14615 149.1284
58.94082 57.519207 55.966737 54.263953 52.406322 50.420884 48.391221 46.485252 44.962315 44.114164 44.114238 44.858238 45.967696 46.991374 47.620081 47.762291 47.506769 47.059096 46.690457 46.685946 47.265784 48.491094 50.226611 52.209892 54.181553 55.992146 57.629365 59.168313 60.715497 62.411668 64.449851 67.015749 70.172662 73.808749 77.68904 81.55005 85.175715 88.441503 91.337132 93.975229 96.580165 99.430265 102.73996 106.55852 110.7783 115.22013 119.69917 124.02653 127.97268 131.27067 133.73731 135.45672 136.8035 138.23319 140.06371 142.40719 145.19857 148.2302 151.16874 153.60024
57.563907 56.052991 54.364914 52.455245 50.288227 47.857751 45.227859 42.597247 40.362124 39.078293 39.188182 40.614709 42.690762 44.600374 45.828078 46.244847 45.979293 45.300485 44.578357 44.271583 44.815422 46.367914 48.696161 51.376294 54.034468 56.44285 58.51017 60.23651 61.700514 63.119445 64.882272 67.364536 70.654811 74.546165 78.726923 82.916602 86.903261 90.535973 93.714413 96.423741 98.842706 101.37995 104.44988 108.21993 112.62576 117.52207 122.76289 128.15874 133.33341 137.61393 140.29652 141.34679 141.61138 142.10725 143.42537 145.73452 148.97013 152.90624 157.0686 160.61199
56.19654 54.630033 52.843341 50.761105 48.303889 45.407859 42.075584 38.485828 35.164844 33.067835 33.171914 35.536065 38.982403 42.065174 43.985544 44.610109 44.139759 42.91261 41.405857 40.356402 40.675208 42.740397 46.016824 49.709267 53.252351 56.33102 58.779761 60.502144 61.505191 62.148564 63.335666 65.905646 69.813866 74.448172 79.279635 84.008007 88.459067 92.476088 95.853181 98.407675 100.3298 102.38767 105.32326 109.3102 114.19448 119.83949 126.21073 133.25165 140.52068 146.66288 149.72051 149.28947 147.42919 146.32859 146.88163 149.18059 153.12298 158.55358 164.96666 170.84573
