RAINFALL_MAXIMUM_RP_1000.tif
NCOLS 101
NROWS 90
XLLCORNER -81.15
YLLCORNER -4.25
DX 0.0099207921
DY 0.01
NODATA_VALUE -9999
[rows 52 to 77 of 90, columns 0 to 59 of 101]
452.43208 451.54188 450.67359 449.8252 448.99402 448.17666 447.36913 446.56687 445.76508 444.95918 444.14563 443.32331 442.49559 441.67333 440.87881 440.14984 439.54259 439.13009 438.99268 439.19896 439.78156 440.7187 441.93382 443.31573 444.74972 446.14561 447.45359 448.66597 449.80644 450.90872 451.98988 453.0288 453.96172 454.69961 455.15988 455.29953 455.13913 454.76754 454.29817 453.71334 452.62121 450.31226 446.26657 440.32897 432.44736 422.55902 410.68977 397.19277 383.28896 372.03291 368.26679 374.83021 389.96358 410.12908 431.85339 452.34231 469.71047 482.78003 491.09729 496.00668
449.02003 448.0718 447.14654 446.24182 445.35429 444.47963 443.61244 442.74627 441.87371 440.98671 440.07729 439.13879 438.16821 437.17007 436.1622 435.18349 434.30187 433.61776 433.25521 433.33323 433.92104 434.99849 436.45028 438.10219 439.77789 441.34573 442.7418 443.97163 445.0954 446.19664 447.33665 448.5118 449.64069 450.5936 451.24685 451.53199 451.45898 451.1011 450.52522 449.66842 448.25076 445.86753 442.17679 436.9508 430.06136 421.5533 411.78506 401.58791 392.41423 386.34295 385.58941 391.39344 403.28286 419.47515 437.66215 455.6514 471.79439 485.19183 495.84625 504.92824
445.51947 444.51277 443.531 442.57147 441.63037 440.70254 439.78134 438.85846 437.92385 436.96571 435.97082 434.92546 433.81748 432.64041 431.40098 430.13122 428.9048 427.85221 427.15992 427.03244 427.61125 428.88885 430.68743 432.72813 434.73781 436.52487 438.00578 439.20292 440.22865 441.24665 442.3972 443.70967 445.06684 446.25733 447.07404 447.3917 447.19649 446.57133 445.63756 444.45648 442.93607 440.80878 437.68271 433.1372 426.86474 418.83126 409.42009 399.56426 390.85198 385.45716 385.56125 392.22026 404.69107 420.99936 438.88546 456.3797 472.10794 485.4844 496.81778 507.26886
441.92395 440.85811 439.82023 438.80762 437.8162 436.84029 435.8723 434.90238 433.91811 432.90413 431.84189 430.70983 429.48446 428.14374 426.67481 425.08975 423.45283 421.91677 420.74758 420.28873 420.82144 422.3778 424.67704 427.26616 429.72771 431.79403 433.35893 434.45995 435.27126 436.0771 437.16029 438.61975 440.27454 441.76606 442.7473 443.0025 442.47879 441.28648 439.68933 438.03283 436.53045 434.981 432.71897 428.91107 422.90285 414.38577 403.45748 390.75898 377.89922 368.25318 366.79475 376.22431 393.76533 414.64984 435.50177 454.40024 470.34177 483.11393 493.41514 502.91096
438.2255 437.09933 436.00539 434.94121 433.90282 432.88437 431.8778 430.8723 429.85377 428.80411 427.70031 426.51361 425.20901 423.74633 422.08578 420.20373 418.1289 416.00795 414.18541 413.20973 413.61916 415.54424 418.533 421.8491 424.88067 427.28828 428.95078 429.90576 430.37072 430.78507 431.68163 433.30824 435.37486 437.27227 438.44827 438.56612 437.49913 435.3473 432.55212 429.96984 428.4696 427.98559 427.20692 424.48965 418.66139 409.04393 395.23321 377.13221 355.6962 335.62281 329.04712 344.62726 372.93741 402.6447 429.0495 450.63951 466.92794 477.99171 484.85599 490.3059
434.41448 433.22597 432.0752 430.9603 429.87777 428.82208 427.78527 426.75634 425.72056 424.65849 423.54463 422.34557 421.0177 419.50519 417.74044 415.65416 413.21114 410.50087 407.90042 406.20371 406.36729 408.72687 412.55983 416.70912 420.35297 423.13191 424.93859 425.779 425.83569 425.67757 426.22604 428.02865 430.62221 433.01419 434.40822 434.34199 432.55642 429.00076 424.17163 419.69686 417.9431 419.35848 421.19422 420.29229 414.93067 404.22425 387.33645 363.37864 332.1229 297.02321 280.29974 307.37214 350.13817 389.86054 422.40622 446.84224 462.96755 470.59284 470.25476 466.1056
430.47951 429.22537 428.01577 426.84977 425.72475 424.63603 423.57636 422.53537 421.49888 420.44788 419.35703 418.19244 416.90822 415.44174 413.70865 411.60294 409.01989 405.9478 402.70258 400.25559 400.06972 402.79999 407.38354 412.1923 416.28081 419.36817 421.40469 422.33992 422.19627 421.49592 421.56973 423.45191 426.49977 429.29449 430.8484 430.60571 428.11654 422.96994 415.3364 407.58734 404.95498 409.38612 415.22836 416.90791 412.50465 401.3764 382.61687 355.21512 319.81552 281.09957 258.85132 291.26982 337.55535 382.27196 418.82095 444.99956 460.0892 462.65129 450.6464 427.62534
426.40739 425.08266 423.81044 422.59111 421.42339 420.30387 419.2266 418.18257 417.15913 416.13925 415.1004 414.01269 412.8357 411.5133 409.96622 408.08488 405.73607 402.83046 399.55977 396.85552 396.42129 399.15236 403.81643 408.61373 412.67901 415.8696 418.20972 419.618 419.91676 419.2947 419.05571 420.65351 423.58552 426.33671 427.86902 427.54961 424.73911 418.63582 408.81747 397.80459 393.91007 401.36844 411.03392 415.06905 411.89551 401.3842 382.7988 355.22228 320.11384 286.02055 271.36254 294.67915 337.86636 383.16133 420.51704 446.67256 460.21474 458.17761 434.61081 387.92543
422.18316 420.7807 419.43977 418.16246 416.94921 415.79836 414.70566 413.6639 412.66248 411.6872 410.71977 409.7372 408.7103 407.60077 406.35611 404.903 403.14733 401.01353 398.61061 396.59659 396.27287 398.38079 402.01751 405.85662 409.29986 412.28947 414.88154 417.01335 418.41751 418.84902 418.87483 419.80313 421.8313 423.99073 425.33252 425.14113 422.69886 417.15652 408.01609 397.57704 393.84979 401.16007 410.84026 415.35297 413.19408 404.30728 388.07932 363.49716 330.4932 292.723 273.25436 303.41403 349.73707 393.11708 428.10959 452.54045 464.85807 461.91448 437.70466 390.02056
417.79016 416.30017 414.88156 413.53855 412.27374 411.08757 409.97783 408.93918 407.96303 407.03762 406.1485 405.27923 404.41238 403.53016 402.61428 401.64475 400.60028 399.47352 398.33734 397.48798 397.4777 398.65293 400.71141 403.11807 405.59653 408.12069 410.73554 413.39436 415.81121 417.47294 418.22217 418.83907 420.05053 421.62347 422.85549 423.04863 421.5738 417.88842 411.95769 405.66288 403.64762 408.07323 414.30875 417.50479 416.00078 409.4013 397.22678 378.86943 354.72351 329.8546 320.59763 340.28331 375.41211 410.89829 440.63892 462.21987 474.03541 474.11033 460.48625 436.75209
413.21026 411.61971 410.11094 408.69077 407.36449 406.13508 405.00256 403.96343 403.01042 402.13286 401.31762 400.5511 399.82203 399.12526 398.46574 397.86141 397.34218 396.94256 396.69093 396.61404 396.77129 397.25957 398.13273 399.36545 400.92923 402.85205 405.18484 407.88785 410.68247 413.03242 414.57016 415.65138 416.92402 418.49779 419.95452 420.74498 420.42396 418.77853 416.07443 413.49834 412.99045 415.2612 418.49573 420.3112 419.38953 415.24009 407.65084 396.64302 383.30962 371.77388 369.91069 382.77516 406.05288 432.11353 455.82947 474.40311 486.14709 490.06757 486.64061 480.08741
408.42404 406.71608 405.10044 403.58719 402.18494 400.89986 399.73464 398.68753 397.75181 396.91591 396.16442 395.48046 394.84937 394.2641 393.73129 393.27622 392.94098 392.7672 392.7599 392.86059 392.99336 393.16672 393.47788 394.02071 394.87019 396.13099 397.92016 400.25609 402.93818 405.56906 407.84365 409.86391 411.95129 414.17182 416.23468 417.73236 418.38559 418.18773 417.48478 416.97166 417.41198 418.99981 421.01246 422.31616 422.07669 420.02002 416.31277 411.40991 406.32568 403.35266 405.88285 416.02089 432.51599 451.99412 471.12825 487.42629 499.21667 505.67039 507.07942 504.82808
403.41127 401.56448 399.82016 398.19241 396.69413 395.33572 394.12337 393.05753 392.13165 391.33154 390.63594 390.01835 389.45065 388.90849 388.37837 387.86534 387.39764 387.02151 386.77984 386.68414 386.70956 386.81744 386.96599 387.1265 387.35359 387.84417 388.87124 390.60056 392.95873 395.71051 398.6749 401.83103 405.17796 408.5295 411.50775 413.72551 414.98829 415.41646 415.45404 415.72991 416.76368 418.62719 420.80196 422.42412 422.81853 421.97458 420.60694 419.67199 419.91048 422.17464 427.75138 437.61893 451.5042 467.89126 484.70521 499.93681 511.98381 519.77596 522.63481 519.46374
398.15141 396.13901 394.23799 392.46747 390.84608 389.39002 388.1107 387.01212 386.08854 385.32264 384.68501 384.135 383.62333 383.09655 382.50421 381.81007 381.01031 380.15944 379.39274 378.90342 378.82211 379.05373 379.27246 379.15056 378.63839 378.0886 378.09969 379.10392 381.08898 383.8571 387.41068 391.80459 396.76454 401.67224 405.83515 408.72731 410.13373 410.2527 409.75677 409.68891 411.00706 413.88722 417.42285 420.13448 420.88735 419.74511 418.4361 419.3666 423.26648 429.34213 437.55154 448.61856 462.70704 478.91736 495.65763 511.20234 524.04526 532.96686 536.78371 533.80102
392.62453 390.41344 388.32007 386.36984 384.58894 383.00189 381.62812 380.47802 379.54893 378.82171 378.25872 377.80349 377.38217 376.90657 376.27962 375.4075 374.22924 372.78213 371.30367 370.26815 370.11508 370.70594 371.22224 370.80135 369.20262 367.07047 365.69454 366.02821 367.78783 370.34918 374.14686 379.84481 386.89554 393.88872 399.54033 403.04332 404.03805 402.67167 399.90601 397.81146 398.8741 403.84877 410.58243 415.68099 416.62395 413.00974 408.31951 409.33741 417.26221 426.88805 437.01605 449.9149 466.36554 484.98931 503.78866 521.04946 535.4621 545.9872 551.64866 551.39472
386.81256 384.36248 382.03184 379.85376 377.86442 376.10013 374.59274 373.3638 372.41823 371.73858 371.28124 370.97521 370.72319 370.40388 369.87474 368.97895 367.5726 365.61334 363.36643 361.6336 361.41681 362.64766 363.72218 362.92454 359.69151 355.06084 351.68528 351.83563 354.08299 355.8651 358.93524 366.03147 375.97432 385.74664 393.21517 397.27621 397.29903 393.03092 385.38473 378.10792 377.60857 386.7104 400.06981 410.05668 411.98928 404.42412 392.56321 392.45798 406.53767 417.84373 426.37263 440.97505 462.51395 486.5293 509.49872 529.7246 546.38526 558.95371 567.0677 570.64917
380.70118 377.96375 375.33989 372.87158 370.60784 368.60143 366.90296 365.55259 364.57017 363.94602 363.63461 363.55303 363.58395 363.58051 363.36916 362.74957 361.5038 359.46615 356.7817 354.41941 354.08427 356.01603 357.67996 356.37288 351.06921 342.89018 336.41245 337.38348 342.05528 341.80897 342.32045 351.32291 365.23266 378.28893 387.68513 392.26337 391.05291 382.87195 367.52129 350.24639 345.48786 361.90782 386.77898 404.81263 410.02883 401.52851 385.84454 385.01401 400.88301 403.56507 402.37294 420.40225 452.28471 485.20327 514.00354 537.86922 556.93893 571.28521 580.87296 586.03257
374.28228 371.20091 368.21519 365.37657 362.74972 360.40963 358.43455 356.89438 355.83543 355.26511 355.141 355.36915 355.81227 356.3039 356.6602 356.68163 356.14689 354.83646 352.7234 350.55477 350.16131 352.10141 353.62466 351.7085 344.92222 333.76305 323.72159 325.65896 334.61811 331.33956 328.55701 340.04263 357.54155 373.05022 383.82214 388.86553 386.90681 375.72779 353.2941 324.85321 314.17865 338.8721 376.01622 402.18286 412.40336 408.84547 399.43492 398.94946 402.68521 384.5134 369.49053 396.45976 442.7614 485.30178 519.55067 546.5302 567.40135 582.45215 590.90492 591.37491
367.55743 364.06806 360.63842 357.32835 354.22014 351.41748 349.03815 347.19839 345.9894 345.45054 345.54868 346.17405 347.1575 348.30342 349.42364 350.35585 350.95861 351.09653 350.68877 349.98314 349.84516 350.6777 351.00541 348.7684 342.57806 332.54961 323.44501 325.25738 333.68116 330.88035 328.35997 339.19708 355.98314 371.20941 382.12832 387.5933 386.16096 375.4489 353.27799 324.87619 314.19276 339.05906 377.01288 405.02204 418.73002 421.24946 418.75651 417.13951 410.2871 385.7349 369.7879 398.3028 447.53498 492.63697 528.73183 556.98468 578.57849 593.47313 600.00907 596.00717
360.54178 356.57574 352.60788 348.70218 344.95785 341.51309 338.54016 336.22643 334.7384 334.17403 334.52006 335.63785 337.29267 339.21897 341.19274 343.07824 344.82739 346.42325 347.77715 348.6689 348.95345 348.81641 348.23877 346.49371 342.69967 337.05008 332.5278 333.57076 337.67847 338.10373 338.99251 346.9094 359.55075 372.2565 382.33542 388.29176 388.72271 382.02018 367.62186 350.69848 346.18042 363.60878 391.14976 414.26538 428.38609 434.7443 436.4554 435.46812 429.14305 415.80218 410.82886 432.22344 470.42719 509.34331 542.88234 570.33688 591.8617 606.97667 614.46772 614.61757
353.26838 348.75831 344.15059 339.50361 334.927 330.59515 326.75129 323.68956 321.70348 321.00121 321.61507 323.35658 325.85952 328.70181 331.54488 334.22138 336.73265 339.14353 341.38562 343.1038 343.91433 343.98658 343.8055 343.35072 342.20089 340.42089 339.23694 340.10191 342.41409 344.64694 347.92954 354.43908 363.87806 374.20739 383.46878 390.18059 393.16129 391.61957 386.06606 380.22598 381.13514 392.69285 410.48146 427.60797 440.53985 448.92709 453.78497 455.87194 455.03733 452.95555 456.94542 474.05316 501.65103 532.36193 561.47372 587.16618 608.62783 625.10327 636.16064 643.52756
345.79143 340.68174 335.33627 329.78995 324.14543 318.60419 313.49206 309.25684 306.40526 305.35843 306.26024 308.84978 312.51457 316.52226 320.28989 323.54075 326.2974 328.73744 330.97081 332.88967 334.34206 335.49583 336.70679 338.00889 339.1056 339.86627 340.65906 342.03972 344.17827 347.08141 351.26512 357.45518 365.67409 375.05358 384.31675 392.22828 397.85262 400.81404 401.75503 402.81369 407.05242 416.12069 428.68349 441.96197 453.89691 463.71616 471.48514 477.52082 482.32963 487.52981 496.42558 511.80217 533.17842 557.80515 583.12727 607.48755 629.70325 648.79518 664.38272 677.73722
338.18684 332.44947 326.29212 319.69793 312.72841 305.58053 298.6543 292.59942 288.26968 286.49859 287.70347 291.54408 296.96214 302.64567 307.56937 311.26685 313.79708 315.55021 317.01838 318.61577 320.62449 323.21644 326.36822 329.74753 332.85069 335.33836 337.24903 338.93115 340.88071 343.71613 348.14387 354.687 363.32831 373.40214 383.83823 393.55118 401.76282 408.22604 413.38484 418.37683 424.63014 433.06451 443.56149 455.24128 467.1293 478.58517 489.35572 499.44322 509.08888 519.01512 530.52356 544.90875 562.67749 583.48495 606.55264 630.9142 655.42951 678.81817 699.95187 718.47046
330.54684 324.20207 317.21285 309.4726 300.947 291.76072 282.33128 273.52561 266.72053 263.5245 264.99918 270.77939 279.0004 287.28555 293.87104 298.0353 299.92922 300.26633 300.10301 300.64212 302.86776 307.05943 312.63632 318.53146 323.7149 327.52789 329.795 330.8281 331.4711 333.12211 337.34418 345.00678 355.7528 368.34187 381.3523 393.64335 404.52546 413.79191 421.69661 428.88127 436.23272 444.63768 454.64713 466.27652 479.15522 492.84857 507.03523 521.4468 535.7109 549.36928 562.3109 575.36489 590.19634 608.36851 630.59988 656.7172 685.84965 716.42201 745.9624 771.25529
322.96533 316.10446 308.35587 299.48303 289.28651 277.71042 265.05286 252.30997 241.53112 235.67334 237.21837 246.00185 258.69347 270.99378 280.00879 284.77973 285.66642 283.78147 280.85278 279.2094 281.09601 287.15302 295.88958 304.98847 312.57431 317.51879 319.32761 318.15739 315.25135 313.5029 316.68613 326.67696 341.93537 359.39776 376.66223 392.4559 406.26473 417.97456 427.70025 435.83412 443.29394 451.51163 461.72441 474.34626 489.16771 505.86231 524.18881 543.76206 563.48933 581.21135 594.86515 605.16378 616.02973 631.55926 653.91134 683.63895 720.43731 762.9294 807.19918 845.17301
315.51131 308.31447 300.00808 290.19845 278.46185 264.44175 248.10719 230.32244 213.75848 203.38669 204.46054 217.60325 236.92079 254.86962 267.08424 272.60383 272.20464 267.39011 260.43628 255.06644 255.88586 264.41936 277.36426 290.43695 300.7843 306.76344 307.34595 302.06488 292.17424 283.03405 283.5675 298.09699 321.64562 346.98957 370.25318 390.37537 407.362 421.33608 432.2302 440.12157 446.34485 453.76103 464.58875 479.08485 496.67629 517.04473 540.26042 566.23315 593.38055 616.96925 630.90067 635.58004 639.81977 651.77625 674.72719 709.59243 757.14252 817.6893 887.38026 950.9483
