RAINFALL_MEAN_RP_1000.tif
NCOLS 101
NROWS 90
XLLCORNER -81.15
YLLCORNER -4.25
DX 0.0099207921
DY 0.01
NODATA_VALUE -9999
[rows 0 to 25 of 90, columns 0 to 59 of 101]
412.78308 413.00057 413.22447 413.45467 413.69103 413.93341 414.18166 414.4356 414.69504 414.9598 415.22967 415.50443 415.78385 416.06769 416.35571 416.64766 416.94329 417.24234 417.54454 417.84966 418.15744 418.46765 418.78008 419.09452 419.4108 419.72878 420.04836 420.36949 420.69216 421.01644 421.34246 421.67047 422.00077 422.33381 422.67014 423.01047 423.35566 423.70672 424.06487 424.43151 424.80828 425.19701 425.59978 426.01892 426.45699 426.91678 427.40134 427.91392 428.45799 429.03723 429.65549 430.3168 431.02537 431.78563 432.60222 433.48011 434.42464 435.4417 436.53783 437.72035
411.95595 412.16829 412.38701 412.612 412.8431 413.08015 413.32298 413.57138 413.82515 414.08407 414.3479 414.61639 414.88928 415.16629 415.44713 415.7315 416.01911 416.30964 416.60279 416.89823 417.19567 417.4948 417.79533 418.09699 418.39952 418.7027 419.00635 419.31033 419.61454 419.91895 420.22361 420.52866 420.83432 421.14095 421.44903 421.75916 422.07214 422.38895 422.71074 423.0389 423.37505 423.72105 424.07903 424.45139 424.84078 425.25015 425.68269 426.14184 426.63128 427.15489 427.71673 428.32103 428.97218 429.67475 430.43351 431.25352 432.14028 433.09984 434.13904 435.26576
411.11548 411.32257 411.53605 411.75576 411.98153 412.2132 412.45055 412.69337 412.94142 413.19447 413.45222 413.71441 413.98073 414.25085 414.52446 414.8012 415.08072 415.36266 415.64663 415.93227 416.2192 416.50704 416.79543 417.084 417.37242 417.66038 417.94758 418.2338 418.51882 418.80253 419.08486 419.36582 419.64555 419.92428 420.20239 420.48039 420.75899 421.03907 421.32173 421.60832 421.90044 422.19994 422.50898 422.83004 423.16588 423.51957 423.89447 424.29424 424.72276 425.18416 425.68272 426.22289 426.80921 427.44636 428.13919 428.89274 429.71248 430.60446 431.57562 432.63416
410.26144 410.46322 410.67137 410.88573 411.10613 411.33236 411.5642 411.80141 412.04373 412.29087 412.54254 412.79842 413.05815 413.32138 413.58774 413.85683 414.12822 414.40151 414.67626 414.952 415.22831 415.50471 415.78075 416.05599 416.33 416.60235 416.87265 417.14055 417.40574 417.66796 417.92702 418.18282 418.43534 418.68471 418.93115 419.17508 419.41706 419.65789 419.89858 420.14039 420.38488 420.63389 420.88961 421.15454 421.43156 421.72389 422.03507 422.36897 422.72975 423.12179 423.54963 424.01795 424.53148 425.09499 425.71329 426.39131 427.13426 427.94792 428.83902 429.81573
409.39361 409.58999 409.79275 410.00172 410.2167 410.43746 410.66377 410.89535 411.13192 411.37317 411.61876 411.86833 412.1215 412.37786 412.63698 412.89842 413.16171 413.42635 413.69184 413.95766 414.22327 414.48814 414.75171 415.01344 415.27279 415.52922 415.78223 416.03134 416.2761 416.51611 416.75104 416.98064 417.20474 417.4233 417.63641 417.84432 418.04746 418.24647 418.44224 418.63595 418.82907 419.02339 419.2211 419.42475 419.6373 419.86211 420.10294 420.36392 420.64948 420.96434 421.31335 421.70148 422.13367 422.61476 423.14949 423.7425 424.39853 425.1227 425.92103 426.80115
408.51173 408.70264 408.89996 409.10349 409.31301 409.52828 409.74904 409.975 410.20584 410.44121 410.68075 410.92406 411.17071 411.42025 411.6722 411.92605 412.18127 412.43731 412.69359 412.94949 413.20442 413.45772 413.70875 413.95685 414.20138 414.44167 414.67708 414.90698 415.1308 415.34796 415.55797 415.76042 415.95495 416.14134 416.31949 416.48946 416.65151 416.80611 416.95398 417.09616 417.23399 417.36921 417.50396 417.6408 417.78278 417.93341 418.09666 418.27696 418.4791 418.70817 418.96945 419.26829 419.60989 419.99923 420.44092 420.93919 421.49799 422.12135 422.81393 423.58196
407.61553 407.80092 407.99273 408.19078 408.39482 408.60459 408.8198 409.04015 409.26528 409.49483 409.72838 409.96549 410.2057 410.4485 410.69337 410.93974 411.187 411.43453 411.68168 411.92776 412.17205 412.41383 412.65233 412.88678 413.1164 413.3404 413.55799 413.76839 413.97085 414.16462 414.34904 414.52346 414.68735 414.84027 414.9819 415.11208 415.23084 415.33842 415.43536 415.52249 415.601 415.67249 415.73903 415.80317 415.86801 415.9372 416.01496 416.10603 416.21564 416.34939 416.51308 416.71257 416.9535 417.24108 417.57983 417.97347 418.42489 418.93645 419.51059 420.15098
406.70473 406.88452 407.07079 407.26332 407.46185 407.66612 407.87581 408.09058 408.31006 408.53384 408.76148 408.99249 409.22638 409.46257 409.70049 409.93951 410.17896 410.41815 410.65633 410.89272 411.12652 411.35689 411.58295 411.8038 412.01854 412.22621 412.42587 412.61657 412.79736 412.96732 413.12556 413.27122 413.40353 413.52179 413.62544 413.71404 413.78735 413.84536 413.88833 413.91684 413.93186 413.9348 413.9276 413.91275 413.89335 413.8732 413.85676 413.84914 413.85608 413.88381 413.93884 414.02775 414.15686 414.33181 414.5572 414.83625 415.17055 415.56022 416.00444 416.50272
405.77901 405.95314 406.13382 406.3208 406.51383 406.71261 406.9168 407.12604 407.33993 407.55804 407.77987 408.00491 408.23261 408.46236 408.69351 408.92538 409.15723 409.38827 409.6177 409.84462 410.06815 410.28731 410.50112 410.70854 410.9085 411.09991 411.28165 411.45257 411.61154 411.7574 411.88903 412.00533 412.10524 412.1878 412.25213 412.29748 412.3233 412.32924 412.31522 412.28152 412.22879 412.15821 412.07147 411.97093 411.85968 411.74158 411.62133 411.50447 411.39733 411.30691 411.24068 411.20624 411.21092 411.26117 411.36203 411.5164 411.72453 411.9838 412.28899 412.63347
404.83803 405.00644 405.18148 405.3629 405.55042 405.74373 405.94246 406.14624 406.35463 406.56717 406.78333 407.00256 407.22426 407.44776 407.67237 407.89732 408.12183 408.34501 408.56597 408.78373 408.99727 409.20552 409.40736 409.60161 409.78704 409.96239 410.12635 410.27758 410.4147 410.53633 410.64109 410.72758 410.79446 410.84043 410.86427 410.86487 410.84129 410.79277 410.71884 410.61937 410.49462 410.34538 410.17305 409.97976 409.76846 409.54304 409.30839 409.07049 408.83635 408.61391 408.41186 408.23923 408.10484 408.01658 407.98048 407.99969 408.07337 408.19595 408.35677 408.54085
403.88143 404.04407 404.21343 404.38927 404.57128 404.75914 404.95247 405.15086 405.35386 405.56096 405.77161 405.98521 406.20112 406.41862 406.63695 406.85529 407.07277 407.28843 407.50128 407.71025 407.91421 408.11195 408.30221 408.48368 408.65495 408.81458 408.96105 409.09281 409.20824 409.30569 409.3835 409.43995 409.47337 409.48209 409.46448 409.41903 409.34432 409.23914 409.10252 408.9338 408.73275 408.49968 408.23554 407.94208 407.622 407.27908 406.91835 406.54618 406.17032 405.79983 405.44492 405.11651 404.82561 404.58236 404.39479 404.26724 404.19866 404.18084 404.19711 404.22207
402.90882 403.06562 403.22927 403.3995 403.57602 403.75846 403.94645 404.13955 404.33727 404.53908 404.74441 404.9526 405.16297 405.37475 405.58712 405.7992 406.01003 406.21858 406.42377 406.62441 406.81926 407.007 407.1862 407.3554 407.51302 407.65741 407.78686 407.89957 407.99365 408.06719 408.11818 408.1446 408.14436 408.1154 408.05565 407.96309 407.8358 407.672 407.47011 407.22885 406.94737 406.62531 406.26302 405.86169 405.42358 404.9522 404.45255 403.9313 403.39693 402.85975 402.3318 401.82643 401.35766 400.93902 400.58193 400.2936 400.07433 399.91463 399.79228 399.6702
401.91978 402.07067 402.22856 402.39318 402.56421 402.74128 402.924 403.1119 403.30448 403.50119 403.70139 403.90442 404.10953 404.31591 404.52269 404.72891 404.93354 405.13547 405.33351 405.52639 405.71272 405.89106 406.05985 406.21743 406.36206 406.49189 406.60496 406.69922 406.77253 406.82264 406.84721 406.84384 406.81005 406.74329 406.641 406.50061 406.3196 406.09552 405.82609 405.50929 405.14344 404.72738 404.26062 403.74357 403.17778 402.56624 401.91367 401.22684 400.51483 399.78925 399.06419 398.35602 397.68269 397.06252 396.51228 396.04438 395.66325 395.36082 395.11149 394.8672
400.91386 401.05877 401.21086 401.36984 401.53539 401.70714 401.88466 402.06748 402.25507 402.44685 402.64217 402.84031 403.04048 403.24183 403.44342 403.64424 403.84318 404.03904 404.23054 404.4163 404.59482 404.7645 404.92365 405.07043 405.2029 405.319 405.41653 405.49319 405.54652 405.57396 405.57279 405.5402 405.47326 405.36892 405.22406 405.03549 404.80001 404.51441 404.1756 403.78062 403.32684 402.81205 402.23469 401.59407 400.89072 400.12673 399.30615 398.43552 397.52423 396.58502 395.63416 394.69148 393.77983 392.92396 392.14834 391.47389 390.91318 390.46416 390.10249 389.7729
399.89057 400.02942 400.17566 400.32898 400.48907 400.65553 400.82793 401.00579 401.18856 401.37562 401.56629 401.75984 401.95543 402.15215 402.34901 402.54495 402.73876 402.92919 403.11485 403.29424 403.46575 403.62764 403.77806 403.915 404.03633 404.13975 404.22282 404.28295 404.31737 404.32317 404.29724 404.23634 404.13703 403.99572 403.80868 403.57204 403.28182 402.93396 402.52442 402.04917 401.50442 400.88666 400.19295 399.42118 398.57041 397.64132 396.63681 395.56255 394.42777 393.24589 392.0352 390.81918 389.62641 388.48973 387.44409 386.52297 385.75256 385.14366 384.68092 384.3099
398.84938 398.98209 399.12241 399.27005 399.42467 399.58589 399.75326 399.92629 400.10439 400.28695 400.47326 400.66253 400.85391 401.04645 401.23909 401.43071 401.62004 401.80574 401.98633 402.16021 402.32563 402.48074 402.62351 402.75175 402.86313 402.95512 403.02504 403.06998 403.08686 403.07238 403.02304 402.9351 402.80461 402.62739 402.39904 402.11495 401.77028 401.36002 400.87904 400.32211 399.68403 398.95976 398.14465 397.23471 396.22702 395.12027 393.9154 392.61646 391.23161 389.77417 388.26377 386.72732 385.19954 383.72274 382.34525 381.11776 380.08698 379.28569 378.71881 378.34556
397.78975 397.91621 398.05054 398.19246 398.34162 398.49763 398.66005 398.82836 399.00198 399.18026 399.36249 399.54784 399.73542 399.92424 400.11321 400.30113 400.48668 400.66843 400.84482 401.01414 401.17453 401.32399 401.46033 401.5812 401.68404 401.7661 401.82442 401.85581 401.85683 401.82379 401.75274 401.63947 401.47946 401.26789 400.99965 400.6693 400.27111 399.79901 399.24666 398.60744 397.87458 397.04122 396.10062 395.04646 393.87324 392.57684 391.15535 389.61005 387.94676 386.17735 384.32151 382.40853 380.4789 378.58515 376.79138 375.17041 373.79736 372.73844 372.03383 371.67428
396.71106 396.83116 396.95942 397.09556 397.23924 397.39008 397.54762 397.71134 397.88065 398.05489 398.23332 398.41511 398.59932 398.78493 398.97081 399.15571 399.33824 399.51691 399.69005 399.85587 400.0124 400.15749 400.2888 400.4038 400.49973 400.5736 400.62218 400.64195 400.62913 400.57964 400.48904 400.35261 400.16523 399.92143 399.61531 399.24058 398.79052 398.25792 397.63512 396.91401 396.08601 395.14217 394.07334 392.87035 391.52441 390.02774 388.37438 386.56143 384.59059 382.47027 380.21802 377.86343 375.45106 373.04305 370.72057 368.58273 366.74142 365.30969 364.38177 364.00337
395.6127 395.72629 395.84837 395.97867 396.11685 396.26252 396.41524 396.57449 396.73966 396.9101 397.08504 397.26363 397.44492 397.62786 397.81127 397.99385 398.17419 398.35069 398.52164 398.68513 398.83908 398.98123 399.10908 399.21992 399.3108 399.37848 399.41946 399.42991 399.40567 399.34224 399.23472 399.07782 398.86581 398.59249 398.25118 397.83466 397.33516 396.74428 396.05296 395.25144 394.3292 393.275 392.07687 390.72233 389.19862 387.49329 385.59503 383.49494 381.18837 378.67745 375.97435 373.10534 370.11554 367.0739 364.0776 361.25436 358.76032 356.76999 355.45452 354.94496
394.49396 394.60089 394.71667 394.84104 394.97367 395.11418 395.26213 395.417 395.5782 395.74506 395.9168 396.09257 396.27141 396.45222 396.63382 396.81485 396.99386 397.1692 397.33907 397.50149 397.65429 397.79507 397.9212 398.02981 398.11773 398.18151 398.21736 398.22114 398.18832 398.11396 397.99266 397.81856 397.58527 397.28584 396.91275 396.45782 395.91219 395.26619 394.50931 393.63008 392.61594 391.45313 390.12667 388.62028 386.9166 384.99751 382.84489 380.44184 377.77463 374.8355 371.62673 368.16592 364.49273 360.67693 356.82694 353.09746 349.6933 346.86456 344.88634 344.01526
393.35415 393.45422 393.56355 393.68186 393.80887 393.9442 394.0874 394.23799 394.39536 394.55886 394.7277 394.90103 395.07788 395.25713 395.43758 395.61786 395.79645 395.97168 396.14168 396.3044 396.45757 396.59871 396.72504 396.83354 396.92086 396.98332 397.01687 397.01705 396.97895 396.89718 396.76584 396.57845 396.32794 396.00658 395.60594 395.11684 394.52928 393.83231 393.01394 392.06095 390.9587 389.69088 388.23928 386.58359 384.70128 382.56768 380.15644 377.44053 374.39403 370.99508 367.2303 363.10129 358.63334 353.88687 348.97126 344.05995 339.40421 335.33952 332.27418 330.64431
392.19248 392.28549 392.38817 392.5003 392.62158 392.75166 392.89013 393.03649 393.19016 393.35049 393.51672 393.68797 393.86329 394.04156 394.22155 394.40188 394.58101 394.75723 394.92863 395.0931 395.2483 395.39166 395.52029 395.63103 395.72037 395.78441 395.81886 395.81894 395.77937 395.69431 395.55732 395.3613 395.09844 394.76017 394.33712 393.81904 393.19476 392.452 391.57729 390.55572 389.37059 388.00313 386.43194 384.63258 382.57705 380.2335 377.56617 374.53587 371.10136 367.22194 362.86196 357.99783 352.6285 346.79016 340.5758 334.15976 327.82556 321.9921 317.2254 314.20905
391.00815 391.09384 391.18966 391.29542 391.41084 391.5356 391.66929 391.81145 391.96152 392.11886 392.28272 392.45225 392.62649 392.80434 392.98456 393.16577 393.34642 393.52477 393.69889 393.86664 394.02563 394.17321 394.30641 394.42196 394.5162 394.58506 394.62401 394.62797 394.59132 394.50775 394.37027 394.17112 393.90171 393.55256 393.11329 392.57249 391.91774 391.13542 390.2106 389.12672 387.86525 386.40513 384.72205 382.78767 380.56865 378.02572 375.11297 371.77753 367.95999 363.59624 358.62125 352.97596 346.61851 339.54147 331.79676 323.53 315.02529 306.75956 299.45864 294.12282
389.80032 389.87839 389.9671 390.06626 390.17564 390.29494 390.42379 390.56174 390.70827 390.86275 391.02447 391.1926 391.36619 391.54416 391.72529 391.9082 392.09135 392.27301 392.45123 392.62386 392.78847 392.94239 393.08259 393.20573 393.30803 393.38529 393.43276 393.44513 393.41641 393.33986 393.20794 393.01217 392.74313 392.39034 391.94227 391.38625 390.70849 389.89394 388.92621 387.78724 386.45689 384.91224 383.12664 381.06847 378.69968 375.97404 372.83555 369.21688 365.03857 360.20925 354.62804 348.19007 340.79721 332.37629 322.90796 312.46951 301.29544 289.86133 279.00083 270.05246
388.56808 388.6382 388.71948 388.81179 388.91491 389.02858 389.15246 389.28614 389.42914 389.58086 389.74062 389.90762 390.08095 390.25956 390.44225 390.62768 390.81431 391.00045 391.18416 391.3633 391.53545 391.69793 391.84772 391.98141 392.0952 392.18477 392.24525 392.2711 392.25604 392.19293 392.07364 391.88897 391.62858 391.28087 390.83298 390.27078 389.57889 388.74068 387.7382 386.552 385.16066 383.54001 381.66195 379.49274 376.99089 374.10458 370.76879 366.90235 362.40526 357.15682 351.01553 343.82214 335.40807 325.61285 314.31498 301.48165 287.2414 271.98522 256.52316 242.39099
387.3105 387.37228 387.44578 387.53091 387.62749 387.7353 387.85403 387.98334 388.12276 388.27175 388.42968 388.59578 388.76919 388.94891 389.13377 389.32249 389.51356 389.70534 389.89593 390.08323 390.26489 390.43823 390.60029 390.74769 390.87663 390.98278 391.0612 391.10622 391.11134 391.06904 390.97068 390.80631 390.56456 390.23255 389.79585 389.23852 388.54322 387.69139 386.66331 385.43811 383.99343 382.30462 380.34336 378.07553 375.45836 372.43681 368.93937 364.87329 360.11972 354.5291 347.91777 340.06717 330.72836 319.63651 306.54259 291.27145 273.81146 254.42461 233.761 213.13628
