RAINFALL_MINIMUN_RP_50.tif
NCOLS 101
NROWS 90
XLLCORNER -81.15
YLLCORNER -4.25
DX 0.0099207921
DY 0.01
NODATA_VALUE -9999
[rows 26 to 51 of 90, columns 0 to 59 of 101]
141.26388 141.16886 141.07631 140.98616 140.89828 140.81251 140.72865 140.64645 140.56562 140.48579 140.40655 140.32739 140.24777 140.16704 140.08448 139.99932 139.91068 139.81764 139.71921 139.61438 139.5021 139.38137 139.25124 139.11088 138.95966 138.79723 138.62363 138.43942 138.24584 138.04492 137.83966 137.63415 137.43355 137.2441 137.07279 136.92696 136.81353 136.7381 136.70389 136.71081 136.75464 136.82675 136.91423 137.00031 137.06487 137.08471 137.03316 136.8789 136.58413 136.10199 135.37394 134.32735 132.8742 130.91206 128.32979 125.02183 120.91539 116.007 110.37591 104.13426
140.70679 140.60316 140.50198 140.40316 140.30659 140.21209 140.11946 140.02843 139.93868 139.84981 139.76137 139.67281 139.5835 139.4927 139.3996 139.30327 139.2027 139.09675 138.98423 138.86384 138.73426 138.59414 138.44215 138.27704 138.09773 137.90343 137.69371 137.46874 137.22943 136.97768 136.71662 136.45083 136.18648 135.93142 135.69496 135.48732 135.31882 135.19851 135.13266 135.12325 135.16675 135.25366 135.36887 135.49266 135.60193 135.67107 135.67178 135.57165 135.33147 134.90147 134.21715 133.19527 131.73086 129.69649 126.94683 123.33519 118.75432 113.21413 106.92344 100.15058
140.13744 140.02482 139.91463 139.80678 139.70116 139.5976 139.49588 139.39572 139.29678 139.19864 139.1008 139.00267 138.90353 138.80258 138.69888 138.59136 138.47883 138.35996 138.23328 138.09723 137.95013 137.79021 137.61568 137.42479 137.21588 136.98751 136.73862 136.46871 136.17813 135.86832 135.54227 135.20481 134.86306 134.52662 134.20757 133.92002 133.679 133.49869 133.39015 133.35874 133.40221 133.50979 133.66297 133.83746 134.00584 134.13959 134.20959 134.18447 134.02685 133.68797 133.10165 132.17853 130.80148 128.82325 126.06885 122.3502 117.51183 111.54667 104.83436 98.405754
139.55547 139.43345 139.31384 139.19658 139.08153 138.96853 138.85737 138.74776 138.63934 138.53168 138.42425 138.31638 138.20733 138.09617 137.98187 137.86321 137.73882 137.60713 137.46644 137.31481 137.15018 136.97034 136.77293 136.55556 136.31585 136.05154 135.76067 135.44177 135.09423 134.71863 134.3173 133.89492 133.45919 133.02143 132.59695 132.20479 131.86659 131.60424 131.43634 131.37399 131.41729 131.55356 131.75856 132.00034 132.24432 132.45769 132.61121 132.67746 132.62557 132.41347 131.97918 131.23315 130.05266 128.27899 125.718 122.14844 117.35197 111.19961 103.86834 96.405573
138.9605 138.82864 138.69919 138.57206 138.44716 138.32432 138.20334 138.08393 137.96572 137.84828 137.73102 137.61327 137.49421 137.37283 137.24799 137.11832 136.98227 136.83805 136.68364 136.51676 136.33492 136.13536 135.91511 135.67101 135.39981 135.0982 134.76302 134.39149 133.98151 133.53219 133.04451 132.52217 131.97275 131.40882 130.84903 130.31852 129.84805 129.47103 129.21829 129.11094 129.15361 129.33076 129.60831 129.94073 130.28076 130.58814 130.8339 130.9986 131.06476 131.00513 130.76981 130.27573 129.40108 127.98495 125.83038 122.71017 118.38131 112.62801 105.39703 97.396378
138.35215 138.20998 138.07019 137.93273 137.79751 137.66438 137.53315 137.40354 137.2752 137.14766 137.02034 136.89254 136.76337 136.63178 136.49651 136.35605 136.20867 136.05233 135.88472 135.70318 135.50475 135.28608 135.04351 134.77301 134.47027 134.13074 133.74974 133.32271 132.8455 132.31493 131.72958 131.09097 130.40513 129.68468 128.95104 128.23622 127.58309 127.04236 126.66494 126.48987 126.53114 126.76925 127.15301 127.61231 128.07677 128.49232 128.82987 129.08381 129.26061 129.36041 129.3563 129.17851 128.70942 127.79031 126.23498 123.84484 120.42889 115.85692 110.251 104.64256
137.73002 137.577 137.42635 137.27803 137.13197 136.98805 136.84609 136.70583 136.56694 136.42895 136.2913 136.15325 136.01388 135.87209 135.72652 135.57555 135.41726 135.24938 135.06929 134.87396 134.65991 134.4232 134.15939 133.8635 133.53002 133.15292 132.72573 132.24162 131.69372 131.07558 130.38204 129.61056 128.76342 127.85076 126.89466 125.93358 125.02542 124.24615 123.67995 123.39894 123.4371 123.77053 124.31798 124.96449 125.59717 126.13624 126.55086 126.85776 127.10437 127.33907 127.5756 127.76492 127.78946 127.48361 126.6688 125.18856 122.9431 119.95204 116.51563 113.53201
137.09369 136.92925 136.76716 136.60739 136.44991 136.29463 136.14138 135.98995 135.84003 135.69119 135.54285 135.3943 135.2446 135.09261 134.9369 134.77574 134.60704 134.42834 134.2367 134.02872 133.80041 133.5472 133.26384 132.94434 132.5819 132.16884 131.69658 131.15563 130.53569 129.82601 129.01602 128.09675 127.0633 125.91901 124.68187 123.39322 122.12695 120.99408 120.13334 119.67896 119.70856 120.19657 121.0083 121.94589 122.81893 123.50124 123.95639 124.23576 124.45491 124.74766 125.20159 125.80003 126.40892 126.82239 126.83796 126.3205 125.24349 123.72862 122.11159 121.00915
136.44274 136.26626 136.09208 135.92022 135.75066 135.58336 135.41819 135.25499 135.09347 134.93325 134.77381 134.61443 134.45421 134.29197 134.12625 133.95524 133.77672 133.58801 133.38594 133.1667 132.92584 132.65817 132.35761 132.01713 131.62858 131.18256 130.66821 130.07301 129.3827 128.58117 127.65079 126.57335 125.33234 123.91764 122.33432 120.61708 118.85044 117.18848 115.8562 115.10457 115.10801 115.85195 117.10466 118.51262 119.74635 120.60104 121.0282 121.12877 121.12721 121.31018 121.90918 122.96711 124.29471 125.56955 126.49554 126.91121 126.82346 126.40584 125.98928 126.02778
135.77676 135.58754 135.40057 135.21588 135.03351 134.85345 134.67562 134.49992 134.32613 134.15393 133.98283 133.8122 133.64115 133.46854 133.29289 133.11234 132.92458 132.72678 132.51551 132.28665 132.0353 131.75564 131.44085 131.08287 130.67224 130.19779 129.64636 129.00229 128.247 127.35838 126.31035 125.07277 123.61263 121.89784 119.90688 117.6488 115.19925 112.75115 110.65414 109.37403 109.30007 110.46986 112.46954 114.64818 116.43518 117.50667 117.79467 117.45933 116.88222 116.62148 117.20977 118.82351 121.13153 123.52958 125.50473 126.81147 127.4595 127.65331 127.75262 128.23053
135.09533 134.89263 134.69208 134.49376 134.29774 134.10406 133.91273 133.72369 133.53681 133.35185 133.16841 132.98595 132.80364 132.6204 132.43479 132.24495 132.04852 131.84254 131.62342 131.38673 131.12719 130.83846 130.51297 130.14176 129.71412 129.21728 128.63588 127.95127 127.14064 126.17579 125.02162 123.6345 121.96099 119.93861 117.50252 114.60678 111.27573 107.70327 104.38572 102.15826 101.87602 103.74509 106.99789 110.41209 113.02707 114.37579 114.37083 113.21153 111.45347 110.1098 110.37284 112.76068 116.5889 120.605 123.88801 126.07955 127.19274 127.44344 127.24132 127.2842
134.39805 134.18106 133.96607 133.75321 133.5426 133.33435 133.12852 132.92514 132.72419 132.52553 132.32888 132.1338 131.93961 131.74531 131.54956 131.35054 131.14589 130.93262 130.70699 130.46438 130.19916 129.90454 129.57235 129.19282 128.75419 128.2423 127.63992 126.92585 126.07365 125.04977 123.8109 122.30044 120.44382 118.14385 115.27935 111.71783 107.36936 102.33598 97.209461 93.368957 92.601056 95.563762 100.80436 106.04722 109.78883 111.4726 111.01591 108.56814 104.73912 101.18088 100.50765 104.1439 110.513 116.93579 121.88081 124.97626 126.29807 126.00405 124.42297 122.61561
133.68456 133.45238 133.22202 132.99363 132.76738 132.54343 132.32196 132.10308 131.88688 131.67336 131.46239 131.2537 131.04675 130.84072 130.6344 130.42609 130.21352 129.99371 129.76286 129.51621 129.24789 128.95077 128.61618 128.23369 127.79074 127.27209 126.65913 125.9288 125.05211 123.99176 122.69864 121.10657 119.12435 116.62486 113.43228 109.31617 104.02454 97.449187 90.10892 83.964177 82.313871 86.760022 94.676605 102.14854 107.1273 109.14702 108.18239 104.18019 97.450252 90.188931 87.620943 93.299668 103.59691 113.18099 119.97646 123.92216 125.26573 123.97124 119.8668 114.04969
132.9545 132.70619 132.45943 132.2144 131.97134 131.73046 131.49203 131.25628 131.02343 130.79364 130.56697 130.34334 130.12245 129.90369 129.68607 129.46809 129.24762 129.02179 128.78683 128.53792 128.26905 127.97283 127.64024 127.26039 126.82011 126.30348 125.69102 124.95872 124.07637 123.00514 121.69377 120.07252 118.04349 115.46566 112.13333 107.75229 101.94164 94.37176 85.344254 77.137268 74.548278 80.326974 90.542766 99.700791 105.50617 107.73705 106.45108 101.34269 92.148998 81.065932 76.224245 84.218038 98.469256 110.70749 118.84982 123.37601 124.7148 122.57392 115.97654 105.21319
132.20759 131.94213 131.67786 131.415 131.15382 130.89461 130.63772 130.38351 130.13234 129.88457 129.64048 129.40024 129.16384 128.93095 128.7009 128.47245 128.24374 128.01208 127.77383 127.52421 127.25716 126.96512 126.63886 126.26717 125.83654 125.33064 124.72972 124.00955 123.14009 122.08327 120.78963 119.19289 117.2011 114.68236 111.44328 107.20231 101.5822 94.226435 85.356658 77.172907 74.56486 80.38494 90.54662 99.53586 105.19959 107.40062 106.21302 101.3028 92.294102 81.197144 76.272172 84.402644 98.699747 110.86644 119.00456 123.62997 125.11854 123.10564 116.52667 105.55821
131.44358 131.1599 130.87695 130.59496 130.31423 130.03513 129.75808 129.48356 129.21213 128.94432 128.68071 128.42175 128.16778 127.91887 127.67472 127.4345 127.19671 126.95896 126.71784 126.4687 126.20552 125.92068 125.60482 125.24654 124.83214 124.3452 123.766 123.07075 122.23053 121.20969 119.9636 118.43503 116.54851 114.20141 111.25127 107.50323 102.72042 96.74189 89.921497 84.037528 82.441994 86.830431 94.427286 101.40926 106.02443 107.9764 107.27216 103.79991 97.659307 90.712488 88.205334 93.937015 104.08218 113.46599 120.32946 124.63347 126.46719 125.60635 121.71658 115.82767
130.66232 130.3593 130.05641 129.75389 129.45207 129.15135 128.85223 128.55533 128.26134 127.97108 127.68537 127.40506 127.13089 126.86343 126.60289 126.34895 126.1006 125.85591 125.61179 125.36385 125.10617 124.83114 124.52932 124.18922 123.79705 123.33642 122.78784 122.12819 121.33001 120.36067 119.18136 117.74596 115.99956 113.87689 111.30167 108.19184 104.48779 100.25097 95.912982 92.62156 92.022413 94.752428 99.431906 104.04356 107.37372 109.00852 108.88729 107.10546 104.0977 101.20879 100.82488 104.36758 110.44914 116.78626 122.11632 126.00567 128.28126 128.83979 127.84225 126.35755
129.86373 129.5402 129.21608 128.89157 128.56699 128.24277 127.91947 127.59781 127.27867 126.96307 126.6522 126.34729 126.04962 125.76033 125.48028 125.20985 124.94868 124.69544 124.44753 124.20089 123.94979 123.68666 123.40202 123.08427 122.71958 122.29158 121.78102 121.16536 120.41827 119.50943 118.40458 117.06641 115.45678 113.54127 111.29788 108.73333 105.91363 103.02026 100.43393 98.776719 98.703371 100.37503 103.18265 106.16438 108.552 109.94466 110.25185 109.63908 108.56065 107.82371 108.40654 110.82321 114.69772 119.18684 123.53903 127.24129 129.98727 131.68259 132.53992 133.20733
129.0478 128.70261 128.35593 128.0079 127.65882 127.30909 126.9593 126.61026 126.26297 125.91872 125.57902 125.24558 124.92027 124.60495 124.3013 124.01058 123.73332 123.46898 123.21564 122.96968 122.72562 122.47593 122.21101 121.91913 121.58634 121.19627 120.72979 120.16458 119.4747 118.63049 117.5991 116.34634 114.84075 113.06137 111.0111 108.73737 106.36003 104.09925 102.28228 101.29117 101.42078 102.69197 104.76843 107.08143 109.06933 110.36366 110.86102 110.72053 110.32946 110.22891 110.96249 112.87048 115.94661 119.84521 124.02339 127.94073 131.21879 133.72004 135.56385 137.06747
128.21466 127.84666 127.47608 127.10299 126.7276 126.35025 125.9715 125.59219 125.21343 124.83671 124.46389 124.09718 123.73913 123.39247 123.0599 122.74383 122.44594 122.1668 121.90536 121.65862 121.42136 121.18603 120.94279 120.67961 120.38234 120.03453 119.61706 119.10756 118.47965 117.70244 116.74064 115.55591 114.11054 112.3748 110.3402 108.04134 105.5879 103.20249 101.24265 100.1556 100.30746 101.73588 104.04556 106.58369 108.73249 110.10116 110.5779 110.31006 109.66476 109.17423 109.45111 111.04475 114.17485 118.50789 123.32876 127.9366 131.88022 134.99415 137.34289 139.11348
127.36453 126.97259 126.57682 126.17716 125.77364 125.36651 124.95621 124.54353 124.12964 123.71615 123.30524 122.89964 122.50264 122.11798 121.74967 121.40155 121.0769 120.77776 120.5043 120.25435 120.02296 119.80238 119.58225 119.34998 119.09099 118.78872 118.42421 117.97506 117.41411 116.70792 115.81556 114.68812 113.26959 111.50007 109.32362 106.70591 103.67413 100.40072 97.342049 95.330419 95.290559 97.466779 101.03328 104.73013 107.62021 109.26081 109.5663 108.6989 107.06748 105.36969 104.56416 105.74635 109.54583 115.27854 121.55743 127.33274 132.09874 135.71992 138.28381 140.0266
126.4977 126.08081 125.65865 125.23095 124.79756 124.35849 123.91402 123.46475 123.01178 122.55678 122.10213 121.65103 121.20758 120.77668 120.3639 119.97501 119.61538 119.28913 118.9982 118.74151 118.51439 118.30858 118.11269 117.91295 117.69404 117.43932 117.13039 116.74556 116.25754 115.6304 114.81635 113.75234 112.35656 110.52421 108.12362 104.99816 100.99762 96.108422 90.813334 86.64444 85.953162 89.684347 95.884126 101.83016 106.04944 108.16127 108.21217 106.40803 103.23407 99.733806 97.336315 97.748258 102.75772 110.85034 119.25432 126.50602 132.1542 136.15376 138.62506 139.93976
125.61459 125.17184 124.72221 124.26517 123.80028 123.32725 122.84603 122.35693 121.86079 121.35916 120.85447 120.35029 119.85145 119.36417 118.89586 118.45479 118.04921 117.68624 117.37038 117.10217 116.87725 116.68629 116.51583 116.34993 116.17175 115.96458 115.71147 115.3931 114.98415 114.44829 113.73239 112.76001 111.4231 109.56965 106.98424 103.36188 98.297757 91.401647 82.878026 75.010662 72.85382 79.132983 89.527141 98.654191 104.56103 107.25039 107.04877 104.18955 99.147509 93.606295 90.481954 89.978416 96.377401 107.04604 117.48453 126.03352 132.38186 136.54155 138.51148 138.61315
124.71564 124.2463 123.76832 123.28085 122.78308 122.27428 121.75394 121.2219 120.67853 120.12497 119.56345 118.99763 118.43296 117.87694 117.33917 116.83105 116.36484 115.95202 115.60106 115.31509 115.09016 114.91492 114.77212 114.64157 114.50346 114.34072 114.13918 113.8848 113.55826 113.12733 112.53813 111.70568 110.50264 108.74205 106.1471 102.3004 96.583311 88.217303 76.909613 65.265259 61.296086 70.221242 84.733233 96.611425 103.83949 106.98307 106.65276 103.03792 96.281158 87.719951 83.751267 88.553086 95.019746 106.31512 117.42568 126.4571 133.05121 137.12237 138.35192 136.60942
123.80135 123.30488 122.79792 122.27923 121.74751 121.20152 120.64009 120.06237 119.46796 118.85726 118.23189 117.59516 116.95273 116.31318 115.68849 115.09395 114.54728 114.06646 113.66634 113.35447 113.12776 112.97141 112.86123 112.76903 112.66904 112.54281 112.38068 112.17839 111.92924 111.61255 111.18101 110.54857 109.57915 108.07194 105.73434 102.13278 96.628911 88.410799 77.130077 65.372655 61.338418 70.42223 85.12252 97.111753 104.42171 107.65865 107.44335 103.92967 97.093467 87.911402 82.966836 90.29796 98.916505 109.26339 119.47517 127.9876 134.30376 138.17004 139.11472 136.94491
122.87216 122.34828 121.81201 121.26167 120.69542 120.11132 119.50744 118.88193 118.23331 117.56079 116.86478 116.14756 115.41427 114.67399 113.94085 113.23468 112.58054 112.00615 111.53677 111.18804 110.9591 110.82957 110.76296 110.71623 110.65177 110.54722 110.39932 110.22028 110.02629 109.82001 109.57096 109.19954 108.56849 107.47928 105.66471 102.77015 98.339365 91.912878 83.604613 75.695021 73.526116 80.07202 90.79971 100.17906 106.31384 109.27401 109.41396 106.92992 102.11792 96.475179 94.275008 98.406362 105.86145 114.52021 123.05188 130.44418 136.17142 139.90229 141.33742 140.73443
