RAINFALL_MINIMUN_RP_5.tif
NCOLS 101
NROWS 90
XLLCORNER -81.15
YLLCORNER -4.25
DX 0.0099207921
DY 0.01
NODATA_VALUE -9999
[rows 26 to 51 of 90, columns 0 to 59 of 101]
72.719871 72.679129 72.641174 72.606045 72.573769 72.544355 72.517787 72.494026 72.473005 72.45462 72.438733 72.425167 72.413697 72.404056 72.395927 72.388941 72.382684 72.376694 72.370466 72.363461 72.355113 72.344848 72.332099 72.316331 72.297076 72.273962 72.246769 72.215475 72.180319 72.141865 72.101059 72.059285 72.018382 71.980628 71.948646 71.925242 71.913132 71.914607 71.931145 71.963049 72.00919 72.066909 72.1321 72.199438 72.262638 72.314616 72.347443 72.352024 72.31751 72.230555 72.07455 71.829048 71.469631 70.968617 70.297329 69.431197 68.359249 67.097508 65.696364 64.218569
72.403087 72.357744 72.315257 72.275682 72.239057 72.205401 72.174709 72.146951 72.122063 72.099945 72.080456 72.063408 72.048564 72.035628 72.02425 72.014016 72.004451 71.995019 71.985125 71.974122 71.96132 71.945999 71.92743 71.9049 71.877743 71.84539 71.807417 71.763619 71.714082 71.659283 71.600184 71.538326 71.4759 71.415769 71.361407 71.316714 71.285682 71.271919 71.278068 71.305245 71.352604 71.417194 71.494132 71.577056 71.658669 71.731146 71.786183 71.814579 71.805348 71.74452 71.613848 71.389688 71.042334 70.536194 69.831649 68.890561 67.68948 66.246144 64.656152 63.080413
72.077464 72.027183 71.979832 71.935478 71.894175 71.855956 71.82083 71.788779 71.759748 71.733644 71.710325 71.689599 71.671214 71.654855 71.640134 71.626592 71.613692 71.600816 71.587271 71.572289 71.555034 71.534618 71.510115 71.48059 71.445131 71.402898 71.353187 71.295508 71.229689 71.156 71.075299 70.989192 70.900173 70.811739 70.728384 70.655439 70.598674 70.563634 70.554766 70.574486 70.622432 70.695185 70.786586 70.888581 70.992306 71.088968 71.170143 71.227268 71.250348 71.226097 71.13593 70.954194 70.646965 70.171662 69.477995 68.512057 67.228574 65.622929 63.805168 62.139305
71.742689 71.687107 71.634522 71.585021 71.538674 71.495535 71.455628 71.418953 71.385468 71.355091 71.327687 71.303063 71.280958 71.261038 71.242885 71.225991 71.209757 71.19348 71.17636 71.157495 71.135886 71.110451 71.080034 71.04343 70.999422 70.946823 70.884548 70.811702 70.727703 70.632444 70.526491 70.411331 70.289629 70.165475 70.044529 69.933948 69.841971 69.777028 69.746411 69.754699 69.802404 69.885352 69.995193 70.12094 70.251036 70.375145 70.484961 70.573643 70.633896 70.655119 70.62031 70.503487 70.26812 69.866605 69.240553 68.322195 67.039155 65.328353 63.169992 60.699181
71.398445 71.33716 71.278937 71.223881 71.172085 71.123624 71.078546 71.036871 70.998579 70.963603 70.931822 70.903049 70.87702 70.853388 70.831708 70.81143 70.79189 70.7723 70.751746 70.729183 70.703434 70.673196 70.63705 70.593477 70.540888 70.477667 70.402232 70.313138 70.2092 70.089697 69.954623 69.805037 69.643482 69.474451 69.304794 69.143901 69.003388 68.896007 68.833636 68.824606 68.871113 68.96783 69.102593 69.259167 69.421134 69.575364 69.713806 69.832914 69.930753 70.002479 70.03542 70.005261 69.87439 69.592384 69.097427 68.317222 67.168844 65.559043 63.395653 60.740327
71.04441 70.976984 70.912674 70.851611 70.793912 70.739678 70.688986 70.641884 70.598378 70.558427 70.52193 70.488715 70.458525 70.431006 70.405694 70.382002 70.359206 70.336433 70.312656 70.286676 70.257126 70.222463 70.180973 70.130779 70.069858 69.996075 69.907234 69.801165 69.675857 69.529665 69.361617 69.171866 68.962304 68.737341 68.504769 68.276471 68.068535 67.900147 67.790715 67.755299 67.79957 67.916598 68.087564 68.286738 68.488754 68.675203 68.838172 68.979762 69.107659 69.227765 69.335908 69.411603 69.416437 69.297386 68.99264 68.436736 67.564309 66.319653 64.707113 63.013086
70.680259 70.60621 70.53532 70.467746 70.403635 70.34312 70.286311 70.233291 70.184102 70.138737 70.097127 70.059122 70.024485 69.992866 69.963794 69.936651 69.910662 69.884876 69.858149 69.829131 69.796255 69.757722 69.7115 69.655315 69.586654 69.502781 69.400765 69.277537 69.130001 68.955225 68.750758 68.515161 68.248812 67.955085 67.641897 67.323396 67.021176 66.7638 66.583106 66.506555 66.547279 66.696552 66.923928 67.18635 67.442002 67.662539 67.839559 67.984323 68.121141 68.275309 68.458328 68.656195 68.82714 68.910467 68.841325 68.564307 68.044014 67.28118 66.359024 65.54644
70.305669 70.224468 70.146453 70.071809 70.000716 69.933344 69.869844 69.810342 69.754925 69.703631 69.656432 69.61322 69.573786 69.537802 69.504799 69.474146 69.445028 69.416422 69.387078 69.355496 69.319905 69.278246 69.22815 69.16692 69.091511 68.998519 68.88417 68.744337 68.574583 68.370296 68.126944 67.840603 67.508877 67.132468 66.717602 66.279313 65.844962 65.456027 65.164657 65.021537 65.056152 65.25899 65.579108 65.941571 66.274588 66.531754 66.702597 66.812517 66.913802 67.066821 67.312804 67.648958 68.02259 68.350477 68.550679 68.568726 68.39194 68.058985 67.675209 67.428809
69.920321 69.831392 69.74565 69.663314 69.584599 69.509719 69.438872 69.372237 69.309955 69.252122 69.198767 69.149837 69.105172 69.06448 69.027316 68.993051 68.960847 68.929624 68.898039 68.864448 68.826886 68.783031 68.730175 68.665183 68.584455 68.483878 68.358768 68.203812 68.013027 67.779758 67.496783 67.15667 66.752623 66.280226 65.740713 65.146395 64.528261 63.9435 63.476171 63.220467 63.242089 63.535554 64.013075 64.54031 64.991885 65.290531 65.420698 65.427691 65.408742 65.488064 65.766708 66.26466 66.901388 67.538113 68.046258 68.353361 68.45566 68.413954 68.344983 68.403658
69.523909 69.42662 69.33249 69.241769 69.154716 69.071591 68.992647 68.918123 68.848231 68.783136 68.722943 68.667671 68.617228 68.571385 68.529741 68.491693 68.4564 68.422749 68.389318 68.354339 68.315664 68.270718 68.21646 68.149325 68.065159 67.959131 67.825626 67.658101 67.448911 67.189123 66.868341 66.474693 65.995227 65.417323 64.732213 63.942427 63.075213 62.201556 61.451221 60.997945 60.98748 61.433945 62.181213 62.982555 63.620223 63.969723 64.006054 63.797074 63.504853 63.368361 63.616339 64.323215 65.342623 66.408745 67.294094 67.88539 68.177642 68.248267 68.241754 68.353188
69.116144 69.009809 68.906563 68.806691 68.710496 68.618291 68.530392 68.447108 68.368731 68.295516 68.227659 68.165276 68.10837 68.056797 68.010232 67.968126 67.929665 67.893727 67.858838 67.823128 67.784284 67.7395 67.685422 67.618075 67.532775 67.424012 67.285281 67.108851 66.885459 66.603878 66.250381 65.808131 65.256703 64.57231 63.73021 62.712464 61.526875 60.24384 59.046042 58.242783 58.152159 58.851424 60.053498 61.298152 62.219503 62.63498 62.506673 61.913564 61.088593 60.464783 60.553558 61.572743 63.21722 64.935527 66.320206 67.20685 67.59093 67.557768 67.287002 67.101919
68.696762 68.580636 68.467477 68.357607 68.251374 68.149147 68.051312 67.958259 67.870374 67.788017 67.7115 67.64106 67.576825 67.518771 67.466682 67.420099 67.378271 67.340101 67.304095 67.268308 67.230292 67.187035 67.134896 67.069528 66.985769 66.877494 66.737412 66.556762 66.324869 66.028502 65.650941 65.170667 64.559679 63.78171 62.791628 61.539896 59.992119 58.183831 56.33042 54.938215 54.666524 55.760441 57.682716 59.584575 60.896139 61.394391 61.031907 59.856275 58.118536 56.526093 56.202883 57.751152 60.470562 63.188537 65.233755 66.436137 66.817 66.435625 65.443923 64.355431
68.265532 68.138811 68.014872 67.894072 67.776803 67.663494 67.554606 67.450619 67.352027 67.259314 67.172934 67.093275 67.020623 66.955116 66.896687 66.845014 66.799451 66.758969 66.722094 66.68684 66.650654 66.610349 66.562035 66.501031 66.421758 66.317575 66.180551 66.001126 65.767589 65.465287 65.0754 64.573053 63.924477 63.082996 61.984269 60.543866 58.668832 56.317389 53.675017 51.45368 50.859091 52.482864 55.366015 58.064007 59.804758 60.389507 59.775346 57.909539 54.908475 51.715323 50.580433 53.011631 57.408098 61.452818 64.245761 65.753141 66.068135 65.160303 62.960835 60.027193
67.822268 67.68409 67.548432 67.41568 67.28627 67.160691 67.03948 66.923219 66.812521 66.708016 66.610324 66.520018 66.437587 66.363373 66.297517 66.239884 66.18999 66.146925 66.109278 66.075068 66.041671 66.005754 65.96321 65.909069 65.837393 65.741123 65.611849 65.439481 65.211722 64.913264 64.524487 64.019367 63.36208 62.501645 61.364088 59.843549 57.802297 55.119342 51.898615 48.956333 48.025823 50.112988 53.802332 57.08938 59.112943 59.754904 58.987529 56.638912 52.575633 47.743153 45.643325 49.074883 55.152644 60.303963 63.635408 65.348478 65.613066 64.284026 60.937495 55.79248
67.366839 67.216287 67.0679 66.922085 66.779319 66.640144 66.505177 66.375104 66.250673 66.132676 66.02193 65.919233 65.825321 65.740802 65.666084 65.601291 65.546166 65.499983 65.461454 65.428643 65.398892 65.368755 65.33393 65.289186 65.228274 65.143791 65.026983 64.867462 64.652755 64.367632 63.99301 63.504163 62.867734 62.036815 60.943314 59.488267 57.538374 54.96583 51.8447 48.950616 48.025789 50.10439 53.739133 56.942637 58.909701 59.549073 58.835473 56.58406 52.613943 47.790067 45.660929 49.137425 55.206919 60.298349 63.601955 65.335571 65.649391 64.374824 61.062445 55.886303
66.899179 66.735286 66.573094 66.41302 66.255568 66.10133 65.950997 65.80536 65.66531 65.531822 65.405937 65.288721 65.181214 65.084358 64.998908 64.925329 64.863681 64.813502 64.773692 64.742418 64.717023 64.693965 64.668759 64.635924 64.588912 64.520014 64.420201 64.278916 64.083754 63.820022 63.470065 63.012225 62.419116 61.654838 60.670803 59.40133 57.76661 55.712078 53.359104 51.32346 50.77861 52.335129 55.031444 57.507881 59.111952 59.698444 59.227778 57.619885 54.902228 51.871255 50.768501 53.187057 57.451175 61.33443 64.082998 65.676281 66.147622 65.402977 63.325289 60.436849
66.419301 66.241062 66.06393 65.888319 65.714744 65.543831 65.376336 65.213151 65.055311 64.903989 64.76048 64.626162 64.502443 64.390682 64.29208 64.207551 64.137583 64.08208 64.040221 64.010336 63.989806 63.975 63.961239 63.942768 63.912721 63.863063 63.784481 63.666241 63.495998 63.259608 62.940937 62.521718 61.981458 61.297444 60.445153 59.400494 58.149209 56.718754 55.259882 54.163228 53.991952 54.975016 56.647441 58.300584 59.481656 60.010637 59.8379 58.984586 57.626958 56.336817 56.126417 57.583502 60.094316 62.67134 64.767163 66.190156 66.865443 66.758913 65.966186 64.984627
65.92731 65.733691 65.54044 65.347946 65.15671 64.967374 64.780735 64.597772 64.419659 64.247775 64.083692 63.929147 63.785991 63.656095 63.541227 63.442896 63.362161 63.299432 63.254283 63.225283 63.209884 63.204358 63.203788 63.202086 63.192001 63.165106 63.111723 63.020807 62.879833 62.674746 62.390136 62.009798 61.517988 60.901758 60.154983 59.285032 58.323643 57.344404 56.486544 55.964317 55.999164 56.649872 57.712574 58.84464 59.750575 60.258993 60.319417 59.992877 59.469905 59.095124 59.283692 60.247055 61.813288 63.60855 65.29663 66.647136 67.528099 67.910551 67.904699 67.798857
65.423412 65.21337 65.002795 64.792021 64.581507 64.371872 64.163926 63.958706 63.757508 63.561908 63.373771 63.195238 63.028679 62.876594 62.741476 62.625608 62.53082 62.458222 62.407939 62.378881 62.368606 62.373251 62.387577 62.405043 62.417902 62.417229 62.392867 62.333283 62.22539 62.054472 61.804395 61.458413 61.001006 60.421373 59.719355 58.914434 58.057282 57.240184 56.597134 56.28016 56.404699 56.981454 57.881942 58.877393 59.730335 60.276837 60.465127 60.359857 60.128973 60.010865 60.246932 60.988272 62.226146 63.791069 65.422368 66.868323 67.963251 68.661098 69.033195 69.223
64.907926 64.680431 64.451328 64.220855 63.989388 63.757478 63.525902 63.295708 63.068272 62.845341 62.629075 62.42205 62.227231 62.047887 61.887423 61.749142 61.635922 61.549844 61.491811 61.461224 61.455776 61.471398 61.50236 61.541478 61.580328 61.609358 61.617847 61.593648 61.522814 61.389215 61.1744 60.858001 60.419155 59.839632 59.109714 58.238265 57.268265 56.296651 55.488914 55.061927 55.201229 55.934095 57.074268 58.310351 59.349773 60.008365 60.231453 60.082643 59.726032 59.405059 59.410518 60.010717 61.303319 63.101498 65.040074 66.780969 68.122908 69.013178 69.517148 69.7538
64.381286 64.135352 63.886547 63.634971 63.380862 63.124644 62.86699 62.608891 62.351733 62.097383 61.848258 61.60738 61.378381 61.165441 60.973118 60.806059 60.668575 60.564118 60.494718 60.460486 60.459295 60.486723 60.536269 60.599764 60.667818 60.730102 60.775325 60.790814 60.761762 60.670267 60.49442 60.207664 59.778762 59.172837 58.354638 57.296893 56.000522 54.539109 53.134807 52.212707 52.257923 53.410417 55.256626 57.159414 58.650214 59.512809 59.706633 59.305679 58.49285 57.583021 57.037824 57.431167 59.076965 61.574209 64.198957 66.437718 68.06101 69.032919 69.458003 69.55934
63.844047 63.578763 63.309156 63.035135 62.756733 62.474171 62.187929 61.898836 61.608187 61.317862 61.030458 60.749405 60.479042 60.224607 59.992094 59.787918 59.618374 59.488887 59.403159 59.362371 59.364649 59.40497 59.475559 59.566667 59.667441 59.766552 59.852267 59.911824 59.930114 59.887876 59.759626 59.511496 59.098958 58.464282 57.534036 56.2196 54.432853 52.153093 49.613559 47.591561 47.301059 49.251682 52.465212 55.557353 57.779304 58.942343 59.075153 58.278979 56.768543 54.98043 53.541534 53.481862 55.803842 59.51364 63.153131 66.02249 67.913606 68.810762 68.834553 68.398458
63.296875 63.011447 62.720059 62.42237 62.118135 61.807275 61.489958 61.166718 60.838601 60.507336 60.175547 59.846958 59.526587 59.220844 58.937466 58.685194 58.473082 58.309451 58.20056 58.149287 58.154162 58.20915 58.304325 58.427286 58.56482 58.704189 58.833491 58.940795 59.012072 59.028203 58.961447 58.771538 58.401068 57.768983 56.760557 55.213897 52.914128 49.650062 45.507172 41.626077 40.5785 43.798558 49.139086 53.871272 56.993307 58.505252 58.581564 57.352722 55.0476 52.364108 50.202263 49.291519 52.663399 57.778728 62.40411 65.822605 67.879379 68.512175 67.675192 65.81692
62.740538 62.434324 62.120351 61.797963 61.466551 61.125622 60.774894 60.414428 60.044802 59.667355 59.284472 58.899936 58.519285 58.150115 57.802207 57.487296 57.218292 57.007827 56.866204 56.79912 56.805868 56.878756 57.004185 57.165172 57.344468 57.527106 57.701392 57.857813 57.985906 58.069599 58.081807 57.978802 57.694028 57.129375 56.140143 54.509577 51.917552 47.958619 42.46181 36.70679 34.730639 39.249736 46.657463 52.798045 56.624194 58.411824 58.480926 56.960745 53.984637 50.304068 48.470052 48.657442 52.173476 57.58408 62.515199 66.121819 68.18118 68.485945 66.634397 62.690306
62.175873 61.848431 61.511303 61.16345 60.803811 60.431359 60.045197 59.644691 59.229679 58.800758 58.359676 57.909847 57.456952 57.009575 56.579703 56.18281 55.837138 55.561811 55.373673 55.283351 55.291754 55.388584 55.553933 55.762769 55.990699 56.218864 56.436173 56.638025 56.821596 56.978631 57.087275 57.104563 56.960031 56.548482 55.717166 54.241692 51.793424 47.951678 42.515904 36.744148 34.747318 39.333889 46.830862 53.041603 56.936322 58.801781 58.95634 57.510592 54.529152 50.619291 48.604232 50.973409 54.540956 59.229601 63.687304 67.055415 68.995672 69.196107 67.156834 62.912441
61.603755 61.254881 60.894313 60.520575 60.132066 59.727101 59.303989 58.861156 58.397356 57.911993 57.405604 56.880546 56.34192 55.798695 55.264867 54.760269 54.310332 53.943938 53.688723 53.564239 53.575028 53.706909 53.929141 54.202409 54.489489 54.764401 55.016903 55.251102 55.47836 55.705866 55.923689 56.094138 56.146263 55.974575 55.43699 54.346961 52.466399 49.551861 45.637441 41.834837 40.822715 44.172384 49.691615 54.606663 57.931812 59.677731 60.014207 59.047113 56.943278 54.424926 53.368306 54.992463 58.187034 62.007661 65.662875 68.562128 70.365553 70.798395 69.627347 67.274266
