RAINFALL_MAXIMUM_RP_20.tif
NCOLS 101
NROWS 90
XLLCORNER -81.15
YLLCORNER -4.25
DX 0.0099207921
DY 0.01
NODATA_VALUE -9999
[rows 26 to 51 of 90, columns 0 to 59 of 101]
159.88422 159.79892 159.71771 159.64057 159.56742 159.49815 159.4326 159.37057 159.31178 159.25591 159.20255 159.15123 159.10138 159.05235 159.00341 158.95372 158.90237 158.84836 158.79061 158.728 158.65935 158.58349 158.49925 158.40558 158.30152 158.18637 158.05969 157.92148 157.77225 157.61317 157.44616 157.27398 157.10028 156.9295 156.76667 156.61699 156.48524 156.37504 156.28792 156.22256 156.1741 156.13393 156.08963 156.02532 155.92193 155.75717 155.50496 155.13423 154.60689 153.87554 152.88091 151.5498 149.79424 147.51322 144.59984 140.95807 136.53467 131.36315 125.58524 119.39142
159.25425 159.1602 159.07034 158.98464 158.90304 158.82543 158.75168 158.68156 158.61481 158.55109 158.48995 158.4309 158.37331 158.31647 158.25956 158.20164 158.14166 158.07846 158.01077 157.93723 157.85641 157.76684 157.66704 157.55557 157.4311 157.29252 157.13902 156.97022 156.78638 156.58851 156.37862 156.15986 155.93669 155.71484 155.50116 155.30321 155.12848 154.98336 154.87181 154.79417 154.74615 154.71846 154.697 154.66368 154.59719 154.47353 154.26545 153.94095 153.46042 152.77308 151.81296 150.49516 148.71315 146.3386 143.22695 139.23619 134.27307 128.38318 121.86035 115.14941
158.60875 158.50545 158.40643 158.31168 158.22115 158.13476 158.05237 157.97377 157.89868 157.82677 157.75758 157.69056 157.62506 157.5603 157.49537 157.42921 157.36063 157.2883 157.21073 157.12631 157.03332 156.92992 156.81424 156.6844 156.53857 156.3751 156.19262 155.99022 155.76762 155.5255 155.26569 154.99158 154.70831 154.42304 154.14486 153.8844 153.65295 153.46096 153.31622 153.22175 153.17428 153.16351 153.17277 153.18051 153.16237 153.0925 152.9436 152.68494 152.27861 151.67432 150.80353 149.57403 147.86541 145.52676 142.37907 138.23028 132.9228 126.4559 119.24934 112.52156
157.94717 157.83407 157.72535 157.62101 157.52103 157.42535 157.33383 157.24629 157.16247 157.08201 157.00445 156.92922 156.85564 156.78284 156.70985 156.63549 156.55843 156.47714 156.3899 156.29483 156.18985 156.07274 155.94115 155.79266 155.62483 155.43529 155.22194 154.98304 154.71753 154.42535 154.10781 153.76813 153.41193 153.04773 152.68717 152.34483 152.03726 151.78103 151.58988 151.47136 151.42398 151.43591 151.48601 151.54693 151.58915 151.58428 151.506 151.32796 151.01853 150.53335 149.80717 148.74642 147.22372 145.07453 142.09652 138.05564 132.71159 125.89361 117.68947 108.97782
157.26896 157.14547 157.02644 156.91192 156.80191 156.69636 156.59518 156.49819 156.40516 156.31573 156.22945 156.14574 156.06387 155.98295 155.90189 155.81943 155.73407 155.64409 155.54755 155.44224 155.32571 155.1953 155.04811 154.88108 154.69102 154.4747 154.22902 153.95113 153.63878 153.29069 152.90707 152.49035 152.04602 151.58361 151.11741 150.66685 150.25569 149.90961 149.65198 149.49811 149.44996 149.49326 149.59905 149.72949 149.84569 149.91456 149.91176 149.81941 149.61876 149.2792 148.74623 147.93177 146.70868 144.90969 142.32852 138.72194 133.81699 127.33864 119.11579 109.71038
156.57355 156.439 156.30901 156.18365 156.06294 155.94689 155.83542 155.72841 155.62563 155.52675 155.43135 155.33883 155.24845 155.15928 155.07016 154.97972 154.88633 154.78808 154.68275 154.56782 154.44046 154.29748 154.13541 153.95044 153.7385 153.49532 153.21654 152.89786 152.53537 152.12593 151.66782 151.16172 150.61191 150.02792 149.42627 148.83181 148.27786 147.80372 147.44846 147.24132 147.19125 147.28044 147.46613 147.69118 147.89914 148.04753 148.1144 148.09615 147.99681 147.81108 147.50545 147.00391 146.18366 144.88119 142.90394 140.04205 136.08405 130.8666 124.4809 118.04861
155.86037 155.71404 155.57235 155.4354 155.30327 155.17599 155.05353 154.93582 154.82266 154.71378 154.60876 154.50704 154.40787 154.31029 154.21311 154.11486 154.01376 153.90773 153.79429 153.6706 153.5334 153.37899 153.20321 153.00147 152.7687 152.49941 152.18774 151.82757 151.41277 150.93761 150.39739 149.78957 149.11547 148.38269 147.60828 146.82218 146.06955 145.40948 144.90701 144.61696 144.56328 144.72386 145.03152 145.39351 145.72044 145.9513 146.06591 146.08309 146.04522 145.9913 145.92462 145.78781 145.45874 144.77054 143.54456 141.62289 138.90208 135.40049 131.44172 128.02705
155.12881 154.96991 154.8157 154.66635 154.52196 154.38263 154.24838 154.11919 153.99492 153.87536 153.76014 153.64873 153.54041 153.43422 153.32894 153.22302 153.11459 153.00137 152.88065 152.74927 152.60353 152.43919 152.25141 152.03473 151.783 151.48936 151.14624 150.74537 150.27789 149.7346 149.10659 148.38626 147.56932 146.65806 145.66638 144.62654 143.59626 142.66201 141.93128 141.50683 141.44559 141.72254 142.22708 142.80047 143.29255 143.60737 143.72393 143.69467 143.62489 143.63137 143.78381 144.0529 144.30069 144.32546 143.93306 142.99763 141.50278 139.58597 137.61517 136.26762
154.37828 154.20593 154.03833 153.87565 153.71807 153.56575 153.41878 153.27719 153.14095 153.00991 152.88376 152.76206 152.64411 152.52901 152.41551 152.30205 152.18666 152.0669 151.93987 151.80205 151.64937 151.47702 151.27947 151.05037 150.78244 150.46739 150.09577 149.65691 149.13876 148.52795 147.81002 146.97019 145.99517 144.87685 143.61916 142.24931 140.8334 139.4915 138.39799 137.74559 137.6647 138.13609 138.97071 139.88643 140.6237 141.0256 141.06459 140.83935 140.55448 140.46563 140.77184 141.49438 142.44099 143.30214 143.80103 143.79502 143.30879 142.53694 141.83926 141.70586
153.6082 153.42145 153.23945 153.06242 152.89061 152.72423 152.56346 152.40843 152.25918 152.11568 151.97772 151.84493 151.71674 151.59228 151.47035 151.3494 151.22738 151.10177 150.96945 150.82665 150.66887 150.49081 150.28624 150.04795 149.76752 149.43521 149.03969 148.56775 148.00395 147.33022 146.52556 145.56601 144.4256 143.07938 141.51087 139.7277 137.78938 135.84624 134.16897 133.11533 132.97896 133.77636 135.17279 136.65261 137.7673 138.26569 138.10461 137.43452 136.6018 136.10934 136.4286 137.69561 139.57914 141.50582 142.99892 143.8395 144.05553 143.87048 143.67183 143.97048
152.81798 152.6158 152.4183 152.22579 152.03856 151.8569 151.6811 151.51138 151.34792 151.19077 151.0399 150.89506 150.75578 150.62133 150.4906 150.36205 150.23368 150.10286 149.96633 149.82009 149.65929 149.47813 149.26977 149.02614 148.73779 148.39359 147.98041 147.48263 146.88149 146.15419 145.27283 144.20317 142.90375 141.32652 139.42213 137.15639 134.54994 131.75435 129.15317 127.38654 127.10131 128.43557 130.77573 133.16352 134.84803 135.4622 134.93886 133.45474 131.51073 130.02665 130.07576 132.09454 135.41072 138.84604 141.54524 143.18 143.7702 143.53707 142.91683 142.6743
152.00709 151.78833 151.57414 151.36488 151.1609 150.9626 150.77034 150.58449 150.40535 150.23315 150.06801 149.90986 149.75841 149.61309 149.47293 149.33651 149.20186 149.06637 148.92669 148.77861 148.61699 148.43562 148.22706 147.98251 147.69157 147.34189 146.91878 146.40452 145.77748 145.01076 144.07025 142.91199 141.47874 139.69653 137.47375 134.71112 131.34313 127.45233 123.49548 120.52545 119.89121 122.06197 125.89279 129.62272 132.08726 132.8409 131.7967 129.06426 125.18569 121.67071 120.89867 124.11688 129.80471 135.46252 139.67233 142.08221 142.7418 141.7769 139.52171 137.15535
151.175 150.93845 150.70626 150.47884 150.25664 150.04012 149.82978 149.62611 149.42959 149.24063 149.05954 148.88651 148.72146 148.56406 148.41354 148.26867 148.12762 147.98782 147.84591 147.69757 147.5374 147.35883 147.15394 146.91329 146.62564 146.27767 145.85343 145.33364 144.6946 143.90651 142.93097 141.71704 140.19544 138.27046 135.81048 132.64387 128.58458 123.55808 117.96641 113.29757 112.02867 115.32049 121.13496 126.48528 129.80321 130.69933 129.09275 124.87595 118.30439 111.39593 108.93462 114.08948 123.41471 131.97411 137.85664 140.98067 141.51018 139.31027 134.14036 127.23723
150.32127 150.0656 149.81398 149.56687 149.32479 149.0883 148.85802 148.63459 148.41866 148.21088 148.01182 147.82192 147.64144 147.47031 147.3081 147.15384 147.00589 146.86187 146.71846 146.57128 146.41478 146.24209 146.04488 145.81314 145.53501 145.19635 144.78036 144.26677 143.63079 142.8414 141.85863 140.62922 139.07961 137.10499 134.5535 131.2087 126.79176 121.06576 114.2701 108.11967 106.18431 110.45439 117.92576 124.46472 128.335 129.31981 127.36723 122.1134 113.28034 102.89108 98.395728 105.71038 118.65885 129.63523 136.73267 140.34911 140.77433 137.55453 129.54362 117.09909
149.4455 149.1693 148.89672 148.62825 148.36447 148.10604 147.8537 147.60824 147.37055 147.1415 146.92198 146.71277 146.51448 146.32748 146.15171 145.98659 145.83082 145.68226 145.53774 145.39293 145.24217 145.07837 144.89284 144.67511 144.41275 144.09109 143.69271 143.19691 142.57873 141.8075 140.84458 139.63957 138.12418 136.20203 133.73322 130.51515 126.27746 120.76873 114.16774 108.10944 106.18414 110.43234 117.77652 124.12215 127.85559 128.82113 126.97687 121.93609 113.32155 102.97674 98.429902 105.83366 118.77292 129.66075 136.75904 140.48493 141.0697 137.99042 130.0226 117.41224
148.54739 148.24917 147.95398 147.66234 147.37487 147.09231 146.81552 146.54547 146.28325 146.03003 145.78704 145.55546 145.3364 145.13071 144.93885 144.76077 144.59563 144.44168 144.29601 144.15443 144.01124 143.85917 143.6892 143.49046 143.25005 142.95278 142.5809 142.11355 141.52617 140.78949 139.86817 138.71855 137.28505 135.4944 133.24716 130.40931 126.82015 122.37739 117.35273 113.04305 111.86229 114.99428 120.37922 125.21151 128.18599 129.03938 127.71177 124.04973 118.12308 111.61829 109.25937 114.39702 123.49211 131.83756 137.81387 141.32704 142.36853 140.62024 135.69649 128.76917
147.62673 147.30494 146.98541 146.66866 146.35533 146.04624 145.74233 145.44475 145.15481 144.87399 144.60392 144.34626 144.10267 143.87465 143.66335 143.46937 143.29255 143.13166 142.98422 142.84626 142.71211 142.57436 142.42366 142.24872 142.03615 141.77029 141.43303 141.00341 140.45729 139.76695 138.90067 137.82237 136.49142 134.86246 132.88632 130.51488 127.72164 124.56978 121.38275 118.97918 118.51058 120.39938 123.63481 126.74835 128.83483 129.55921 128.85079 126.77995 123.73497 120.92055 120.44973 123.54874 128.94072 134.55545 139.21714 142.47417 144.10726 143.98071 142.26927 140.14704
146.68345 146.33648 145.9908 145.64689 145.30539 144.96714 144.63317 144.30475 143.98343 143.67101 143.36954 143.08125 142.80847 142.55348 142.31832 142.10448 141.91265 141.7424 141.59181 141.45727 141.33322 141.21207 141.08413 140.93758 140.75848 140.53061 140.23535 139.8514 139.35461 138.71789 137.91161 136.90475 135.66744 134.17558 132.41895 130.41468 128.22974 126.01754 124.06737 122.82056 122.72063 123.85767 125.78006 127.77516 129.25442 129.89797 129.63706 128.63066 127.30034 126.37702 126.72762 128.79741 132.24074 136.27713 140.17511 143.40418 145.6375 146.77946 147.06787 147.1912
145.71758 145.34382 144.97013 144.59694 144.22483 143.85461 143.48735 143.12443 142.76758 142.41891 142.08093 141.75651 141.44876 141.16094 140.89618 140.65715 140.44574 140.26254 140.10647 139.97444 139.86104 139.75848 139.65658 139.54287 139.40265 139.219 138.97259 138.64144 138.20056 137.62197 136.87522 135.92911 134.75548 133.33623 131.67508 129.81527 127.86215 126.00306 124.50603 123.66987 123.71133 124.62832 126.1395 127.77538 129.06736 129.70856 129.62564 128.98473 128.16432 127.68803 128.08665 129.70346 132.53488 136.20861 140.13029 143.71419 146.56447 148.55701 149.84309 150.75722
144.72934 144.32717 143.92361 143.51898 143.11373 142.70859 142.30458 141.90312 141.50607 141.11584 140.73537 140.36821 140.0184 139.69035 139.38859 139.11736 138.88011 138.6789 138.51383 138.38254 138.27982 138.19757 138.1249 138.04838 137.95235 137.81897 137.62806 137.35664 136.97823 136.46235 135.77438 134.87669 133.73163 132.3079 130.59222 128.60892 126.44947 124.30904 122.51076 121.46713 121.51711 122.68508 124.58388 126.59392 128.14454 128.88693 128.73492 127.84611 126.59379 125.53371 125.34425 126.66418 129.7261 134.07902 138.85324 143.25195 146.79969 149.35939 151.05801 152.14448
143.71907 143.28692 142.85169 142.41346 141.97252 141.52941 141.08502 140.64069 140.19832 139.7605 139.3306 138.91284 138.5123 138.13477 137.78653 137.47384 137.20232 136.9761 136.79697 136.66361 136.57108 136.51075 136.47059 136.43576 136.38922 136.31202 136.18316 135.97875 135.67065 135.22494 134.60037 133.74752 132.60906 131.12211 129.22487 126.87307 124.07872 120.99434 118.05421 116.06905 115.94149 117.89362 121.09118 124.29192 126.59211 127.57796 127.17783 125.55519 123.11885 120.59259 119.06377 119.90884 123.8751 129.97734 136.47593 142.16034 146.49904 149.3997 151.06301 151.92382
142.68726 142.22369 141.75506 141.28119 140.80207 140.31795 139.82946 139.3377 138.84447 138.35239 137.86512 137.38752 136.92574 136.48719 136.0803 135.71401 135.39691 135.13607 134.93578 134.79627 134.71299 134.67638 134.67255 134.68436 134.69272 134.67734 134.61668 134.48669 134.25843 133.89501 133.34797 132.55358 131.42882 129.86682 127.73242 124.86391 121.10423 116.43049 111.3095 107.23827 106.50497 109.99783 115.77023 121.15514 124.72674 126.12287 125.38657 122.70961 118.55651 113.91963 110.24426 110.00522 115.62113 124.6558 133.62022 140.88583 145.99907 148.94122 149.94936 149.80542
141.63453 141.13826 140.63469 140.1233 139.60367 139.07564 138.53938 137.99558 137.44567 136.8921 136.33857 135.7904 135.25479 134.74092 134.25984 133.82397 133.446 133.13732 132.90598 132.7547 132.67947 132.66919 132.70678 132.77125 132.8402 132.89157 132.90388 132.85457 132.71621 132.4514 132.00662 131.30525 130.23915 128.65637 126.34226 122.99445 118.21416 111.61982 103.41314 95.814986 93.708362 99.673955 109.47407 117.89534 123.06082 124.9726 123.93181 120.15295 114.11641 107.41329 102.01688 99.694195 107.84463 120.19881 131.48979 140.10032 145.74325 148.35339 147.85678 145.05284
140.56163 140.03157 139.49178 138.94126 138.37911 137.80454 137.21708 136.61676 136.00434 135.38168 134.75219 134.1213 133.497 132.89025 132.31516 131.78859 131.32897 130.95405 130.6778 130.50704 130.43876 130.45932 130.54614 130.67156 130.80749 130.92908 131.01586 131.04952 131.00843 130.85961 130.54947 129.99388 129.06682 127.58363 125.27228 121.72531 116.343 108.37609 97.551463 86.390264 82.586001 91.081328 104.78846 115.8105 122.22371 124.56462 123.40039 118.91359 111.35774 102.46936 98.08892 98.157781 106.56311 119.47451 131.39515 140.43284 146.16696 148.26558 145.98216 139.32688
139.46935 138.90471 138.32773 137.73689 137.13061 136.50735 135.86577 135.20489 134.52439 133.8251 133.1095 132.3825 131.65233 130.93145 130.23724 129.59209 129.02227 128.55506 128.214 128.01302 127.95127 128.01102 128.16025 128.35948 128.57044 128.76332 128.91968 129.02988 129.08495 129.06437 128.92238 128.57508 127.88893 126.66669 124.62236 121.33527 116.19068 108.41201 97.673897 86.463971 82.617052 91.229545 105.07337 116.1859 122.69283 125.16556 124.18265 119.90123 112.42714 103.14406 98.460265 103.77794 112.01655 123.03919 133.72123 142.12719 147.56019 149.45219 146.85292 139.69744
138.35848 137.75879 137.14408 136.51218 135.86078 135.1874 134.48953 133.76486 133.01153 132.22863 131.41691 130.57978 129.72464 128.86454 128.01982 127.21929 126.49972 125.90264 125.46729 125.22041 125.16611 125.28055 125.51543 125.81017 126.10805 126.36976 126.57989 126.74398 126.87661 126.98235 127.03442 126.95715 126.61666 125.81785 124.29884 121.71505 117.62755 111.59822 103.74034 96.233557 94.16112 100.32251 110.36468 119.00859 124.44528 126.73592 126.21466 123.08581 117.71236 111.70042 109.19429 112.83024 120.13101 129.02446 137.74179 144.96123 149.95052 152.16024 151.11236 147.5019
