RAINFALL_MAXIMUM_RP_20.tif
NCOLS 101
NROWS 90
XLLCORNER -81.15
YLLCORNER -4.25
DX 0.0099207921
DY 0.01
NODATA_VALUE -9999
[rows 0 to 25 of 90, columns 0 to 59 of 101]
172.10456 172.14464 172.18781 172.23408 172.28344 172.33591 172.39146 172.4501 172.51182 172.57659 172.64442 172.71528 172.78916 172.86603 172.94587 173.02865 173.11436 173.20295 173.29441 173.38869 173.48577 173.58561 173.68816 173.7934 173.90126 174.01171 174.12469 174.24015 174.35803 174.47827 174.60081 174.72557 174.85248 174.98149 175.11251 175.24549 175.38036 175.51707 175.65556 175.79582 175.93781 176.08154 176.22703 176.37432 176.52346 176.67454 176.82766 176.98292 177.14045 177.30037 177.46283 177.62792 177.79575 177.96642 178.13998 178.31651 178.49605 178.67867 178.86445 179.05355
171.75073 171.78835 171.8291 171.87298 171.91999 171.97012 172.02338 172.07974 172.13921 172.20176 172.26738 172.33605 172.40775 172.48245 172.56014 172.64078 172.72434 172.8108 172.90012 172.99227 173.08721 173.1849 173.28531 173.38837 173.49406 173.60232 173.71308 173.8263 173.94191 174.05983 174.18001 174.30236 174.4268 174.55326 174.68165 174.8119 174.94393 175.07767 175.21307 175.35008 175.48869 175.62889 175.77069 175.91414 176.05932 176.20632 176.35527 176.5063 176.65958 176.81528 176.97354 177.13454 177.29839 177.46521 177.63509 177.80808 177.98426 178.16367 178.34645 178.53278
171.38942 171.42446 171.46266 171.50402 171.54853 171.5962 171.64702 171.70097 171.75804 171.81822 171.88148 171.9478 172.01717 172.08955 172.16492 172.24325 172.3245 172.40864 172.49564 172.58547 172.67807 172.77341 172.87145 172.97214 173.07543 173.18126 173.28957 173.40031 173.51339 173.62875 173.7463 173.86597 173.98765 174.11125 174.23669 174.36386 174.49268 174.62307 174.75495 174.88827 175.02299 175.1591 175.29662 175.4356 175.57613 175.71832 175.86231 176.0083 176.15648 176.30706 176.46024 176.61623 176.77519 176.93726 177.10252 177.27104 177.44284 177.61798 177.79655 177.97875
171.02047 171.05278 171.08829 171.12699 171.16887 171.21393 171.26216 171.31355 171.36808 171.42573 171.48648 171.5503 171.61718 171.68707 171.75995 171.83578 171.91453 171.99617 172.08066 172.16795 172.25801 172.35079 172.44624 172.54432 172.64497 172.74814 172.85375 172.96174 173.07204 173.18455 173.2992 173.41588 173.53449 173.65492 173.77707 173.90081 174.02604 174.15265 174.28056 174.40969 174.53999 174.67143 174.80403 174.93783 175.07294 175.20949 175.34766 175.48768 175.62978 175.77424 175.92133 176.07129 176.22434 176.38064 176.54028 176.7033 176.86967 177.03938 177.21244 177.38901
170.64367 170.67312 170.70579 170.74168 170.78078 170.82309 170.86859 170.91726 170.9691 171.02406 171.08214 171.14329 171.2075 171.27472 171.34493 171.41808 171.49415 171.57308 171.65484 171.73939 171.82668 171.91666 172.0093 172.10452 172.20228 172.30252 172.40516 172.51014 172.61736 172.72675 172.83819 172.95158 173.0668 173.18372 173.30222 173.42215 173.54338 173.66579 173.78925 173.91367 174.03896 174.1651 174.29207 174.41993 174.54877 174.67876 174.81011 174.9431 175.07802 175.21522 175.35505 175.49782 175.64381 175.79322 175.94615 176.1026 176.26245 176.42555 176.59176 176.76108
170.25883 170.28527 170.31495 170.34788 170.38406 170.42345 170.46606 170.51187 170.56084 170.61296 170.66819 170.7265 170.78787 170.85224 170.91958 170.98986 171.06303 171.13904 171.21786 171.29944 171.38372 171.47067 171.56022 171.65233 171.74693 171.84396 171.94335 172.04501 172.14887 172.25481 172.36272 172.4725 172.58399 172.69705 172.81153 172.92726 173.04407 173.16182 173.28033 173.39948 173.51917 173.63931 173.75989 173.88095 174.00259 174.12499 174.2484 174.37315 174.49962 174.62824 174.75946 174.89371 175.03133 175.17261 175.31765 175.46641 175.61864 175.77399 175.93206 176.09251
169.86575 169.88902 169.91556 169.94538 169.97846 170.01479 170.05435 170.09712 170.14306 170.19216 170.24437 170.29967 170.358 170.41933 170.48362 170.55081 170.62087 170.69374 170.76938 170.84774 170.92877 171.01241 171.09861 171.18732 171.27847 171.372 171.46782 171.56586 171.66602 171.76818 171.87224 171.97805 172.08545 172.19428 172.30436 172.41548 172.52744 172.64005 172.75309 172.8664 172.97983 173.09325 173.20662 173.31995 173.43335 173.54701 173.66121 173.77634 173.89289 174.0114 174.13244 174.25659 174.38435 174.51607 174.65193 174.79184 174.9354 175.08197 175.23073 175.38085
169.46422 169.48415 169.5074 169.53394 169.56377 169.59686 169.6332 169.67276 169.71551 169.76141 169.81042 169.86251 169.91761 169.9757 170.03672 170.10061 170.16733 170.23683 170.30904 170.38393 170.46143 170.54148 170.62405 170.70905 170.79644 170.88613 170.97806 171.07213 171.16825 171.26629 171.36613 171.46761 171.57055 171.67476 171.78003 171.88612 171.99278 172.09976 172.20681 172.31368 172.42016 172.52609 172.63137 172.73598 172.83999 172.94361 173.04716 173.1511 173.25601 173.3626 173.47161 173.58381 173.69991 173.82043 173.94566 174.0755 174.20941 174.34638 174.48501 174.62367
169.05402 169.07046 169.09023 169.11333 169.13973 169.16942 169.20237 169.23855 169.27791 169.32043 169.36605 169.41473 169.46642 169.52105 169.57858 169.63894 169.70209 169.76795 169.83648 169.90762 169.9813 170.05747 170.13608 170.21706 170.30034 170.38586 170.47353 170.56327 170.65497 170.74851 170.84374 170.9405 171.03858 171.13778 171.23783 171.33845 171.43936 171.54021 171.64071 171.74053 171.83938 171.93702 172.03327 172.12807 172.22144 172.31358 172.40485 172.49577 172.58706 172.67958 172.77432 172.87234 172.97461 173.08196 173.19486 173.31332 173.43667 173.56351 173.69168 173.81846
168.63492 168.64769 168.66382 168.6833 168.7061 168.73221 168.76159 168.7942 168.83 168.86895 168.91098 168.95606 169.0041 169.05507 169.10888 169.16548 169.22479 169.28677 169.35133 169.41842 169.48798 169.55995 169.63426 169.71085 169.78966 169.87062 169.95365 170.03866 170.12554 170.21416 170.30437 170.396 170.48881 170.58256 170.67697 170.77169 170.86636 170.9606 171.05401 171.14615 171.23666 171.32518 171.41144 171.49527 171.57665 171.65573 171.73287 171.80868 171.88399 171.9599 172.03768 172.11875 172.2045 172.29619 172.39469 172.50022 172.61215 172.72869 172.84683 172.96237
168.20671 168.21563 168.22793 168.24361 168.26263 168.28497 168.31059 168.33944 168.37149 168.40666 168.44491 168.48617 168.53037 168.57743 168.62729 168.67987 168.7351 168.7929 168.85321 168.91594 168.98105 169.04846 169.11811 169.18994 169.26388 169.33987 169.41782 169.49766 169.57928 169.66254 169.74728 169.83332 169.92042 170.00829 170.0966 170.18496 170.27295 170.36009 170.44585 170.52973 170.6112 170.68977 170.76503 170.83669 170.90462 170.96889 171.02984 171.08813 171.14474 171.20098 171.2585 171.31918 171.38499 171.45783 171.53919 171.62982 171.72933 171.83575 171.94519 172.05169
167.76913 167.77401 167.7823 167.79399 167.80904 167.82742 167.84909 167.874 167.90208 167.93329 167.96754 168.00477 168.04489 168.08782 168.13348 168.18178 168.23264 168.28598 168.34171 168.39977 168.46007 168.52255 168.58714 168.65379 168.72242 168.79298 168.8654 168.93959 169.01545 169.09286 169.17165 169.25162 169.33252 169.41403 169.49579 169.57735 169.65819 169.73774 169.81536 169.89039 169.96213 170.02994 170.09321 170.15146 170.20441 170.25199 170.29448 170.33252 170.36722 170.40015 170.43337 170.46933 170.51079 170.56053 170.62103 170.69397 170.77963 170.87623 170.97925 171.08088
167.32194 167.32259 167.32667 167.33417 167.34506 167.35928 167.3768 167.39756 167.42149 167.44851 167.47855 167.51152 167.54734 167.58589 167.6271 167.67085 167.71706 167.76563 167.81646 167.86948 167.92459 167.98174 168.04085 168.10186 168.16471 168.22935 168.29571 168.36371 168.43328 168.50429 168.57657 168.64994 168.72413 168.7988 168.87352 168.94781 169.02105 169.09256 169.16155 169.22719 169.2886 169.34488 169.3952 169.43882 169.47522 169.50412 169.52565 169.54038 169.54948 169.55476 169.55872 169.56453 169.57589 169.59682 169.63122 169.68227 169.75161 169.83834 169.93789 170.04094
166.86488 166.86109 166.86077 166.86388 166.87039 166.88026 166.89343 166.90983 166.92939 166.95202 166.97762 167.00611 167.03738 167.07131 167.1078 167.14672 167.18798 167.23145 167.27704 167.32464 167.37417 167.42556 167.47872 167.5336 167.59014 167.6483 167.70802 167.76925 167.83192 167.89591 167.9611 168.02727 168.09417 168.16144 168.22863 168.29517 168.36037 168.42341 168.48335 168.53915 168.58967 168.63376 168.67025 168.69808 168.71638 168.72456 168.72246 168.7105 168.68979 168.66232 168.63103 168.59984 168.57365 168.55803 168.55886 168.58159 168.63015 168.70562 168.80454 168.91701
166.39768 166.38924 166.3843 166.38281 166.38475 166.39005 166.39865 166.41048 166.42545 166.44347 166.46442 166.4882 166.51467 166.54372 166.57522 166.60903 166.64501 166.68306 166.72303 166.76483 166.80835 166.8535 166.90021 166.94842 166.99807 167.04914 167.10159 167.15537 167.21045 167.26675 167.32414 167.38245 167.44143 167.50071 167.55981 167.61812 167.67483 167.72901 167.77954 167.82512 167.86435 167.89571 167.91765 167.92866 167.92741 167.91285 167.8844 167.8421 167.78689 167.72078 167.64704 167.57038 167.497 167.43442 167.3911 167.37565 167.39559 167.45556 167.55497 167.68519
165.92006 165.90675 165.89697 165.89067 165.8878 165.88832 165.89214 165.89919 165.90935 165.92253 165.93859 165.95742 165.97886 166.00277 166.029 166.05739 166.08779 166.12006 166.15404 166.18962 166.22666 166.26508 166.3048 166.34574 166.38787 166.43116 166.47561 166.5212 166.56791 166.61571 166.66453 166.71421 166.76454 166.81515 166.86556 166.91511 166.9629 167.00788 167.0487 167.08383 167.1115 167.1298 167.13668 167.13008 167.10805 167.06889 167.01138 166.93499 166.84019 166.72877 166.60415 166.47169 166.33893 166.21557 166.11329 166.04491 166.02311 166.05816 166.15492 166.30887
165.43173 165.41332 165.39847 165.38712 165.37924 165.37474 165.37356 165.37559 165.38073 165.38883 165.39978 165.41341 165.42957 165.44807 165.46875 165.49143 165.51592 165.54204 165.56964 165.59856 165.62865 165.6598 165.69193 165.72496 165.75886 165.79362 165.82925 165.86578 165.90324 165.94164 165.98096 166.02113 166.06195 166.10312 166.14415 166.18436 166.22279 166.25823 166.28915 166.31372 166.3298 166.33496 166.32659 166.30193 166.25823 166.19294 166.10391 165.98973 165.85006 165.68608 165.50095 165.3004 165.09309 164.89104 164.70959 164.56685 164.48243 164.47487 164.55788 164.73507
164.93238 164.90863 164.88847 164.87184 164.8587 164.84896 164.84255 164.83933 164.83921 164.84202 164.84761 164.8558 164.86642 164.87926 164.89411 164.91076 164.929 164.94862 164.96943 164.99122 165.01385 165.03717 165.06107 165.08549 165.11038 165.13575 165.16165 165.18814 165.21531 165.24325 165.27202 165.30161 165.33192 165.36272 165.39357 165.42377 165.45235 165.47796 165.49887 165.51294 165.51761 165.5099 165.48649 165.44379 165.37806 165.28564 165.16314 165.00784 164.81813 164.59401 164.33784 164.05503 163.75495 163.4516 163.16418 162.91698 162.73837 162.65828 162.7036 162.89147
164.4217 164.39235 164.36662 164.34447 164.32582 164.31061 164.29872 164.29003 164.2844 164.28168 164.28168 164.2842 164.28902 164.29593 164.30466 164.31499 164.32665 164.33939 164.35298 164.36719 164.38182 164.3967 164.4117 164.42673 164.44175 164.45679 164.47192 164.48725 164.50295 164.51918 164.53612 164.55387 164.57247 164.59177 164.61145 164.63086 164.64902 164.66448 164.67535 164.67916 164.67289 164.65295 164.61523 164.55514 164.46775 164.34798 164.19087 163.9919 163.74757 163.45598 163.11777 162.73715 162.32316 161.891 161.46331 161.07091 160.75261 160.55303 160.51772 160.68451
163.89935 163.86413 163.83258 163.80464 163.78023 163.75928 163.74167 163.72726 163.7159 163.70741 163.70157 163.69817 163.69696 163.69767 163.70002 163.70371 163.70846 163.71396 163.71991 163.72605 163.73213 163.73794 163.7433 163.74812 163.75233 163.75598 163.75916 163.76205 163.76488 163.76795 163.77154 163.77594 163.78133 163.78777 163.79506 163.80268 163.8097 163.81465 163.81548 163.80942 163.79299 163.76192 163.71122 163.63515 163.5274 163.38118 163.18953 162.94561 162.64329 162.27786 161.84709 161.35256 160.80141 160.20845 159.59837 159.00794 158.48721 158.09876 157.91318 157.99888
163.36497 163.32361 163.28595 163.25194 163.22152 163.19457 163.17099 163.15061 163.13327 163.11876 163.10686 163.0973 163.0898 163.08406 163.07975 163.07652 163.07403 163.07191 163.06982 163.0674 163.06437 163.06044 163.05541 163.04911 163.04149 163.03258 163.02249 163.01146 162.99982 162.98798 162.97642 162.9656 162.95597 162.9478 162.94114 162.93569 162.93064 162.92459 162.91537 162.89997 162.87445 162.83383 162.77216 162.68245 162.55679 162.38641 162.16193 161.87364 161.512 161.06839 160.53624 159.91264 159.20058 158.41179 157.57036 156.71667 155.91119 155.2365 154.7952 154.69948
162.8182 162.77039 162.72633 162.68598 162.64925 162.61604 162.58621 162.5596 162.53603 162.51527 162.49705 162.4811 162.46708 162.45465 162.44342 162.433 162.42295 162.41287 162.40231 162.39087 162.37815 162.36381 162.34757 162.32923 162.30866 162.28589 162.26104 162.23441 162.20642 162.17764 162.14874 162.12045 162.09351 162.06853 162.04591 162.02568 162.00729 161.98949 161.97012 161.946 161.91272 161.86463 161.79476 161.69476 161.55496 161.36439 161.1109 160.78134 160.36197 159.83909 159.20014 158.43546 157.54083 156.52117 155.39548 154.20309 153.01099 151.92083 151.07278 150.63933
162.25865 162.20408 162.15331 162.1063 162.06297 162.0232 161.98685 161.95375 161.92369 161.89643 161.87166 161.84908 161.82831 161.80895 161.79057 161.77268 161.7548 161.73642 161.71702 161.69608 161.67312 161.6477 161.61944 161.58804 161.55334 161.51529 161.47403 161.42989 161.38339 161.33525 161.28638 161.23783 161.19072 161.14613 161.10493 161.06763 161.0341 161.00343 160.9736 160.94132 160.90185 160.84885 160.77429 160.66844 160.51975 160.31488 160.03864 159.67404 159.2024 158.60385 157.85813 156.94629 155.85336 154.57256 153.11158 151.50113 149.80647 148.14141 146.68339 145.6815
161.68592 161.62424 161.56643 161.51244 161.46218 161.41555 161.37239 161.33252 161.29571 161.26169 161.23014 161.2007 161.17297 161.14646 161.1207 161.09512 161.06915 161.04218 161.01357 160.98271 160.94898 160.91181 160.8707 160.82523 160.77513 160.72028 160.66079 160.59698 160.52945 160.4591 160.38711 160.31489 160.24405 160.17624 160.11301 160.05554 160.00437 159.9591 159.91807 159.87807 159.83408 159.77913 159.70416 159.59798 159.44716 159.2359 158.94589 158.55604 158.04233 157.37778 156.53294 155.47711 154.1808 152.62012 150.78386 148.68412 146.3716 143.95691 141.64078 139.75257
161.09957 161.03042 160.96521 160.90389 160.84638 160.79256 160.74228 160.69534 160.6515 160.61047 160.57189 160.53538 160.50046 160.46662 160.43328 160.39981 160.36553 160.32971 160.29161 160.25044 160.20545 160.15591 160.10114 160.04057 159.97378 159.90052 159.82079 159.7349 159.64349 159.54761 159.44871 159.34864 159.24958 159.15394 159.06413 158.98229 158.90992 158.84746 158.79388 158.74623 158.69938 158.64577 158.57532 158.47537 158.3306 158.12285 157.83077 157.42927 156.88888 156.17518 155.2485 154.06443 152.57559 150.73575 148.50718 145.8729 142.85472 139.53884 136.11572 132.958
160.49916 160.42215 160.34915 160.28012 160.21499 160.15363 160.0959 160.04158 159.99042 159.94211 159.89627 159.85246 159.81017 159.76881 159.72774 159.68621 159.64345 159.5986 159.55075 159.49897 159.44231 159.37983 159.31066 159.234 159.1492 159.05584 158.95375 158.84313 158.72461 158.59934 158.46903 158.336 158.20311 158.07371 157.95133 157.83943 157.74088 157.65737 157.5889 157.53309 157.48487 157.43613 157.37571 157.28946 157.16018 156.96754 156.6875 156.29146 155.74506 155.00671 154.0264 152.74506 151.09523 149.00424 146.40169 143.23341 139.48347 135.20196 130.53479 125.79415
