RAINFALL_MAXIMUM_RP_100.tif
NCOLS 101
NROWS 90
XLLCORNER -81.15
YLLCORNER -4.25
DX 0.0099207921
DY 0.01
NODATA_VALUE -9999
[rows 26 to 51 of 90, columns 0 to 59 of 101]
256.54501 256.43525 256.3302 256.22964 256.13331 256.04088 255.95195 255.86606 255.78264 255.70107 255.62059 255.54038 255.45947 255.37679 255.29118 255.20131 255.10578 255.00305 254.89149 254.7694 254.635 254.48651 254.32215 254.14024 253.93923 253.71784 253.47511 253.21057 252.92436 252.61736 252.29132 251.94893 251.59385 251.23049 250.86375 250.49838 250.13816 249.7848 249.43671 249.08788 248.7269 248.33642 247.89295 247.36684 246.72215 245.91584 244.89617 243.5998 241.94794 239.8417 237.15726 233.74193 229.41259 223.9596 217.16215 208.82479 198.84648 187.31603 174.55982 161.02051
255.60618 255.48507 255.36878 255.2571 255.14976 255.04644 254.94672 254.85012 254.75606 254.66388 254.57278 254.48185 254.39008 254.29628 254.19916 254.09725 253.98897 253.87255 253.74613 253.6077 253.45516 253.28635 253.09908 252.89121 252.66072 252.40583 252.12512 251.81768 251.48335 251.12287 250.73814 250.33243 249.91043 249.47831 249.04333 248.61328 248.19539 247.79488 247.41321 247.04639 246.68366 246.30677 245.89011 245.4013 244.8017 244.0461 243.08094 241.84071 240.24243 238.1788 235.51059 232.05938 227.60214 221.87078 214.56412 205.38864 194.15896 180.99352 166.55163 151.8287
254.64708 254.51414 254.38614 254.26288 254.14411 254.02949 253.91862 253.81099 253.70602 253.603 253.50111 253.39937 253.29668 253.19178 253.08323 252.96942 252.84855 252.71865 252.57756 252.42296 252.25235 252.06313 251.85263 251.61815 251.35704 251.06687 250.74554 250.39149 250.00395 249.58325 249.13117 248.6513 248.14938 247.63341 247.11361 246.60173 246.10985 245.64838 245.22352 244.83465 244.47217 244.11666 243.73941 243.30418 242.76917 242.08783 241.20741 240.06464 238.57842 236.64027 234.10366 230.77347 226.39687 220.65786 213.18179 203.56758 191.4914 176.9737 160.95089 146.08122
253.66703 253.52172 253.38149 253.24617 253.11549 252.98914 252.86671 252.74771 252.63151 252.51741 252.40454 252.29188 252.17826 252.06231 251.94246 251.81696 251.6838 251.54075 251.38537 251.21496 251.02661 250.81721 250.5835 250.32209 250.02961 249.70274 249.33846 248.93424 248.48834 248.00024 247.47115 246.90455 246.30687 245.68799 245.06148 244.44422 243.85499 243.3119 242.82862 242.41005 242.04872 241.72324 241.39959 241.03503 240.58265 239.99471 239.2222 238.20996 236.88702 235.15368 232.86714 229.82806 225.76922 220.3472 213.13892 203.65297 191.3851 175.9854 157.67483 138.41717
252.6653 252.50705 252.35404 252.2061 252.06299 251.92442 251.78998 251.65919 251.53143 251.40597 251.28191 251.15822 251.03363 250.9067 250.77575 250.63885 250.49379 250.33809 250.16899 249.98339 249.77793 249.54892 249.29243 249.00429 248.68018 248.31574 247.90673 247.44925 246.94013 246.3774 245.76096 245.09344 244.38126 243.63575 242.874 242.11916 241.39921 240.74372 240.17826 239.71718 239.35693 239.0728 238.8212 238.54715 238.19405 237.71141 237.05694 236.19111 235.06439 233.59905 231.66966 229.08652 225.58509 220.82099 214.36758 205.71622 194.29024 179.50837 161.02553 140.13101
251.64116 251.46933 251.30291 251.14174 250.98563 250.83428 250.68732 250.54427 250.40454 250.26739 250.13191 249.99703 249.86145 249.72363 249.5818 249.43385 249.27741 249.10971 248.92766 248.72777 248.50615 248.25852 247.98019 247.66608 247.31081 246.90871 246.45401 245.94106 245.36463 244.72054 244.00638 243.22271 242.37464 241.47375 240.54016 239.60411 238.70575 237.89168 237.20687 236.68241 236.32262 236.09753 235.94607 235.79004 235.55335 235.17805 234.63102 233.89836 232.9678 231.80204 230.30975 228.3236 225.59323 221.79318 216.53817 209.39974 199.93655 187.80727 173.23497 158.72319
250.59382 250.40772 250.2272 250.05214 249.88236 249.71761 249.55753 249.4017 249.24952 249.10027 248.95307 248.80681 248.66017 248.51155 248.35907 248.20051 248.03327 247.85436 247.66035 247.44733 247.21088 246.94607 246.6474 246.30881 245.92367 245.48484 244.98471 244.4154 243.76902 243.0382 242.21693 241.30196 240.2949 239.20524 238.05416 236.87864 235.73394 234.69145 233.82807 233.20562 232.8453 232.7099 232.70672 232.71365 232.61618 232.33847 231.85767 231.19884 230.41065 229.52468 228.50736 227.22417 225.43607 222.83191 219.07993 213.88085 207.03423 198.5914 189.27276 181.29822
249.52248 249.32136 249.12598 248.93627 248.75209 248.57321 248.39935 248.23009 248.06489 247.90307 247.74375 247.58585 247.42803 247.26865 247.10577 246.93703 246.75968 246.57048 246.36569 246.14097 245.89139 245.61133 245.29444 244.93362 244.52091 244.04751 243.50373 242.87905 242.16225 241.34178 240.4065 239.34707 238.15841 236.8438 235.42102 233.93058 232.44398 231.06693 229.92853 229.14821 228.78488 228.79384 229.02563 229.27567 229.35641 229.15426 228.65484 227.93926 227.15355 226.44706 225.88624 225.3811 224.67761 223.43185 221.32246 218.14862 213.90821 208.9028 203.92469 200.44689
248.42633 248.20934 247.99827 247.79307 247.59366 247.39985 247.21141 247.02798 246.84909 246.67409 246.50216 246.33225 246.16304 245.99289 245.81978 245.64131 245.45457 245.2561 245.04186 244.80713 244.54646 244.25354 243.92121 243.54125 243.10435 242.59995 242.01612 241.33938 240.55468 239.64538 238.59365 237.38144 235.99288 234.41885 232.66551 230.76811 228.80968 226.93831 225.3655 224.31914 223.94317 224.19283 224.81605 225.45387 225.78538 225.6266 224.96417 223.95316 222.88985 222.13055 221.93187 222.27635 222.8317 223.10694 222.68324 221.37005 219.26465 216.77452 214.63158 213.83924
247.30454 247.07078 246.84308 246.62146 246.40587 246.1962 245.99227 245.7938 245.60039 245.41148 245.2263 245.04388 244.86294 244.68187 244.49867 244.31086 244.11542 243.90875 243.68654 243.44369 243.17427 242.87136 242.52693 242.13174 241.67513 241.14478 240.52648 239.80371 238.9573 237.96495 236.8009 235.43609 233.83935 231.98142 229.84428 227.44047 224.84687 222.25088 219.98305 218.47066 218.04866 218.70291 219.9923 221.26804 221.97879 221.82711 220.78459 219.08437 217.23404 215.95708 215.90916 217.23228 219.38029 221.47452 222.81272 223.10592 222.46444 221.33003 220.43477 220.72939
246.15625 245.90473 245.65939 245.42031 245.18749 244.9609 244.74043 244.52589 244.31698 244.11322 243.91398 243.71837 243.5252 243.33293 243.1396 242.94273 242.73926 242.52545 242.29677 242.04785 241.77228 241.46258 241.10996 240.70419 240.23336 239.68351 239.03828 238.27827 237.38033 236.31648 235.05273 233.54764 231.7515 229.60744 227.05832 224.06743 220.66707 217.05024 213.68849 211.35075 210.78754 212.10905 214.51726 216.82233 218.10828 217.93363 216.23088 213.26316 209.76548 207.08341 206.76104 209.36516 213.82163 218.34797 221.68194 223.36552 223.47371 222.4078 220.9421 220.42738
244.98064 244.71027 244.44618 244.18848 243.93726 243.69254 243.45432 243.22251 242.99691 242.77719 242.56285 242.35313 242.147 241.94302 241.73933 241.53352 241.32253 241.10255 240.86892 240.61601 240.33705 240.02404 239.66753 239.25643 238.7777 238.21599 237.55306 236.7671 235.83153 234.71354 233.37177 231.75326 229.78959 227.39309 224.45655 220.8664 216.55437 211.63611 206.6794 202.95304 202.03451 204.39203 208.55956 212.38482 214.46471 214.25373 211.62516 206.71589 200.31539 194.65806 193.23458 197.78549 205.93472 213.92264 219.645 222.58093 222.788 220.43112 216.05153 211.71653
243.77688 243.4865 243.20244 242.92486 242.65391 242.3897 242.13234 241.88184 241.63815 241.40111 241.17036 240.94536 240.72523 240.50875 240.29421 240.07931 239.8611 239.63576 239.39857 239.14371 238.86415 238.55145 238.1956 237.78479 237.30506 236.73992 236.06974 235.27086 234.31436 233.16411 231.77379 230.08238 228.0075 225.43613 222.21423 218.14352 213.01501 206.76331 199.90205 194.22748 192.64039 196.37106 202.85247 208.49515 211.44085 211.19747 207.58498 200.37388 189.9132 179.21501 175.37868 182.97188 196.69203 209.13857 217.46547 221.5115 221.40812 216.75341 206.97586 194.21779
242.54416 242.23252 241.92716 241.62831 241.33618 241.05097 240.77287 240.50206 240.23862 239.98259 239.73382 239.492 239.25651 239.02637 238.80011 238.57566 238.3502 238.12004 237.88046 237.62555 237.34808 237.03929 236.68871 236.28396 235.81036 235.25057 234.58402 233.786 232.82643 231.66787 230.26246 228.54686 226.43429 223.80199 220.47346 216.19964 210.66519 203.61836 195.38917 188.04705 185.75512 190.65318 199.01276 205.94217 209.42159 209.15321 204.93788 196.12793 182.26214 166.37301 159.56769 170.49189 189.73134 205.90477 216.16131 221.01013 220.67786 214.09258 198.94279 175.69816
241.28172 240.94747 240.61941 240.29779 239.98287 239.67495 239.37433 239.08132 238.79619 238.51919 238.25042 237.98986 237.7372 237.49179 237.25249 237.01755 236.7844 236.54957 236.30843 236.05508 235.78217 235.48072 235.13991 234.74687 234.28641 233.74062 233.08835 232.30449 231.3589 230.21479 228.82619 227.13374 225.05778 222.487 219.2613 215.15115 209.85546 203.10952 195.17182 188.00156 185.7428 190.56004 198.67216 205.29078 208.565 208.27365 204.23248 195.7654 182.2648 166.48219 159.61502 170.67093 189.93587 206.07821 216.47717 221.63952 221.672 215.35856 200.20961 176.46987
239.98881 239.63056 239.27829 238.93227 238.59283 238.26033 237.93518 237.61783 237.30876 237.00843 236.71727 236.43556 236.16341 235.90057 235.64635 235.39941 235.15759 234.91772 234.67538 234.4248 234.15857 233.86757 233.54069 233.16472 232.72403 232.20031 231.57208 230.81421 229.89716 228.78598 227.43886 225.80489 223.8203 221.40246 218.44119 214.79068 210.28157 204.82343 198.77025 193.64941 192.195 195.60383 201.35351 206.18537 208.6109 208.3056 205.12736 198.79538 189.38751 179.39324 175.7704 183.38336 196.91331 209.35592 218.25242 223.34145 224.40897 220.68331 211.27858 198.2417
238.66477 238.28105 237.90298 237.53085 237.16501 236.80588 236.45398 236.1099 235.77429 235.4479 235.13145 234.82566 234.53107 234.24799 233.97627 233.71513 233.46296 233.21701 232.97325 232.72609 232.46818 232.19027 231.88107 231.52702 231.11213 230.61773 230.02207 229.30002 228.42263 227.35677 226.06501 224.50555 222.63262 220.39726 217.74959 214.64598 211.07415 207.13123 203.21257 200.25759 199.5274 201.39403 204.61137 207.47272 208.94433 208.64285 206.48702 202.58329 197.50507 193.01298 192.16939 196.72425 204.78336 213.28601 220.43658 225.45602 227.87774 227.36102 224.14105 220.3579
237.30897 236.89829 236.49278 236.09273 235.69851 235.31057 234.92949 234.55599 234.19092 233.83527 233.49015 233.1567 232.83604 232.5291 232.23645 231.95804 231.69296 231.43912 231.19296 230.9492 230.70062 230.43793 230.14957 229.82169 229.43792 228.97918 228.42337 227.74503 226.91515 225.90124 224.66804 223.17933 221.4016 219.31047 216.90128 214.20601 211.31927 208.43721 205.90396 204.21228 203.81974 204.75824 206.45375 208.0604 208.89463 208.60115 207.14434 204.7984 202.2079 200.44968 200.77729 203.83191 209.11672 215.47506 221.76446 227.09939 230.8961 232.95801 233.69645 234.39544
235.92089 235.4817 235.04707 234.61726 234.19258 233.77351 233.36066 232.95482 232.55701 232.16849 231.79073 231.42537 231.07416 230.73882 230.4208 230.12098 229.83941 229.57483 229.32437 229.0832 228.84429 228.59824 228.33328 228.03514 227.68704 227.26944 226.75969 226.13161 225.35514 224.39635 223.21831 221.78356 220.05919 218.02591 215.69302 213.12016 210.44383 207.89789 205.80448 204.50424 204.2174 204.89017 206.1389 207.3696 208.01055 207.71228 206.44206 204.49881 202.48356 201.20899 201.50473 203.92948 208.50242 214.62754 221.31754 227.58561 232.75777 236.61947 239.44177 241.85547
234.50002 234.0308 233.56539 233.10394 232.64671 232.19412 231.74674 231.30543 230.87131 230.44585 230.03088 229.62859 229.24145 228.87207 228.523 228.19636 227.89339 227.61401 227.35628 227.11596 226.88625 226.65761 226.41788 226.1523 225.84359 225.47171 225.01347 224.44169 223.72437 222.82406 221.69789 220.29916 218.58129 216.50606 214.0583 211.27039 208.25891 205.26943 202.70482 201.07171 200.76739 201.77243 203.54114 205.25082 206.16974 205.87451 204.30007 201.72394 198.74888 196.28462 195.48501 197.47492 202.66599 210.2502 218.70345 226.66153 233.32723 238.47236 242.30211 245.23204
233.04594 232.54522 232.04739 231.55247 231.06061 230.57207 230.08737 229.6073 229.13302 228.66615 228.20884 227.7638 227.33428 226.92397 226.53674 226.17624 225.84539 225.54564 225.27635 225.03409 224.81228 224.60112 224.38778 224.15674 223.8901 223.56749 223.16537 222.65586 222.00489 221.17027 220.09999 218.73133 216.9913 214.79977 212.07801 208.76971 204.89108 200.63931 196.57258 193.7226 193.20909 195.23965 198.66009 201.82741 203.56866 203.35478 201.10445 197.06682 191.88189 186.73492 183.50265 184.67472 191.60148 202.46113 214.14946 224.58776 232.91093 238.98306 243.09663 245.85738
231.55828 231.02464 230.49284 229.96272 229.43422 228.90741 228.3826 227.86044 227.34199 226.82892 226.32359 225.82917 225.34973 224.89013 224.45586 224.05255 223.6853 223.35775 223.07102 222.82284 222.60686 222.41267 222.22624 222.0308 221.80759 221.53608 221.19323 220.75153 220.17598 219.42023 218.42238 217.1005 215.34779 213.02694 209.96487 205.95569 200.80288 194.48877 187.6312 182.15777 180.94587 184.99109 191.66469 197.50333 200.67708 200.7031 197.59527 191.57729 183.33434 174.42669 167.22362 166.36331 176.36481 192.57936 208.75373 222.14991 232.11396 238.69777 242.25357 243.77431
230.03663 229.4688 228.90163 228.33473 227.76776 227.20051 226.63297 226.06549 225.49888 224.93465 224.37519 223.82403 223.28595 222.76709 222.27485 221.81734 221.40263 221.0374 220.72542 220.46604 220.25316 220.07517 219.91585 219.75613 219.57577 219.35441 219.07079 218.70013 218.20941 217.55111 216.65597 215.42472 213.7177 211.33966 208.01619 203.36339 196.88073 188.10417 177.33723 167.46017 164.63497 171.89654 183.63088 193.18147 198.18678 198.61178 194.73886 186.74258 175.31362 162.96457 152.25962 147.11325 162.09362 184.34153 204.65096 220.50755 231.66102 238.21669 240.14612 238.33696
228.48061 227.87744 227.27368 226.66864 226.06166 225.45211 224.83953 224.22378 223.60521 222.98493 222.36508 221.74924 221.14272 220.55293 219.98937 219.46329 218.98673 218.57078 218.22319 217.94588 217.73307 217.57096 217.43931 217.3147 217.17407 216.99724 216.7667 216.4642 216.0639 215.52297 214.77078 213.69735 212.13956 209.86059 206.51391 201.58415 194.31979 183.79919 169.74349 155.44379 150.60356 161.11792 177.71404 190.42534 196.88324 197.71985 193.51157 184.32416 170.51309 155.14179 147.47725 144.42496 159.86206 182.86789 204.12821 220.70069 232.15474 238.27863 238.19314 231.63927
226.88969 226.25022 225.60889 224.96469 224.31651 223.66322 223.00378 222.33737 221.66358 220.98278 220.29646 219.60779 218.92224 218.24816 217.59726 216.98455 216.42741 215.94332 215.54631 215.24262 215.02715 214.88237 214.78079 214.69081 214.58361 214.4385 214.24418 213.99464 213.67937 213.2695 212.70217 211.86596 210.58753 208.61464 205.58494 200.96958 194.00279 183.73432 169.82335 155.50887 150.63235 161.24997 177.95074 190.73608 197.3173 198.37754 194.51845 185.77899 172.2869 156.50992 148.84442 156.34406 169.85711 188.93128 207.73902 223.04589 233.89158 239.66572 239.18388 232.05536
225.2632 224.58666 223.90706 223.22301 222.53291 221.83505 221.12764 220.40896 219.67758 218.93269 218.1746 217.40542 216.62999 215.85698 215.10001 214.37829 213.71613 213.14035 212.67502 212.33414 212.11449 211.99256 211.92813 211.87442 211.79099 211.65433 211.46207 211.22853 210.97109 210.68895 210.33938 209.81849 208.95153 207.48998 205.10495 201.36799 195.73988 187.69821 177.43941 167.76243 164.99989 172.40896 184.30343 194.04611 199.4092 200.45861 197.55382 190.89206 181.01706 170.55722 166.12433 171.76817 183.77436 198.87966 214.03692 227.04801 236.81809 242.63489 243.84214 241.09919
