RAINFALL_MAXIMUM_RP_50.tif
NCOLS 101
NROWS 90
XLLCORNER -81.15
YLLCORNER -4.25
DX 0.0099207921
DY 0.01
NODATA_VALUE -9999
[rows 0 to 25 of 90, columns 0 to 59 of 101]
225.60443 225.66435 225.72816 225.79589 225.86753 225.94308 226.02254 226.10591 226.19317 226.28432 226.37933 226.47821 226.58093 226.68747 226.79782 226.91196 227.02986 227.15152 227.2769 227.40598 227.53875 227.67518 227.81525 227.95894 228.10622 228.25707 228.41148 228.56941 228.73086 228.8958 229.06423 229.23612 229.41148 229.59032 229.77266 229.95852 230.14798 230.34109 230.53798 230.73876 230.94363 231.15279 231.36649 231.58503 231.80877 232.03809 232.27341 232.5152 232.76395 233.02015 233.28432 233.55696 233.83856 234.1296 234.43053 234.74181 235.06388 235.39725 235.74246 236.10018
225.14069 225.19712 225.25747 225.32174 225.38994 225.46205 225.53808 225.61801 225.70183 225.78952 225.88107 225.97646 226.07567 226.17868 226.28546 226.39598 226.51023 226.62817 226.74979 226.87504 227.00391 227.13637 227.27238 227.41192 227.55496 227.70146 227.8514 228.00475 228.16146 228.32153 228.4849 228.65157 228.82152 228.99473 229.1712 229.35096 229.53404 229.7205 229.91044 230.10398 230.30129 230.50259 230.70814 230.91828 231.13336 231.35382 231.58014 231.81285 232.05249 232.29965 232.5549 232.81881 233.09195 233.37483 233.66794 233.97176 234.28673 234.61338 234.95229 235.3042
224.66772 224.72051 224.77722 224.83787 224.90245 224.97096 225.04337 225.11969 225.19988 225.28394 225.37183 225.46354 225.55904 225.65829 225.76128 225.86797 225.97832 226.09231 226.2099 226.33106 226.45575 226.58394 226.71559 226.85067 226.98913 227.13094 227.27605 227.42443 227.57602 227.73078 227.88868 228.04966 228.21369 228.38074 228.55079 228.72383 228.89987 229.07896 229.26117 229.44662 229.63545 229.82789 230.02421 230.22474 230.4299 230.64016 230.85605 231.07816 231.30713 231.54363 231.78832 232.04185 232.30486 232.5779 232.86149 233.15611 233.46218 233.78017 234.11064 234.45436
224.18533 224.2343 224.28721 224.34407 224.40486 224.46958 224.53821 224.61072 224.6871 224.76733 224.85137 224.93919 225.03076 225.12605 225.22501 225.32762 225.43383 225.54361 225.65691 225.77369 225.89391 226.01753 226.14451 226.27479 226.40833 226.54508 226.68499 226.828 226.97406 227.12309 227.27505 227.42986 227.58747 227.74781 227.91084 228.07652 228.24485 228.41581 228.58948 228.76592 228.94529 229.12778 229.31368 229.50332 229.69716 229.8957 230.09956 230.30939 230.52593 230.74996 230.98224 231.22353 231.47454 231.7359 232.00814 232.2917 232.58694 232.89421 233.21396 233.54685
223.6933 223.73828 223.78722 223.84011 223.89694 223.95768 224.02234 224.09086 224.16324 224.23943 224.31941 224.40313 224.49056 224.58165 224.67636 224.77465 224.87646 224.98176 225.09048 225.2026 225.31805 225.43678 225.55875 225.68389 225.81215 225.94347 226.07778 226.21502 226.3551 226.49796 226.6435 226.79164 226.94229 227.09536 227.25076 227.40843 227.56831 227.73038 227.89463 228.06112 228.22997 228.40135 228.57554 228.75289 228.93386 229.11903 229.30905 229.5047 229.70682 229.91631 230.13408 230.36103 230.59798 230.84563 231.10453 231.37508 231.65749 231.95193 232.25858 232.57785
223.19143 223.23225 223.27703 223.32577 223.37844 223.43504 223.49552 223.55987 223.62804 223.7 223.7757 223.85511 223.93817 224.02483 224.11504 224.20874 224.3059 224.40643 224.5103 224.61744 224.7278 224.84131 224.95792 225.07756 225.20016 225.32565 225.45395 225.58498 225.71865 225.85486 225.99349 226.13444 226.27758 226.42279 226.56994 226.71892 226.86962 227.02197 227.17591 227.33145 227.48866 227.64769 227.80879 227.9723 228.13872 228.30864 228.48283 228.66214 228.84757 229.04017 229.24105 229.45126 229.6718 229.90348 230.1469 230.40238 230.66996 230.94949 231.2407 231.54351
222.6795 222.71596 222.7564 222.8008 222.84914 222.90139 222.95751 223.01748 223.08124 223.14876 223.21997 223.29484 223.37329 223.45528 223.54074 223.6296 223.72181 223.8173 223.91601 224.01786 224.12279 224.23073 224.34162 224.45537 224.57191 224.69115 224.81301 224.93739 225.06417 225.19324 225.32446 225.45768 225.59275 225.7295 225.86776 226.00735 226.14811 226.2899 226.4326 226.57615 226.72056 226.86591 227.01243 227.16044 227.31043 227.46305 227.61913 227.77966 227.9458 228.1188 228.3 228.49071 228.69216 228.90533 229.13092 229.3692 229.61999 229.88267 230.15633 230.44006
222.15727 222.1892 222.22511 222.26498 222.30879 222.35649 222.40806 222.46343 222.52258 222.58543 222.65194 222.72203 222.79565 222.87271 222.95316 223.03691 223.12389 223.21403 223.30725 223.40348 223.50263 223.60464 223.70941 223.81687 223.92693 224.0395 224.15446 224.27171 224.39111 224.51253 224.63581 224.76075 224.88717 225.01485 225.14356 225.27306 225.40311 225.53348 225.66399 225.79447 225.92485 226.05514 226.18549 226.31619 226.4477 226.58073 226.71616 226.85513 226.99897 227.14922 227.30749 227.47545 227.65465 227.84638 228.05153 228.27037 228.50248 228.74669 229.00116 229.26372
221.62452 221.65172 221.68291 221.71805 221.75712 221.80008 221.84688 221.89747 221.95178 222.00975 222.07132 222.1364 222.20493 222.27682 222.35198 222.43033 222.51179 222.59627 222.68367 222.77393 222.86694 222.96262 223.06088 223.16162 223.26476 223.37017 223.47775 223.58738 223.69889 223.81213 223.9269 224.043 224.16017 224.27816 224.39665 224.51534 224.6339 224.75201 224.86936 224.98568 225.10077 225.21455 225.32705 225.4385 225.54932 225.6602 225.77211 225.88633 226.00441 226.12818 226.25968 226.401 226.55418 226.72099 226.90266 227.09963 227.31129 227.53585 227.77028 228.01062
221.081 221.10327 221.12953 221.15975 221.19389 221.2319 221.27372 221.31929 221.36855 221.42142 221.47781 221.53765 221.60084 221.66728 221.73688 221.80954 221.88517 221.96365 222.0449 222.12882 222.21529 222.30424 222.39555 222.48913 222.58487 222.68264 222.78233 222.8838 222.98687 223.09137 223.19707 223.30373 223.41104 223.51869 223.62631 223.73348 223.83978 223.94477 224.048 224.14906 224.24759 224.34337 224.43627 224.5264 224.6141 224.70004 224.78522 224.87105 224.95933 225.05225 225.15233 225.26228 225.38482 225.52243 225.67694 225.84921 226.03867 226.24294 226.45761 226.67638
220.52647 220.54361 220.56473 220.58982 220.61881 220.65165 220.68828 220.72863 220.77261 220.82014 220.87113 220.92547 220.98305 221.04378 221.10753 221.1742 221.24367 221.31583 221.39056 221.46775 221.54729 221.62907 221.71298 221.7989 221.88673 221.97635 222.0676 222.16034 222.2544 222.34956 222.44558 222.54218 222.63901 222.73568 222.83174 222.92669 223.01998 223.11101 223.19918 223.2839 223.36462 223.44088 223.51238 223.57903 223.64104 223.69897 223.75383 223.80712 223.8609 223.91776 223.98083 224.05358 224.13968 224.24261 224.36526 224.50931 224.6746 224.85844 225.05505 225.25531
219.96066 219.97245 219.98823 220.00797 220.0316 220.05906 220.09028 220.12518 220.16366 220.20561 220.25095 220.29953 220.35126 220.40599 220.46361 220.52397 220.58696 220.65243 220.72026 220.79032 220.86249 220.93664 221.01266 221.09043 221.16981 221.25069 221.33292 221.41633 221.50074 221.58594 221.67164 221.75753 221.84322 221.92825 222.0121 222.09413 222.17367 222.24995 222.32218 222.38953 222.45119 222.50646 222.55475 222.5957 222.62929 222.65591 222.67647 222.69253 222.70636 222.72099 222.74023 222.76853 222.81078 222.87192 222.95639 223.06737 223.20578 223.36925 223.55097 223.73887
219.38331 219.38953 219.39975 219.41392 219.43197 219.45383 219.47941 219.50863 219.54137 219.57752 219.61695 219.65953 219.70512 219.75358 219.80476 219.8585 219.91465 219.97307 220.03361 220.09612 220.16046 220.22651 220.29411 220.36316 220.43352 220.50505 220.57761 220.65104 220.72514 220.79968 220.87437 220.94887 221.02274 221.09546 221.16641 221.23486 221.29995 221.36074 221.4162 221.46522 221.50671 221.53957 221.56289 221.57592 221.57829 221.57008 221.55201 221.52558 221.49319 221.45829 221.42544 221.40021 221.38907 221.39893 221.43649 221.50732 221.6145 221.75705 221.9281 222.11313
218.79413 218.79456 218.79899 218.80736 218.81961 218.83564 218.85536 218.87867 218.90544 218.93553 218.96881 219.00513 219.04431 219.08621 219.13063 219.17742 219.2264 219.27739 219.33022 219.38473 219.44077 219.49818 219.55682 219.61656 219.67725 219.73877 219.80097 219.86369 219.92673 219.98987 220.05281 220.11518 220.17651 220.23622 220.2936 220.3478 220.3978 220.44243 220.4804 220.51027 220.53056 220.53976 220.53646 220.51943 220.48777 220.44112 220.37979 220.30506 220.21933 220.12635 220.03141 219.94138 219.86456 219.81042 219.7888 219.80883 219.87727 219.99626 220.16065 220.35501
218.19283 218.18723 218.18564 218.18799 218.1942 218.20417 218.2178 218.23496 218.25552 218.27931 218.30619 218.33597 218.36848 218.40352 218.44089 218.48039 218.52182 218.56498 218.60969 218.65574 218.70296 218.75119 218.80027 218.85004 218.90039 218.95117 219.00224 219.05345 219.10462 219.15553 219.20589 219.25532 219.30333 219.34929 219.39242 219.43172 219.46602 219.49391 219.51379 219.52385 219.52215 219.50664 219.4753 219.42625 219.3579 219.26918 219.1598 219.03052 218.88349 218.72257 218.55365 218.38485 218.22663 218.0915 217.99345 217.94664 217.96348 218.05173 218.21081 218.42724
217.5791 217.56723 217.55938 217.55547 217.55541 217.55908 217.56638 217.57716 217.59126 217.60851 217.62873 217.65172 217.67727 217.70515 217.73515 217.76702 217.80054 217.83548 217.87161 217.90871 217.94659 217.98505 218.02392 218.06304 218.10229 218.14152 218.1806 218.21942 218.2578 218.29556 218.33241 218.368 218.40183 218.43325 218.46139 218.48517 218.50322 218.51389 218.51524 218.50503 218.48079 218.43984 218.37938 218.2967 218.18928 218.05508 217.89287 217.70253 217.48557 217.24557 216.98871 216.72421 216.4647 216.22621 216.0278 215.89034 215.83436 215.87656 216.02493 216.2725
216.95262 216.93424 216.91988 216.90946 216.90288 216.90002 216.90075 216.9049 216.9123 216.92276 216.93607 216.952 216.97031 216.99075 217.01306 217.03696 217.0622 217.08849 217.11559 217.14324 217.1712 217.19927 217.22724 217.25496 217.28228 217.30907 217.33523 217.36065 217.38521 217.40875 217.43104 217.45176 217.47044 217.48642 217.4988 217.50639 217.50767 217.50074 217.4833 217.45264 217.40566 217.33893 217.24876 217.13136 216.98301 216.80038 216.58085 216.32298 216.02707 215.69582 215.33512 214.9548 214.56938 214.19858 213.8673 213.6048 213.44254 213.4103 213.53005 213.80767
216.31306 216.2879 216.26678 216.2496 216.23625 216.22661 216.22051 216.21779 216.21825 216.22167 216.22781 216.23642 216.24722 216.25993 216.27423 216.28983 216.3064 216.32364 216.34124 216.35891 216.37637 216.39338 216.40973 216.42522 216.4397 216.45307 216.46524 216.47613 216.48567 216.49377 216.50028 216.50494 216.50733 216.50685 216.50258 216.49328 216.4773 216.45248 216.41618 216.36516 216.29565 216.20334 216.08348 215.93098 215.74064 215.50741 215.22681 214.89542 214.51162 214.07637 213.59433 213.07502 212.5341 211.99454 211.48739 211.05169 210.73281 210.57843 210.63142 210.91897
215.66007 215.62786 215.5997 215.5755 215.55513 215.53845 215.52528 215.51545 215.50871 215.50484 215.50357 215.5046 215.50762 215.5123 215.51829 215.52524 215.53278 215.54054 215.54816 215.55532 215.56167 215.56693 215.57086 215.57323 215.5739 215.57274 215.56971 215.56478 215.55794 215.54919 215.53847 215.52564 215.51041 215.49223 215.47027 215.44327 215.40949 215.36658 215.31151 215.24055 215.14918 215.03213 214.8834 214.69639 214.46407 214.17927 213.83504 213.42528 212.94545 212.39367 211.77199 211.08813 210.35738 209.6047 208.86669 208.19277 207.6448 207.29371 207.21176 207.45889
214.99326 214.95373 214.91826 214.88677 214.8591 214.83512 214.81463 214.79743 214.78325 214.77185 214.76291 214.75611 214.75108 214.74746 214.74484 214.74281 214.74094 214.73881 214.73599 214.73208 214.72669 214.71948 214.71015 214.69845 214.68421 214.66731 214.64773 214.6255 214.60069 214.57342 214.54376 214.51174 214.47723 214.43986 214.39892 214.35323 214.30101 214.2398 214.16624 214.07608 213.96403 213.82378 213.64795 213.4282 213.15536 212.81965 212.41108 211.91998 211.3378 210.65832 209.87922 209.00421 208.04575 207.02831 205.99191 204.99542 204.11856 203.46064 203.13345 203.24518
214.31226 214.2651 214.22204 214.18296 214.14773 214.11619 214.08811 214.06328 214.04142 214.02223 214.00538 213.9905 213.97718 213.96499 213.95348 213.94215 213.93053 213.9181 213.90437 213.88884 213.87107 213.85063 213.82716 213.80036 213.77002 213.73604 213.69839 213.65717 213.61254 213.56477 213.51412 213.46083 213.40501 213.34655 213.28498 213.2193 213.14783 213.06803 212.97634 212.86801 212.73699 212.57587 212.37579 212.12647 211.81631 211.43252 210.96139 210.3888 209.70098 208.88566 207.93384 206.84233 205.61719 204.27827 202.86477 201.44151 200.10473 198.98546 198.24602 198.06375
213.61665 213.56155 213.51058 213.46364 213.42056 213.38116 213.34523 213.31252 213.28272 213.25551 213.23051 213.20731 213.18545 213.16445 213.14377 213.12286 213.10115 213.07803 213.05294 213.02526 212.99447 212.96003 212.9215 212.87851 212.8308 212.77824 212.7208 212.65865 212.59207 212.52146 212.44733 212.37021 212.29054 212.20858 212.12424 212.03683 211.94492 211.84606 211.73658 211.61132 211.46354 211.28469 211.06437 210.79024 210.44802 210.02153 209.49281 208.84245 208.05017 207.09582 205.96114 204.63242 203.10461 201.38702 199.51108 197.5402 195.58115 193.79523 192.40421 191.68068
212.906 212.84263 212.78344 212.7283 212.67707 212.62954 212.58548 212.54462 212.50663 212.47116 212.43778 212.40603 212.37541 212.34536 212.31527 212.28451 212.2524 212.21826 212.18137 212.14104 212.09659 212.04738 211.99285 211.93253 211.86608 211.7933 211.71418 211.62889 211.53785 211.44163 211.34103 211.23692 211.1302 211.02163 210.91165 210.80012 210.68604 210.56726 210.44015 210.29932 210.13739 209.94474 209.7094 209.41689 209.05011 208.58925 208.01171 207.29211 206.40253 205.31318 203.99381 202.41625 200.5587 198.41232 195.99097 193.34479 190.57814 187.87181 185.50669 183.87656
212.17985 212.10786 212.0401 211.97645 211.91675 211.86078 211.8083 211.75902 211.71259 211.66861 211.62662 211.58612 211.54653 211.50722 211.46751 211.42667 211.38391 211.33842 211.28936 211.23589 211.17719 211.11246 211.04099 210.96217 210.87553 210.78077 210.67784 210.56693 210.44853 210.32344 210.19274 210.05774 209.91991 209.7807 209.64129 209.50232 209.36351 209.22329 209.07833 208.92319 208.75001 208.54817 208.30416 208.00135 207.61983 207.13608 206.52269 205.74795 204.77555 203.56465 202.0706 200.24686 198.04894 195.44128 192.4083 188.97115 185.21161 181.30581 177.5718 174.53067
211.43772 211.35674 211.28005 211.20753 211.13902 211.07429 211.01309 210.95511 210.89997 210.84724 210.79643 210.74697 210.69822 210.64948 210.59997 210.54886 210.49523 210.43814 210.3766 210.30959 210.23609 210.15514 210.06582 209.96731 209.85897 209.74036 209.61132 209.47199 209.32293 209.16512 208.99995 208.82926 208.65521 208.48011 208.30618 208.13516 207.96788 207.8037 207.63995 207.47144 207.28998 207.0841 206.83879 206.53533 206.15105 205.65893 205.0269 204.21704 203.18453 201.87678 200.23308 198.18539 195.66124 192.59005 188.91482 184.61118 179.71585 174.36677 168.86612 163.80395
210.6791 210.58872 210.50271 210.42095 210.34327 210.26944 210.1992 210.13222 210.0681 210.00638 209.94653 209.88792 209.82984 209.77152 209.71209 209.65057 209.58593 209.51706 209.44279 209.3619 209.27317 209.17537 209.06733 208.94799 208.81645 208.67204 208.51441 208.34359 208.16011 207.96509 207.76025 207.54797 207.33124 207.11346 206.89822 206.68879 206.4876 206.29547 206.11088 205.92925 205.74235 205.53792 205.29949 205.00631 204.63313 204.14974 203.52007 202.70073 201.63912 200.27131 198.52024 196.2948 193.49093 189.99667 185.70382 180.52985 174.45248 167.55305 160.0633 152.47724
