RAINFALL_MAXIMUM_RP_50.tif
NCOLS 101
NROWS 90
XLLCORNER -81.15
YLLCORNER -4.25
DX 0.0099207921
DY 0.01
NODATA_VALUE -9999
[rows 26 to 51 of 90, columns 0 to 59 of 101]
209.90345 209.80324 209.7075 209.61609 209.52884 209.44555 209.36593 209.28963 209.21625 209.14529 209.07618 209.00823 208.94069 208.87268 208.80322 208.73122 208.6555 208.57476 208.48763 208.39265 208.28834 208.17318 208.04569 207.90446 207.74827 207.57609 207.38728 207.18163 206.95955 206.72217 206.47149 206.21044 205.94293 205.67371 205.40811 205.15151 204.90859 204.68239 204.47323 204.27768 204.08774 203.89044 203.66774 203.39676 203.04978 202.59401 201.99039 201.19161 200.13911 198.75953 196.96101 194.63011 191.63048 187.80571 182.99037 177.03656 169.86396 161.52873 152.25601 142.34417
209.11021 208.99971 208.89377 208.79227 208.69504 208.60188 208.5125 208.42655 208.3436 208.26314 208.18455 208.1071 208.02996 207.95218 207.87265 207.79017 207.70337 207.61077 207.51076 207.40163 207.28157 207.14871 207.00119 206.83719 206.655 206.45316 206.23056 205.98658 205.72132 205.43578 205.13205 204.81357 204.48521 204.15329 203.82533 203.50951 203.21373 202.94429 202.70439 202.49252 202.30129 202.11694 201.91944 201.68329 201.37826 200.9695 200.41647 199.67033 198.66974 197.33556 195.56495 193.22576 190.15246 186.14573 180.98119 174.43907 166.37718 156.87323 146.39591 135.64427
208.2988 208.17749 208.06085 207.94878 207.84111 207.73764 207.63809 207.54211 207.44927 207.35902 207.27072 207.18359 207.09675 207.00913 206.91955 206.82664 206.72887 206.62455 206.5118 206.38862 206.25283 206.10216 205.93429 205.74685 205.53757 205.30436 205.04545 204.7596 204.44634 204.10622 203.74121 203.35503 202.95342 202.54443 202.13824 201.74672 201.38226 201.05604 200.77566 200.54281 200.35124 200.18603 200.02416 199.8363 199.58891 199.24545 198.76571 198.10272 197.19705 195.96939 194.31211 192.08114 189.08912 185.10152 179.84012 173.00667 164.35848 153.90318 142.31661 131.53591
207.46858 207.33592 207.20804 207.08486 206.96623 206.85197 206.7418 206.63538 206.53226 206.43191 206.33365 206.23666 206.14 206.04254 205.94296 205.83976 205.73122 205.61544 205.49025 205.35332 205.20207 205.03376 204.84551 204.63433 204.39721 204.13126 203.83382 203.50273 203.13657 202.73508 202.29963 201.83378 201.3439 200.83969 200.33443 199.84469 199.38912 198.9861 198.65027 198.38854 198.19673 198.05806 197.94439 197.81987 197.64552 197.38271 196.99357 196.4375 195.66357 194.60011 193.14325 191.14624 188.41102 184.68245 179.64643 172.93881 164.18614 153.12746 139.91758 125.9765
206.61892 206.4743 206.33459 206.19971 206.06955 205.94395 205.82264 205.70531 205.59151 205.48069 205.37218 205.26514 205.15855 205.05122 204.94173 204.82844 204.70945 204.58261 204.44547 204.29532 204.12917 203.94373 203.73548 203.5007 203.2355 202.93596 202.59829 202.21902 201.79534 201.3256 200.80991 200.25095 199.65501 199.03302 198.40152 197.78285 197.20423 196.69481 196.28048 195.97717 195.78454 195.68282 195.63473 195.59246 195.50689 195.3353 195.04409 194.60499 193.9847 193.12997 191.95141 190.31 188.009 184.79107 180.33802 174.27234 166.16817 155.59707 142.30053 127.1975
205.74915 205.59191 205.43969 205.29246 205.15014 205.01258 204.87956 204.75077 204.6258 204.50411 204.38502 204.26767 204.15103 204.03382 203.91454 203.79142 203.66238 203.52502 203.37661 203.21404 203.03385 202.83217 202.60479 202.34712 202.05424 201.72103 201.34222 200.91265 200.42758 199.8832 199.27741 198.61086 197.8885 197.1214 196.32878 195.53956 194.79229 194.13215 193.60342 193.23811 193.04371 192.99585 193.04085 193.10857 193.13029 193.05418 192.85231 192.51678 192.04522 191.41826 190.57484 189.39344 187.68623 185.20643 181.66246 176.73279 170.08935 161.47881 151.05676 140.63053
204.85858 204.68798 204.52254 204.36224 204.20703 204.05682 203.91141 203.77055 203.63384 203.50078 203.3707 203.24275 203.11587 202.98876 202.85982 202.72717 202.58856 202.44137 202.28255 202.10861 201.91559 201.69902 201.45391 201.17472 200.8554 200.48937 200.06964 199.58893 199.03993 198.41579 197.71094 196.92236 196.05157 195.10751 194.11021 193.09474 192.11377 191.2358 190.53549 190.07438 189.87677 189.91232 190.09802 190.32197 190.47787 190.4944 190.34942 190.06652 189.69453 189.27259 188.78846 188.14685 187.16528 185.60092 183.19415 179.71252 175.0013 169.09346 162.50909 156.85566
203.9465 203.76176 203.58227 203.40808 203.23919 203.07553 202.91698 202.76331 202.61419 202.46916 202.32759 202.18866 202.0513 201.9142 201.77572 201.63386 201.48623 201.32999 201.16181 200.97781 200.77353 200.54386 200.28301 199.98445 199.64085 199.24406 198.78511 198.25417 197.64076 196.93405 196.12352 195.20027 194.15938 193.00369 191.74978 190.43572 189.12924 187.9312 186.9659 186.35035 186.1461 186.31754 186.72923 187.19138 187.5273 187.62714 187.47212 187.13194 186.73834 186.43182 186.2864 186.24429 186.10632 185.59296 184.43898 182.47497 179.68771 176.29438 172.87358 170.49921
203.01221 202.81243 202.61801 202.42903 202.24554 202.06754 201.89495 201.72762 201.56529 201.40757 201.25388 201.10346 200.95528 200.80803 200.66005 200.50928 200.35321 200.18881 200.01247 199.81996 199.60631 199.36581 199.09183 198.77683 198.41217 197.98803 197.49326 196.91524 196.23981 195.45123 194.53255 193.46654 192.23781 190.83724 189.26997 187.56863 185.81133 184.13877 182.75365 181.87731 181.65481 182.05393 182.84448 183.69086 184.28874 184.45889 184.17899 183.58075 182.92531 182.53268 182.64306 183.26289 184.1241 184.81387 184.97154 184.42144 183.21971 181.66535 180.30337 179.88021
202.05497 201.8392 201.62886 201.42408 201.22497 201.03158 200.84393 200.66195 200.48546 200.31416 200.14758 199.98501 199.82551 199.66782 199.5103 199.35085 199.18689 199.01524 198.83206 198.63278 198.41198 198.16332 197.87943 197.55172 197.17028 196.72361 196.19836 195.579 194.84739 193.98236 192.95935 191.75044 190.32553 188.65599 186.72347 184.53829 182.17175 179.80102 177.742 176.4078 176.13018 176.91255 178.34929 179.82985 180.8292 181.05867 180.4794 179.29041 177.93616 177.05599 177.23959 178.63697 180.79758 182.97021 184.54268 185.24836 185.1521 184.58618 184.11042 184.45455
201.07407 200.84127 200.61392 200.39221 200.17632 199.96638 199.76249 199.56468 199.3729 199.18694 199.00646 198.83089 198.65939 198.49079 198.32351 198.1555 197.98414 197.80614 197.61749 197.41331 197.1878 196.93406 196.64397 196.30803 195.91509 195.45209 194.9036 194.25131 193.47323 192.54272 191.42719 190.08681 188.47349 186.53184 184.20552 181.45679 178.3129 174.95447 171.83091 169.68401 169.25105 170.66621 173.19019 175.69464 177.30304 177.58985 176.48343 174.21237 171.41981 169.28531 169.17416 171.61544 175.70874 179.91952 183.14901 184.98897 185.48709 184.95939 184.01313 183.7013
200.06882 199.81783 199.57228 199.3324 199.09843 198.8706 198.64912 198.43411 198.22566 198.02373 197.82813 197.63844 197.45399 197.27377 197.09632 196.91967 196.74123 196.55768 196.3649 196.15778 195.93016 195.67467 195.38254 195.04342 194.64511 194.17316 193.61035 192.93598 192.12478 191.14532 189.9579 188.5114 186.73948 184.55673 181.85802 178.53058 174.50303 169.8786 165.19586 161.67794 160.86957 163.27064 167.51102 171.53111 173.97838 174.33131 172.47854 168.54946 163.23742 158.49109 157.36861 161.43448 168.67251 175.83347 181.09034 183.99676 184.6196 183.12037 179.94489 176.70435
199.03853 198.76813 198.50307 198.24363 197.99015 197.74292 197.50227 197.26847 197.04175 196.82225 196.60998 196.40475 196.20609 196.01321 195.82485 195.6392 195.45378 195.26532 195.06963 194.86146 194.63439 194.38064 194.09089 193.75408 193.35712 192.88444 192.31744 191.63364 190.80542 189.79809 188.567 187.05302 185.17599 182.82544 179.85011 176.05401 171.22743 165.29469 158.73677 153.28568 151.78324 155.50111 162.01739 167.86325 171.22982 171.6537 169.00211 163.10297 154.2722 145.12794 141.85955 148.50723 160.53148 171.51898 179.0027 182.87372 183.31629 180.09673 172.83266 163.19841
197.98258 197.69144 197.40544 197.12495 196.85033 196.58201 196.3204 196.06594 195.81905 195.58006 195.34923 195.12664 194.91212 194.70514 194.50474 194.30935 194.11671 193.92367 193.72607 193.51862 193.29469 193.04618 192.76333 192.43452 192.04592 191.58114 191.02064 190.34088 189.51305 188.50112 187.25875 185.72428 183.81276 181.4035 178.32221 174.32171 169.08624 162.35496 154.42561 147.29682 145.06199 149.91901 158.31878 165.48928 169.4428 169.91017 166.76713 159.49187 147.70125 134.02876 128.14527 137.65056 154.43675 168.62087 177.73803 182.28761 182.58697 177.9251 166.61777 149.07708
196.90037 196.58707 196.27862 195.97542 195.6779 195.38658 195.10199 194.82474 194.55543 194.29466 194.04296 193.80074 193.56818 193.34515 193.13107 192.92472 192.72415 192.52646 192.32763 192.12238 191.90398 191.6641 191.39262 191.07745 190.70421 190.25594 189.71251 189.04996 188.23937 187.24528 186.02298 184.51436 182.64081 180.2918 177.30744 173.4573 168.43638 161.96805 154.28022 147.27533 145.05816 149.87291 158.09529 165.01682 168.79981 169.24787 166.24974 159.25567 147.75354 134.14101 128.19055 137.81984 154.62334 168.74173 177.91966 182.6708 183.22465 178.76378 167.47683 149.61049
195.7914 195.45445 195.12192 194.79422 194.47187 194.15544 193.8456 193.5431 193.24877 192.96348 192.6881 192.42342 192.17008 191.92843 191.69838 191.47921 191.26941 191.06645 190.86657 190.66462 190.45383 190.22572 189.96986 189.67377 189.32263 188.89903 188.38253 187.74911 186.97045 186.0128 184.83546 183.38828 181.60767 179.4102 176.68325 173.27612 169.0105 163.78021 157.91403 152.91217 151.51757 155.00861 160.95788 166.14272 169.07861 169.45612 167.17269 162.00268 154.02272 145.41619 142.29384 148.95376 160.76698 171.62067 179.40397 183.96269 185.22465 182.67967 175.71625 165.92943
194.65524 194.29307 193.93473 193.58066 193.23137 192.88752 192.54988 192.21936 191.89701 191.584 191.28156 190.99096 190.71337 190.44974 190.20062 189.96597 189.74488 189.53534 189.33399 189.1359 188.93438 188.7208 188.48448 188.21256 187.8898 187.49839 187.01762 186.42348 185.68827 184.78011 183.66263 182.2946 180.62989 178.61758 176.20334 173.33563 169.98989 166.24702 162.48672 159.64711 159.02177 161.04382 164.51512 167.74496 169.70258 170.0078 168.57973 165.50782 161.29145 157.48252 156.79575 160.79171 167.80559 175.15418 181.30046 185.62863 187.81117 187.62505 185.28163 182.4228
193.49155 193.10255 192.71662 192.33416 191.95571 191.58194 191.2137 190.85206 190.49825 190.15377 189.82026 189.49951 189.19334 188.90345 188.6312 188.37741 188.14198 187.92365 187.71963 187.52533 187.33418 187.13746 186.92418 186.68109 186.39248 186.04007 185.60276 185.05629 184.37304 183.52196 182.46914 181.17924 179.61859 177.76083 175.59644 173.14861 170.49902 167.82886 165.47242 163.9293 163.68684 164.81723 166.77741 168.73994 170.03167 170.29591 169.47436 167.78742 165.78558 164.4103 164.77082 167.43326 171.95062 177.31149 182.55296 186.95997 190.07893 191.76667 192.3467 192.79616
192.30011 191.88265 191.46729 191.05438 190.64441 190.23805 189.83619 189.43997 189.05085 188.67058 188.30128 187.9453 187.60521 187.28362 186.98295 186.7051 186.45109 186.22065 186.01177 185.82039 185.64011 185.46206 185.27492 185.06486 184.81563 184.50838 184.1214 183.62981 183.00512 182.21531 181.22545 179.99992 178.50686 176.72651 174.66501 172.37486 169.98066 167.70082 165.84349 164.74548 164.64033 165.50349 166.9898 168.54487 169.6264 169.89133 169.28073 168.02965 166.63803 165.7896 166.17913 168.26253 172.04176 177.02328 182.4088 187.40699 191.47947 194.4542 196.53913 198.21216
191.08079 190.63324 190.18662 189.74117 189.29728 188.85554 188.41681 187.98228 187.55353 187.13259 186.72198 186.3247 185.94418 185.58411 185.2482 184.93981 184.66142 184.41412 184.19703 184.00676 183.83715 183.67912 183.52077 183.34754 183.14243 182.88591 182.55559 182.12561 181.5659 180.84146 179.9125 178.73568 177.26781 175.47338 173.33819 170.8921 168.24303 165.61861 163.39271 162.03785 161.93303 163.08385 165.01618 166.99302 168.34614 168.6773 167.90585 166.25047 164.20338 162.50065 162.05766 163.75317 167.91074 173.90794 180.55273 186.76309 191.89764 195.7687 198.53889 200.53856
189.83359 189.35438 188.87471 188.39464 187.9144 187.43443 186.95547 186.47864 186.00557 185.53847 185.08024 184.63452 184.20567 183.79868 183.41886 183.07144 182.76089 182.49021 182.26003 182.06798 181.90816 181.77108 181.64389 181.51093 181.35417 181.15332 180.88545 180.52395 180.03688 179.38524 178.52134 177.38787 175.9184 174.04025 171.68237 168.79455 165.39281 161.65729 158.09541 155.64722 155.34542 157.41409 160.84598 164.17338 166.33688 166.85408 165.64584 162.92013 159.20283 155.44592 153.12362 154.15943 159.60475 168.0753 177.16409 185.2273 191.56012 196.04184 198.916 200.70437
188.55862 188.04627 187.53184 187.01518 186.49625 185.97523 185.45263 184.92937 184.40698 183.88771 183.37472 182.87224 182.38562 181.92131 181.48659 181.08911 180.73605 180.43308 180.18308 179.98509 179.83353 179.71812 179.62445 179.53499 179.43017 179.28895 179.08838 178.80197 178.397 177.83091 177.04738 175.97213 174.50848 172.53219 169.88658 166.38496 161.84787 156.25521 150.15971 145.30716 144.33497 148.21415 154.62217 160.4362 163.99509 164.86832 163.08767 158.86607 152.77983 146.10025 140.72618 140.19836 147.97973 160.56319 173.10244 183.41387 190.93432 195.67161 197.91722 198.56537
187.25604 186.70921 186.1585 185.60344 185.04364 184.47891 183.90936 183.33555 182.75868 182.18083 181.60522 181.03649 180.48093 179.94658 179.44309 178.98123 178.57189 178.22456 177.94551 177.73591 177.59063 177.49796 177.44068 177.39805 177.34801 177.26862 177.13786 176.93141 176.61839 176.15547 175.48003 174.50245 173.09643 171.08506 168.21908 164.1486 158.41467 150.58476 140.91399 132.00306 129.4951 136.27639 147.33412 156.60924 161.93504 163.29736 161.00196 155.25469 146.64414 137.21348 129.22667 125.51905 137.03532 154.27749 170.03555 182.23815 190.60383 195.14063 195.79083 193.40926
185.9261 185.34364 184.75534 184.16033 183.55777 182.94697 182.32745 181.69917 181.06273 180.41973 179.77309 179.12754 178.49008 177.87034 177.28067 176.73584 176.25178 175.84365 175.52288 175.29417 175.15308 175.08546 175.06912 175.07758 175.08428 175.06585 175.00265 174.8759 174.66136 174.32043 173.78986 172.97072 171.71555 169.80932 166.93628 162.62504 156.18476 146.75977 134.06322 121.05859 116.64102 126.37813 141.93067 154.16569 160.88426 162.68786 160.17283 153.48013 142.9203 130.88376 124.89775 123.41989 135.29993 153.21005 169.76359 182.53712 191.0917 195.14045 193.85687 187.12476
184.569 183.95 183.32309 182.68695 182.04018 181.38141 180.70939 180.02321 179.32254 178.60802 177.88177 177.14804 176.41405 175.6907 174.99325 174.34129 173.75771 173.26597 172.88582 172.62796 172.48949 172.4522 172.48522 172.5516 172.6164 172.65329 172.64675 172.58866 172.46919 172.26332 171.91585 171.3273 170.34109 168.72766 166.15562 162.13931 155.97194 146.76809 134.18177 121.13498 116.67355 126.53129 142.21898 154.5455 161.37627 163.35701 161.10275 154.72816 144.35693 131.9093 125.76478 132.16013 143.01599 158.04038 172.76402 184.59688 192.6988 196.46577 194.81556 187.52984
183.18488 182.52871 181.86254 181.18452 180.49262 179.78464 179.05836 178.3117 177.54297 176.75131 175.93731 175.1039 174.25753 173.40961 172.57795 171.78771 171.07093 170.46345 169.9985 169.69761 169.56151 169.56574 169.66433 169.80138 169.92617 170.00578 170.03064 170.01081 169.96284 169.8891 169.75456 169.46787 168.87153 167.73879 165.76734 162.56116 157.61856 150.44555 141.19651 132.41574 129.95188 136.92536 148.21318 157.71608 163.36536 165.2283 163.66596 158.88965 151.35699 143.18271 139.74025 144.38339 154.03381 166.02946 177.96198 188.06603 195.41895 199.37889 199.37125 196.08965
