RAINFALL_MINIMUN_RP_20.tif
NCOLS 101
NROWS 90
XLLCORNER -81.15
YLLCORNER -4.25
DX 0.0099207921
DY 0.01
NODATA_VALUE -9999
[rows 0 to 25 of 90, columns 0 to 59 of 101]
125.84505 125.87442 125.90635 125.94088 125.97802 126.01778 126.06019 126.10527 126.15302 126.20346 126.2566 126.31246 126.37104 126.43236 126.49642 126.56324 126.63283 126.70518 126.78031 126.85822 126.93891 127.02238 127.10864 127.19767 127.28947 127.38402 127.48131 127.58131 127.68399 127.78933 127.89726 128.00776 128.12074 128.23617 128.35395 128.47402 128.59629 128.72067 128.84708 128.97542 129.10559 129.23751 129.37108 129.50621 129.64281 129.78079 129.92006 130.06051 130.20203 130.3445 130.48775 130.6316 130.77582 130.92012 131.06416 131.20756 131.34983 131.49045 131.62882 131.7643
125.57892 125.60638 125.63645 125.66914 125.70447 125.74246 125.78313 125.82649 125.87257 125.92136 125.9729 126.02718 126.08423 126.14405 126.20665 126.27205 126.34025 126.41126 126.4851 126.56177 126.64127 126.7236 126.80878 126.8968 126.98764 127.08131 127.17779 127.27706 127.3791 127.48386 127.59131 127.7014 127.81407 127.92926 128.04689 128.16688 128.28916 128.41362 128.54018 128.66875 128.79922 128.93151 129.06554 129.20121 129.33846 129.47721 129.61739 129.75893 129.90174 130.04574 130.19079 130.33676 130.48343 130.63055 130.77781 130.92481 131.07108 131.2161 131.35927 131.49992
125.30687 125.33231 125.36038 125.39111 125.4245 125.46059 125.49939 125.54092 125.58518 125.6322 125.68199 125.73455 125.78991 125.84808 125.90907 125.97288 126.03954 126.10904 126.18141 126.25666 126.33479 126.4158 126.49971 126.58652 126.67622 126.76882 126.86429 126.96263 127.06381 127.16781 127.27457 127.38406 127.49621 127.61096 127.72824 127.84796 127.97003 128.09435 128.22084 128.34939 128.47991 128.6123 128.7465 128.88241 129.01999 129.15917 129.29992 129.44219 129.58593 129.73111 129.87764 130.02541 130.17426 130.32398 130.47427 130.62474 130.77493 130.92429 131.0722 131.21799
125.02875 125.05204 125.07799 125.10663 125.13796 125.17202 125.20881 125.24836 125.29067 125.33576 125.38365 125.43435 125.48787 125.54422 125.60342 125.66548 125.73042 125.79824 125.86896 125.94259 126.01914 126.09864 126.18108 126.26647 126.35482 126.44612 126.54038 126.63757 126.73768 126.84069 126.94655 127.05522 127.16664 127.28073 127.39743 127.51665 127.63828 127.76223 127.88839 128.01666 128.14694 128.27914 128.41317 128.54898 128.68651 128.82573 128.96662 129.10919 129.25343 129.39935 129.54693 129.69612 129.84681 129.99882 130.1519 130.30567 130.45967 130.6133 130.7659 130.91674
124.74441 124.76543 124.78913 124.81554 124.84467 124.87655 124.9112 124.94862 124.98883 125.03185 125.07769 125.12635 125.17787 125.23223 125.28947 125.3496 125.41262 125.47856 125.54743 125.61924 125.69401 125.77177 125.85251 125.93626 126.02302 126.1128 126.2056 126.30141 126.40021 126.50199 126.60671 126.71432 126.82476 126.93797 127.05385 127.17231 127.29326 127.41657 127.54213 127.66983 127.79956 127.93123 128.06474 128.20003 128.33708 128.47587 128.61641 128.75876 128.90296 129.04908 129.19718 129.34728 129.49936 129.6533 129.80887 129.96574 130.1234 130.28123 130.43848 130.59431
124.4537 124.4723 124.49361 124.51766 124.54445 124.57402 124.60636 124.64151 124.67947 124.72025 124.76387 124.81034 124.85967 124.91187 124.96696 125.02496 125.08587 125.14972 125.21651 125.28629 125.35905 125.43482 125.51363 125.59549 125.68041 125.76841 125.85949 125.95365 126.05089 126.15118 126.25449 126.36078 126.46999 126.58204 126.69684 126.81429 126.93428 127.05667 127.18134 127.30816 127.437 127.56775 127.70033 127.83466 127.97073 128.10854 128.24814 128.38963 128.53313 128.67879 128.82675 128.97714 129.13003 129.2854 129.44309 129.60278 129.76397 129.92596 130.08787 130.24869
124.15646 124.1725 124.19128 124.21282 124.23712 124.26422 124.29412 124.32683 124.36237 124.40075 124.44198 124.48607 124.53304 124.58288 124.63563 124.69129 124.74987 124.81141 124.87591 124.9434 125.0139 125.08744 125.16405 125.24374 125.32654 125.41247 125.50155 125.59378 125.68916 125.78767 125.88929 125.99398 126.10167 126.21228 126.32572 126.44187 126.56061 126.68178 126.80524 126.93083 127.05841 127.18785 127.31904 127.45191 127.58643 127.72263 127.8606 128.00049 128.14249 128.28685 128.43384 128.58372 128.73668 128.89284 129.05215 129.21435 129.37893 129.54509 129.71178 129.87774
123.85252 123.86587 123.88197 123.90084 123.9225 123.94697 123.97426 124.00437 124.03733 124.07313 124.11179 124.15332 124.19773 124.24502 124.29521 124.34831 124.40434 124.46332 124.52528 124.59023 124.6582 124.72923 124.80334 124.88058 124.96096 125.04452 125.13128 125.22125 125.31445 125.41087 125.51048 125.61324 125.7191 125.82797 125.93975 126.0543 126.17147 126.29111 126.41302 126.53703 126.66296 126.79065 126.91995 127.05079 127.18313 127.317 127.45253 127.58991 127.72945 127.87149 128.01647 128.1648 128.31688 128.473 128.63327 128.79755 128.96535 129.13578 129.30756 129.47905
123.54173 123.55222 123.56548 123.58154 123.6004 123.62208 123.64659 123.67394 123.70413 123.73718 123.77308 123.81185 123.85349 123.89801 123.94543 123.99574 124.04898 124.10516 124.1643 124.22643 124.29158 124.35979 124.4311 124.50555 124.58317 124.66402 124.74811 124.83548 124.92615 125.02011 125.11736 125.21786 125.32155 125.42835 125.53813 125.65075 125.76604 125.8838 126.00383 126.12588 126.24975 126.37521 126.5021 126.63029 126.75973 126.89045 127.0226 127.15643 127.29233 127.43081 127.57245 127.71792 127.86786 128.02282 128.18317 128.34895 128.51975 128.69465 128.87207 129.04989
123.22391 123.23139 123.24166 123.25473 123.27063 123.28935 123.31091 123.33531 123.36256 123.39266 123.42561 123.46142 123.50008 123.54161 123.58602 123.6333 123.68349 123.73659 123.79263 123.85164 123.91366 123.97873 124.04689 124.11819 124.19269 124.27044 124.35148 124.43585 124.52359 124.61471 124.70922 124.80707 124.90822 125.01257 125.12 125.23035 125.34341 125.45896 125.57673 125.69645 125.81782 125.94059 126.06451 126.1894 126.31516 126.44181 126.56949 126.69853 126.8294 126.96276 127.09943 127.24034 127.38648 127.53877 127.69794 127.86436 128.03784 128.21746 128.4014 128.58692
122.89888 122.90319 122.9103 122.92022 122.93298 122.94857 122.967 122.98827 123.01238 123.03934 123.06914 123.10177 123.13724 123.17555 123.2167 123.26069 123.30755 123.35729 123.40992 123.4655 123.52404 123.58561 123.65025 123.71802 123.78899 123.86322 123.94077 124.02172 124.10609 124.19393 124.28526 124.38004 124.47823 124.57975 124.68445 124.79215 124.90263 125.01561 125.13076 125.24775 125.36622 125.48579 125.60616 125.72705 125.8483 125.96986 126.09188 126.21468 126.33885 126.46522 126.59486 126.72904 126.86918 127.01672 127.17293 127.33869 127.51424 127.69882 127.89048 128.08579
122.56648 122.56744 122.57122 122.57782 122.58725 122.59953 122.61464 122.6326 122.65338 122.67699 122.70342 122.73266 122.76471 122.79955 122.83719 122.87762 122.92087 122.96693 123.01584 123.06763 123.12233 123.18001 123.24071 123.30452 123.37151 123.44176 123.51536 123.59239 123.67291 123.75698 123.84463 123.93587 124.03065 124.12889 124.23044 124.33511 124.44263 124.55267 124.66485 124.77874 124.89388 125.00979 125.12604 125.24223 125.35808 125.47346 125.58845 125.70338 125.8189 125.936 126.05604 126.1807 126.31195 126.4519 126.60258 126.76568 126.94212 127.13169 127.33247 127.54051
122.22651 122.22395 122.22421 122.22731 122.23325 122.24202 122.25363 122.26806 122.28532 122.30537 122.32822 122.35384 122.38222 122.41334 122.4472 122.4838 122.52312 122.5652 122.61003 122.65766 122.70813 122.76149 122.81782 122.8772 122.93971 123.00547 123.07457 123.14713 123.22324 123.30298 123.38642 123.47358 123.56443 123.65891 123.75686 123.85807 123.96223 124.06897 124.17783 124.28826 124.39969 124.5115 124.62309 124.73389 124.84345 124.9515 125.05798 125.1632 125.2678 125.37293 125.48022 125.59183 125.71039 125.83885 125.98031 126.13761 126.31284 126.50676 126.71801 126.94241
121.87879 121.87252 121.86909 121.86849 121.87074 121.87582 121.88372 121.89444 121.90795 121.92424 121.94328 121.96504 121.98951 122.01666 122.04646 122.07892 122.11401 122.15175 122.19214 122.23522 122.28103 122.32962 122.38109 122.43551 122.493 122.55369 122.6177 122.68517 122.75624 122.83103 122.90963 122.9921 123.07844 123.1686 123.26245 123.35974 123.46014 123.56321 123.66841 123.77507 123.88246 123.98978 124.09622 124.20099 124.30341 124.40296 124.49941 124.59288 124.684 124.77397 124.8647 124.95883 125.05973 125.17145 125.29843 125.44513 125.61543 125.81177 126.0341 126.27875
121.52312 121.51296 121.50563 121.50115 121.49951 121.50069 121.50469 121.51148 121.52104 121.53334 121.54834 121.56601 121.58631 121.60921 121.63468 121.66268 121.69321 121.72625 121.76182 121.79993 121.84062 121.88395 121.93002 121.97892 122.03078 122.08575 122.144 122.2057 122.27101 122.34012 122.41317 122.49025 122.57141 122.65664 122.7458 122.83867 122.93487 123.03391 123.13513 123.23774 123.34083 123.44338 123.5443 123.64252 123.73702 123.82697 123.91181 123.99141 124.06621 124.13738 124.20701 124.27818 124.3551 124.44304 124.54816 124.6771 124.83626 125.03075 125.263 125.531
121.15929 121.14504 121.13363 121.12506 121.11932 121.11641 121.1163 121.11895 121.12434 121.13242 121.14315 121.15648 121.17235 121.19073 121.21156 121.2348 121.26042 121.28839 121.31872 121.35141 121.3865 121.42404 121.46413 121.50688 121.55244 121.60099 121.65271 121.70783 121.76658 121.82919 121.89584 121.96673 122.04194 122.12151 122.20534 122.29321 122.38474 122.47936 122.57632 122.67469 122.77332 122.87093 122.96612 123.05742 123.14341 123.22278 123.29454 123.3581 123.41356 123.46188 123.50514 123.54676 123.59174 123.64671 123.71985 123.82057 123.95872 124.14336 124.38093 124.67287
120.78711 120.76855 120.75285 120.73998 120.72995 120.72273 120.71828 120.71658 120.71757 120.72121 120.72743 120.73617 120.74736 120.76093 120.77682 120.79497 120.81533 120.83785 120.86251 120.88931 120.91827 120.94945 120.98294 121.01886 121.05737 121.09868 121.14303 121.19068 121.24192 121.29706 121.35637 121.4201 121.48845 121.56151 121.63924 121.72146 121.80779 121.8976 121.99005 122.08403 122.17816 122.27085 122.3603 122.44458 122.52172 122.58982 122.64723 122.69273 122.7258 122.74692 122.7579 122.76225 122.76557 122.77581 122.80343 122.86115 122.9633 123.12443 123.35706 123.66852
120.40634 120.38327 120.36306 120.34568 120.33114 120.31939 120.3104 120.30411 120.30049 120.29944 120.30091 120.30481 120.31104 120.31953 120.33018 120.34291 120.35763 120.3743 120.39285 120.41327 120.43556 120.45976 120.48597 120.5143 120.54495 120.57813 120.61413 120.65328 120.69594 120.74249 120.79332 120.84878 120.90918 120.97471 121.04544 121.12124 121.20175 121.28632 121.37402 121.46355 121.55329 121.64128 121.72527 121.80276 121.87111 121.92763 121.96983 121.99557 122.0034 121.99293 121.96528 121.92363 121.87377 121.82475 121.78924 121.78373 121.82805 121.94403 122.15287 122.47105
120.01676 119.98896 119.96401 119.94191 119.92262 119.90612 119.89236 119.88127 119.87279 119.86683 119.86331 119.86211 119.86312 119.86624 119.87134 119.87831 119.88704 119.89744 119.90942 119.92294 119.93798 119.95457 119.97276 119.9927 120.01457 120.03862 120.06519 120.09466 120.12749 120.16415 120.20515 120.25101 120.30215 120.35893 120.42155 120.48999 120.56394 120.64277 120.72547 120.81058 120.8962 120.97998 121.05913 121.1305 121.19061 121.23585 121.2626 121.26749 121.24775 121.20161 121.12894 121.03189 120.91579 120.79011 120.66939 120.5739 120.52982 120.56819 120.72213 121.02165
119.61814 119.58537 119.55546 119.52839 119.50414 119.48266 119.46389 119.44776 119.4342 119.42309 119.41432 119.40777 119.4033 119.40077 119.40001 119.40089 119.40326 119.40698 119.41193 119.41803 119.42522 119.43349 119.44289 119.45354 119.46564 119.47946 119.49537 119.51382 119.53536 119.5606 119.5902 119.62484 119.66514 119.71167 119.76481 119.8247 119.89118 119.96366 120.04109 120.12186 120.2038 120.28413 120.35948 120.42591 120.47903 120.51404 120.52597 120.50988 120.46117 120.37614 120.25259 120.09074 119.89437 119.67225 119.43972 119.22027 119.0467 118.96101 119.01205 119.24948
119.21022 119.17224 119.13713 119.10486 119.0754 119.04869 119.02468 119.00329 118.98439 118.96789 118.95364 118.94149 118.93128 118.92281 118.91591 118.91037 118.90601 118.90264 118.90009 118.89822 118.89694 118.89618 118.89597 118.89639 118.89763 118.89998 118.90384 118.90974 118.91833 118.93035 118.94666 118.96813 118.99567 119.03008 119.07201 119.12188 119.1797 119.24503 119.31682 119.39337 119.47224 119.55019 119.62322 119.68655 119.73469 119.76151 119.76043 119.72452 119.64694 119.52129 119.3424 119.10734 118.81683 118.47716 118.10256 117.71805 117.36213 117.08872 116.96649 117.07295
118.79275 118.74931 118.70873 118.67101 118.63609 118.60392 118.57443 118.54751 118.52306 118.50092 118.48095 118.46295 118.44673 118.43207 118.41872 118.40645 118.39501 118.38414 118.37363 118.36327 118.35288 118.34236 118.33166 118.32084 118.31004 118.29956 118.28983 118.28144 118.27514 118.27184 118.27259 118.27855 118.29093 118.31089 118.33945 118.37736 118.42498 118.48206 118.5477 118.62012 118.69666 118.77362 118.84632 118.90906 118.95516 118.977 118.96612 118.91334 118.80899 118.64332 118.40713 118.09288 117.69629 117.21867 116.67019 116.07406 115.47161 114.92755 114.53338 114.40469
118.36546 118.31628 118.26998 118.22653 118.1859 118.148 118.11277 118.08009 118.04983 118.02182 117.99589 117.9718 117.94933 117.92821 117.90815 117.88884 117.86998 117.85124 117.83233 117.81293 117.79282 117.77178 117.74971 117.72657 117.70248 117.67769 117.65265 117.62799 117.60456 117.58346 117.56596 117.55356 117.54783 117.5504 117.56279 117.58625 117.62157 117.66892 117.7276 117.79589 117.87091 117.94856 118.02344 118.08887 118.13687 118.15823 118.14245 118.07782 117.95146 117.74955 117.45785 117.06266 116.55243 115.92041 115.16857 114.31321 113.3927 112.4773 111.68034 111.16537
117.92806 117.87286 117.82055 117.77111 117.72448 117.68059 117.63936 117.60066 117.56434 117.53022 117.49808 117.46767 117.43872 117.4109 117.38386 117.35725 117.33066 117.30369 117.27595 117.24703 117.21657 117.18428 117.14992 117.11337 117.07465 117.03396 116.9917 116.94855 116.90544 116.86363 116.82468 116.79042 116.76294 116.74442 116.73704 116.74273 116.76296 116.79847 116.84895 116.91287 116.98724 117.06754 117.14761 117.21975 117.27466 117.30141 117.28745 117.21836 117.07782 116.84747 116.50715 116.03552 115.41152 114.6169 113.6406 112.48542 111.1779 109.78291 108.42508 107.31721
117.48026 117.41874 117.36012 117.30438 117.25146 117.2013 117.1538 117.10882 117.06619 117.0257 116.98713 116.95017 116.9145 116.87976 116.84552 116.81135 116.77676 116.74125 116.7043 116.66539 116.62403 116.57977 116.53223 116.48114 116.42641 116.36811 116.30657 116.24245 116.17675 116.11086 116.04662 115.98629 115.93251 115.8882 115.85638 115.83993 115.84126 115.86196 115.90237 115.96133 116.03583 116.12094 116.20974 116.2934 116.36121 116.4006 116.39694 116.33324 116.18972 115.94334 115.56751 115.03219 114.30484 113.35265 112.14687 110.67002 108.9271 106.96227 104.88706 102.93695
117.02174 116.95357 116.88832 116.82597 116.76646 116.70973 116.65566 116.60412 116.55491 116.50782 116.46257 116.41884 116.37626 116.33439 116.29275 116.25081 116.208 116.16367 116.1172 116.0679 116.01512 115.95823 115.89665 115.82994 115.75779 115.6801 115.59708 115.50927 115.41768 115.32381 115.22975 115.13822 115.05251 114.97644 114.91412 114.86971 114.84694 114.84863 114.87617 114.929 115.00424 115.09654 115.1981 115.29883 115.38654 115.44699 115.46371 115.41745 115.28541 115.04018 114.64882 114.07223 113.26527 112.17844 110.76184 108.9731 106.78984 104.22602 101.35243 98.352337
