RAINFALL_MINIMUN_RP_5.tif
NCOLS 101
NROWS 90
XLLCORNER -81.15
YLLCORNER -4.25
DX 0.0099207921
DY 0.01
NODATA_VALUE -9999
[rows 0 to 25 of 90, columns 0 to 59 of 101]
78.646792 78.66222 78.679146 78.697565 78.717469 78.738847 78.761686 78.78597 78.811682 78.838801 78.867304 78.897165 78.928356 78.960847 78.994604 79.029592 79.065772 79.103102 79.141538 79.181032 79.221535 79.26299 79.305342 79.348527 79.392479 79.437127 79.482396 79.528203 79.574461 79.621078 79.667954 79.714982 79.762051 79.809039 79.855823 79.902269 79.94824 79.993592 80.038179 80.081849 80.124449 80.165823 80.205817 80.244276 80.281048 80.315984 80.348938 80.379773 80.408353 80.434555 80.45826 80.479363 80.497772 80.513411 80.526227 80.536195 80.543325 80.54767 80.549327 80.548448
78.480883 78.495447 78.511547 78.529176 78.548326 78.568987 78.591146 78.614787 78.639892 78.666441 78.694409 78.72377 78.754497 78.786558 78.81992 78.854545 78.890396 78.927429 78.9656 79.004861 79.045161 79.086446 79.128655 79.171728 79.215596 79.260187 79.305425 79.351225 79.397498 79.444148 79.491071 79.538158 79.58529 79.632341 79.679178 79.72566 79.771642 79.816968 79.86148 79.905015 79.947408 79.988488 80.028089 80.066042 80.102182 80.136346 80.168377 80.198122 80.225436 80.250179 80.27222 80.291441 80.307734 80.32101 80.331203 80.338278 80.342243 80.34316 80.341154 80.336428
78.311177 78.324818 78.34003 78.356809 78.375147 78.395033 78.416454 78.439395 78.463836 78.489757 78.517134 78.545941 78.576148 78.607723 78.640633 78.674841 78.710306 78.746987 78.784838 78.823811 78.863854 78.904912 78.946926 78.989833 79.033565 79.07805 79.123207 79.168954 79.215197 79.261838 79.308771 79.35588 79.403042 79.450124 79.496986 79.543477 79.589442 79.634714 79.679122 79.72249 79.764636 79.805379 79.844534 79.881918 79.917351 79.950655 79.981658 80.010194 80.036101 80.059225 80.079421 80.096551 80.110487 80.121119 80.128359 80.132149 80.13248 80.129407 80.123069 80.11371
78.137558 78.15021 78.164471 78.180337 78.1978 78.216849 78.237471 78.25965 78.283367 78.3086 78.335326 78.363517 78.393144 78.424174 78.456572 78.490301 78.525321 78.561589 78.599058 78.637681 78.677406 78.718176 78.759934 78.802616 78.846153 78.890472 78.935494 78.981133 79.027295 79.07388 79.120776 79.167866 79.215019 79.262097 79.308951 79.355421 79.401339 79.446527 79.4908 79.533966 79.575828 79.616186 79.654839 79.691588 79.726234 79.758583 79.788448 79.815645 79.839999 79.861337 79.879497 79.894318 79.905649 79.91335 79.917297 79.917397 79.913602 79.905938 79.894529 79.879638
77.959904 77.971499 77.984742 77.999627 78.016148 78.034294 78.054051 78.075404 78.098331 78.122813 78.148823 78.176334 78.205316 78.235735 78.267557 78.300742 78.335249 78.371037 78.408057 78.446262 78.4856 78.526015 78.567447 78.609835 78.65311 78.697198 78.74202 78.787489 78.833511 78.879983 78.926791 78.973812 79.020913 79.067946 79.114755 79.16117 79.207009 79.252082 79.296187 79.339116 79.380652 79.420577 79.458671 79.494714 79.528488 79.559782 79.588389 79.614109 79.636751 79.656125 79.672048 79.684337 79.692811 79.697293 79.697611 79.693616 79.685199 79.672319 79.655051 79.633634
77.77809 77.788556 77.800708 77.814542 77.830051 77.847224 77.866047 77.886503 77.908573 77.932234 77.957459 77.984222 78.012489 78.042228 78.073402 78.105971 78.139894 78.175127 78.211624 78.249336 78.28821 78.328192 78.369222 78.411239 78.454174 78.497955 78.542503 78.58773 78.633543 78.679836 78.726495 78.773392 78.820388 78.86733 78.914052 78.960373 79.0061 79.051024 79.094928 79.137582 79.178752 79.218196 79.25567 79.290932 79.323743 79.353872 79.381091 79.405185 79.425944 79.443162 79.456637 79.466162 79.471526 79.472506 79.468872 79.460399 79.44688 79.428171 79.404238 79.375235
77.591986 77.601246 77.612232 77.62494 77.639362 77.655488 77.673302 77.692789 77.713928 77.736695 77.761062 77.787002 77.814481 77.843464 77.873913 77.905789 77.939049 77.973648 78.009539 78.046674 78.085 78.124462 78.165003 78.20656 78.249068 78.292455 78.336643 78.381546 78.427069 78.473107 78.519545 78.566251 78.613083 78.65988 78.706467 78.752653 78.798228 78.842968 78.886636 78.928981 78.969743 79.008654 79.045446 79.07985 79.111602 79.140446 79.166136 79.188436 79.207122 79.221974 79.232772 79.239291 79.241287 79.238492 79.230609 79.217313 79.19827 79.173172 79.141806 79.104145
77.401458 77.409431 77.419171 77.430673 77.443929 77.458928 77.475657 77.494097 77.514227 77.536021 77.559453 77.584491 77.611101 77.639248 77.668891 77.699989 77.7325 77.766377 77.801573 77.838038 77.875721 77.914567 77.95452 77.995519 78.0375 78.080393 78.124122 78.168603 78.213743 78.259437 78.30557 78.352008 78.398605 78.445194 78.491592 78.537594 78.582976 78.627497 78.670894 78.712893 78.753206 78.791536 78.827582 78.861046 78.891634 78.919064 78.943066 78.963386 78.979784 78.992031 78.999898 79.003146 79.001508 78.994674 78.982275 78.963875 78.938974 78.907043 78.867591 78.820283
77.206367 77.212968 77.221376 77.231587 77.243594 77.257385 77.272944 77.290255 77.309293 77.330033 77.352445 77.376498 77.402155 77.429378 77.458127 77.488358 77.520027 77.553086 77.587488 77.623182 77.660117 77.698239 77.737494 77.777822 77.819161 77.861445 77.904601 77.948547 77.993195 78.03844 78.084169 78.130248 78.176527 78.222836 78.26898 78.314744 78.359889 78.40415 78.447242 78.488862 78.528688 78.566388 78.601627 78.634067 78.66338 78.689252 78.711387 78.729511 78.743374 78.752739 78.757379 78.757054 78.75149 78.74035 78.723203 78.699495 78.668535 78.62951 78.581544 78.523824
77.00657 77.011708 77.018694 77.027525 77.038194 77.050688 77.064991 77.081084 77.098944 77.118542 77.139847 77.162826 77.187439 77.213647 77.241407 77.270673 77.301399 77.333537 77.367036 77.401848 77.437919 77.475197 77.513629 77.553158 77.593726 77.635269 77.677719 77.721001 77.765027 77.809701 77.854909 77.90052 77.946384 77.992324 78.038141 78.083606 78.128462 78.172424 78.215178 78.256387 78.295692 78.33272 78.367091 78.398422 78.426344 78.450501 78.470568 78.486248 78.49728 78.50343 78.504484 78.500222 78.490388 78.474649 78.452536 78.423396 78.386341 78.340225 78.283673 78.215196
76.801917 76.805496 76.810965 76.818322 76.827559 76.838663 76.851618 76.866402 76.882991 76.901354 76.921459 76.943269 76.966743 76.991837 77.018507 77.046705 77.07638 77.107484 77.139964 77.173769 77.208848 77.245148 77.282618 77.321204 77.360852 77.401504 77.443096 77.485559 77.528814 77.57277 77.617319 77.662334 77.707665 77.753135 77.798536 77.84363 77.888142 77.931761 77.974145 78.014917 78.053676 78.089997 78.123447 78.153589 78.179999 78.202272 78.220043 78.232988 78.240834 78.243358 78.240375 78.231712 78.21717 78.196464 78.169144 78.134505 78.091491 78.038609 77.973901 77.894993
76.592254 76.594172 76.598024 76.603807 76.611513 76.621129 76.632637 76.646015 76.661236 76.678267 76.697074 76.717615 76.739848 76.763726 76.789199 76.816216 76.844725 76.874673 76.906005 76.93867 76.972615 77.007789 77.044141 77.081622 77.120181 77.159767 77.200324 77.241791 77.284099 77.327165 77.370889 77.415154 77.459811 77.504687 77.549569 77.594207 77.63831 77.681543 77.723527 77.763845 77.802042 77.837635 77.870124 77.899005 77.923784 77.943994 77.959215 77.969086 77.97332 77.971706 77.964107 77.950429 77.93058 77.904393 77.871521 77.831302 77.782598 77.723624 77.651812 77.563748
76.37742 76.377569 76.379697 76.383801 76.389872 76.397896 76.407855 76.419724 76.433475 76.449072 76.466476 76.485645 76.50653 76.52908 76.553243 76.578962 76.606181 76.634842 76.664889 76.696268 76.728924 76.762806 76.797866 76.834058 76.871336 76.909657 76.948974 76.989238 77.03039 77.072361 77.115065 77.158393 77.202208 77.24634 77.290575 77.334657 77.378277 77.421075 77.462635 77.50249 77.540126 77.574989 77.606499 77.634066 77.657107 77.675073 77.687468 77.693876 77.693985 77.687597 77.674632 77.655112 77.62911 77.59667 77.557671 77.511645 77.457536 77.393423 77.316223 77.22145
76.157248 76.155515 76.155807 76.15812 76.162445 76.168768 76.177069 76.187321 76.199494 76.213549 76.229443 76.247128 76.266553 76.287662 76.310394 76.33469 76.360486 76.387722 76.416336 76.446269 76.477465 76.509874 76.543448 76.578145 76.613925 76.650752 76.688593 76.727411 76.767163 76.807796 76.849243 76.891411 76.934178 76.977382 77.020816 77.064219 77.107269 77.149578 77.190692 77.23009 77.267187 77.301347 77.331891 77.358122 77.379344 77.394895 77.404175 77.406688 77.402069 77.39012 77.370827 77.344351 77.310998 77.271129 77.225011 77.172584 77.113139 77.044907 76.964572 76.866766
75.931566 75.927831 75.926166 75.926569 75.929032 75.933538 75.940067 75.948589 75.959071 75.971471 75.985741 76.001829 76.019677 76.039222 76.060399 76.083139 76.107375 76.133036 76.160057 76.188374 76.217926 76.248662 76.280535 76.313504 76.347539 76.382612 76.418703 76.455791 76.493854 76.532861 76.572767 76.613503 76.654969 76.697021 76.739462 76.782034 76.824405 76.866164 76.906815 76.945777 76.982387 77.015908 77.045546 77.070469 77.089836 77.102834 77.108721 77.106874 77.096839 77.078385 77.051546 77.016639 76.974258 76.925196 76.870297 76.810188 76.744879 76.673209 76.592135 76.495915
75.700193 75.694327 75.69058 75.688949 75.689425 75.691993 75.696628 75.703301 75.711974 75.7226 75.735128 75.749499 75.765647 75.783504 75.802994 75.824043 75.846571 75.870502 75.89576 75.922276 75.949985 75.978829 76.008762 76.039747 76.071757 76.104778 76.138802 76.17383 76.209863 76.246899 76.284922 76.323896 76.363752 76.404372 76.445581 76.487131 76.528688 76.56982 76.609992 76.648558 76.684766 76.717766 76.746621 76.770335 76.787883 76.798256 76.800512 76.793842 76.777639 76.751582 76.715706 76.670468 76.616776 76.555958 76.489634 76.419447 76.346602 76.271175 76.191168 76.101337
75.462943 75.45481 75.448845 75.445047 75.443406 75.443906 75.446522 75.45122 75.457959 75.466689 75.477351 75.48988 75.504203 75.520241 75.53791 75.557123 75.577792 75.599828 75.623146 75.647666 75.673315 75.70003 75.727762 75.756474 75.786147 75.816775 75.848369 75.880951 75.914553 75.949205 75.984933 76.021742 76.059604 76.098443 76.138118 76.178403 76.218971 76.259378 76.29905 76.337279 76.373213 76.405871 76.43415 76.456855 76.472731 76.480513 76.478991 76.467087 76.443953 76.409077 76.362409 76.304474 76.236474 76.160326 76.078603 75.994306 75.910391 75.828968 75.750123 75.670358
75.219621 75.209075 75.20075 75.194643 75.190747 75.189043 75.189504 75.192096 75.196772 75.203476 75.212145 75.222703 75.23507 75.249156 75.264865 75.282096 75.300749 75.32072 75.341911 75.364228 75.387587 75.411917 75.437161 75.463283 75.490267 75.518117 75.546862 75.57655 75.607246 75.639025 75.671959 75.706108 75.741503 75.778124 75.815879 75.854583 75.893931 75.933478 75.972623 76.010589 76.046423 76.078995 76.107012 76.12904 76.143541 76.14893 76.143642 76.126225 76.095462 76.050515 75.991095 75.917655 75.831579 75.735339 75.632562 75.527908 75.426668 75.333921 75.253138 75.184191
74.970022 74.956911 74.946072 74.937507 74.931207 74.927154 74.92532 74.925666 74.928143 74.932688 74.93923 74.947686 74.957964 74.969961 74.983567 74.998667 75.015143 75.032875 75.051745 75.071643 75.09247 75.114141 75.136588 75.159771 75.183673 75.208309 75.233726 75.259999 75.287233 75.315551 75.345088 75.375973 75.408312 75.442161 75.477504 75.514215 75.552034 75.590536 75.629098 75.666887 75.702843 75.735675 75.763872 75.785722 75.799351 75.802775 75.793974 75.770999 75.732104 75.675931 75.60173 75.50964 75.400993 75.278637 75.147192 75.013153 74.884673 74.770806 74.679971 74.617475
74.713936 74.698093 74.684579 74.673396 74.664535 74.65798 74.653701 74.651655 74.651788 74.654035 74.658313 74.664531 74.672583 74.682352 74.693714 74.706533 74.72067 74.735984 74.752337 74.769595 74.787636 74.806356 74.825674 74.845536 74.865924 74.886858 74.9084 74.930655 74.953771 74.977931 75.003342 75.030221 75.058769 75.089149 75.121443 75.155621 75.191495 75.228682 75.266564 75.304261 75.340607 75.37414 75.403108 75.425484 75.438998 75.44119 75.429479 75.40127 75.354101 75.285848 75.194997 75.08101 74.944771 74.789108 74.619328 74.443673 74.273474 74.122719 74.006579 73.938458
74.451141 74.43239 74.416026 74.402054 74.390465 74.381244 74.37436 74.369767 74.367409 74.36721 74.369082 74.372922 74.37861 74.386014 74.394987 74.405375 74.417013 74.429734 74.443371 74.457762 74.472757 74.488225 74.50406 74.520191 74.53659 74.553275 74.570323 74.587866 74.606098 74.625269 74.645673 74.667634 74.691479 74.717503 74.745929 74.77686 74.810221 74.845709 74.88274 74.920407 74.957445 74.99222 75.022718 75.046559 75.061027 75.063105 75.049543 75.01695 74.961936 74.881322 74.772449 74.633613 74.464658 74.26772 74.048126 73.815335 73.583735 73.372903 73.206667 73.110004
74.181407 74.159559 74.140159 74.123212 74.108717 74.096655 74.086996 74.079693 74.074683 74.071887 74.071207 74.072526 74.075711 74.080609 74.087054 74.094864 74.103846 74.113802 74.124528 74.135828 74.147513 74.159417 74.171401 74.183364 74.195258 74.207092 74.218948 74.230983 74.243439 74.256637 74.270973 74.2869 74.304899 74.325442 74.34894 74.37568 74.405755 74.438993 74.474886 74.512531 74.550586 74.587238 74.620198 74.646706 74.663549 74.667087 74.653304 74.617869 74.556249 74.463903 74.336584 74.170821 73.96462 73.718452 73.436528 73.128374 72.810531 72.508058 72.254991 72.092144
73.904493 73.879345 73.856706 73.836589 73.818993 73.803902 73.791287 73.781099 73.773271 73.767718 73.764333 73.762985 73.763525 73.765781 73.76956 73.774651 73.780829 73.787854 73.795484 73.803474 73.811591 73.819619 73.827372 73.834709 73.841546 73.847871 73.853758 73.859381 73.865026 73.871089 73.87808 73.886604 73.897336 73.91097 73.928166 73.949465 73.9752 74.005402 74.039698 74.077236 74.116618 74.155865 74.192398 74.223049 74.244072 74.251156 74.239443 74.203549 74.137617 74.035446 73.890746 73.6976 73.451231 73.14916 72.792876 72.390068 71.957432 71.523921 71.133888 70.848173
73.62015 73.59148 73.565386 73.541885 73.52098 73.502658 73.486891 73.473631 73.462807 73.454328 73.448078 73.443914 73.441668 73.441146 73.442127 73.444368 73.447602 73.451546 73.455907 73.460385 73.464686 73.468532 73.471676 73.473917 73.475117 73.475223 73.474285 73.472479 73.470121 73.467686 73.465803 73.465254 73.466945 73.471855 73.480967 73.495168 73.515131 73.541183 73.573174 73.610366 73.651341 73.693959 73.735342 73.771888 73.799289 73.812534 73.805894 73.772876 73.706183 73.597728 73.438772 73.220285 72.933685 72.572085 72.132269 71.617543 71.041631 70.433764 69.845408 69.358481
73.328114 73.295686 73.265902 73.238785 73.214344 73.192571 73.173442 73.156907 73.142897 73.131314 73.122032 73.114897 73.109722 73.106289 73.104348 73.103616 73.103783 73.104514 73.105455 73.106239 73.106499 73.105877 73.104046 73.100721 73.095687 73.088825 73.080134 73.069766 73.058053 73.045529 73.03295 73.021294 73.011738 73.005618 73.004334 73.009241 73.021482 73.04182 73.070445 73.106821 73.149559 73.196364 73.244031 73.288487 73.324835 73.347362 73.349491 73.323655 73.261119 73.151821 72.984303 72.745883 72.423232 72.003596 71.476979 70.839575 70.098639 69.278822 68.431051 67.649372
73.028115 72.991671 72.95794 72.926955 72.898732 72.87327 72.850547 72.83052 72.813116 72.798236 72.785747 72.77548 72.767232 72.760759 72.755778 72.751965 72.748961 72.746371 72.74377 72.740711 72.736739 72.731397 72.724251 72.71491 72.703048 72.688445 72.671014 72.650846 72.628253 72.603808 72.578378 72.553147 72.52961 72.509529 72.494848 72.487542 72.489413 72.501847 72.525552 72.560316 72.604841 72.656668 72.712207 72.76684 72.81503 72.850379 72.865552 72.852061 72.799913 72.697191 72.529699 72.280815 71.931783 71.462765 70.855139 70.09566 69.182818 68.134468 66.994373 65.844402
