RAINFALL_MEAN_RP_1000.tif
NCOLS 101
NROWS 90
XLLCORNER -81.15
YLLCORNER -4.25
DX 0.0099207921
DY 0.01
NODATA_VALUE -9999
[rows 26 to 51 of 90, columns 0 to 59 of 101]
386.0266 386.0796 386.14491 386.22248 386.31218 386.41383 386.52719 386.65193 386.78766 386.93389 387.09004 387.25541 387.42918 387.6104 387.798 387.99071 388.18713 388.38567 388.5845 388.78162 388.97473 389.16128 389.33839 389.50278 389.65075 389.77804 389.87978 389.95028 389.98294 389.96997 389.90229 389.7692 389.55824 389.25505 388.84325 388.30461 387.61922 386.76589 385.72259 384.46677 382.97535 381.22404 379.18592 376.82886 374.11188 370.98046 367.3607 363.15264 358.22286 352.39679 345.4514 337.10965 327.03941 314.86282 300.18713 282.67605 262.18177 238.92251 213.5578 186.92483
384.71537 384.75908 384.81574 384.8853 384.96771 385.06284 385.17049 385.29042 385.42227 385.56563 385.71998 385.88469 386.05901 386.24207 386.43286 386.63022 386.83282 387.03916 387.24754 387.45605 387.66256 387.86464 388.05959 388.24433 388.41535 388.56863 388.69948 388.80239 388.87082 388.89695 388.87136 388.78272 388.61747 388.35952 387.99012 387.48797 386.82959 385.99004 384.94383 383.66597 382.1325 380.32034 378.20588 375.76207 372.95396 369.73266 366.02784 361.73896 356.72522 350.79464 343.69277 335.09202 324.58405 311.68115 295.84131 276.54892 253.50935 227.02154 198.41211 169.58308
383.37575 383.40962 383.45706 383.51811 383.59275 383.68091 383.78247 383.89723 384.02493 384.16522 384.31764 384.48166 384.65663 384.84174 385.0361 385.23864 385.44814 385.66323 385.88236 386.10377 386.3255 386.54537 386.76092 386.96936 387.16754 387.3518 387.51787 387.66066 387.77399 387.85028 387.88011 387.85175 387.7506 387.55872 387.25444 386.81242 386.20405 385.39867 384.3653 383.07471 381.50127 379.62365 377.4238 374.88371 371.97988 368.67586 364.91285 360.59867 355.59516 349.70417 342.65273 334.07813 323.51422 310.38326 294.00641 273.66838 248.82098 219.59872 187.9047 158.90943
382.00666 382.03005 382.06767 382.11961 382.18591 382.26658 382.36155 382.47071 382.59387 382.73076 382.88104 383.04425 383.21982 383.40709 383.60526 383.81338 384.03038 384.25504 384.48596 384.72161 384.96027 385.20003 385.43879 385.67418 385.90354 386.12381 386.33139 386.52194 386.69006 386.82889 386.92952 386.9803 386.96599 386.86682 386.65775 386.30809 385.7819 385.03964 384.04115 382.74955 381.13531 379.17879 376.87007 374.20521 371.17933 367.77711 363.96127 359.65926 354.7481 349.03759 342.2528 334.01693 323.83495 311.07909 294.98192 274.65879 249.21862 218.09155 181.82671 144.29111
380.60697 380.61918 380.64629 380.68844 380.74576 380.8183 380.90609 381.0091 381.12723 381.26031 381.40808 381.5702 381.74622 381.9356 382.13767 382.35162 382.57655 382.81139 383.05499 383.30603 383.56309 383.82462 384.08896 384.3543 384.61864 384.87978 385.1351 385.38145 385.61478 385.82963 386.01845 386.17059 386.271 386.29865 386.22497 386.01255 385.6151 384.97931 384.04945 382.77451 381.11629 379.05558 376.5936 373.7474 370.54024 366.98898 363.09005 358.80397 354.03775 348.62514 342.307 334.71447 325.35643 313.60941 298.70754 279.7379 255.66768 225.47216 188.60363 147.66173
379.17556 379.1758 379.19162 379.22323 379.2708 379.3345 379.41441 379.51061 379.62308 379.75177 379.89654 380.05715 380.23331 380.42459 380.63047 380.85032 381.08339 381.32885 381.58575 381.85306 382.12971 382.41457 382.7065 383.00439 383.3071 383.61351 383.92241 384.23236 384.54136 384.84636 385.14243 385.42142 385.67016 385.86789 385.98324 385.97124 385.77151 385.30963 384.50358 383.27612 381.57068 379.3649 376.6753 373.55036 370.05499 366.25237 362.18698 357.86785 353.24908 348.20615 342.5123 335.82298 327.67451 317.49445 304.61542 288.29148 267.7497 242.4124 212.803 183.83977
377.71126 377.69868 377.70235 377.72255 377.75953 377.81354 377.88475 377.97334 378.0794 378.20299 378.3441 378.50263 378.67842 378.8712 379.08061 379.30621 379.54743 379.80367 380.07423 380.35839 380.65546 380.96478 381.28583 381.61828 381.96206 382.31741 382.68491 383.06542 383.45991 383.86899 384.29208 384.72592 385.16214 385.58347 385.95856 386.23566 386.33685 386.15635 385.56803 384.44594 382.69553 380.28314 377.24767 373.68715 369.72915 365.50136 361.1117 356.63432 352.09096 347.42084 342.44581 336.85063 330.19736 321.97345 311.65435 298.77094 283.02031 264.5626 244.8345 228.13086
376.21291 376.18656 376.17713 376.18497 376.21041 376.25376 376.31533 376.39538 376.49412 376.61174 376.74836 376.90404 377.07877 377.27244 377.48489 377.71584 377.96496 378.23186 378.51612 378.81736 379.13524 379.46966 379.82073 380.18902 380.57565 380.98246 381.41221 381.86871 382.35682 382.88232 383.45126 384.06856 384.73524 385.44346 386.16844 386.85675 387.4124 387.68602 387.47867 386.57358 384.79774 382.08835 378.52134 374.28031 369.5914 364.66963 359.69865 354.83183 350.18453 345.79482 341.55833 337.18248 332.21425 326.14684 318.55429 309.2094 298.20465 286.15846 274.58928 266.2778
374.67931 374.63817 374.61461 374.60903 374.62185 374.65349 374.70433 374.77476 374.86511 374.97571 375.10683 375.25869 375.43145 375.62518 375.83991 376.07558 376.33206 376.60921 376.90687 377.22499 377.56364 377.92319 378.30448 378.70897 379.13906 379.59837 380.09213 380.6276 381.2145 381.86532 382.59529 383.42168 384.36136 385.4254 386.6082 387.86857 389.10112 390.1038 390.5624 390.09047 388.35028 385.20949 380.81516 375.51495 369.70006 363.6984 357.76581 352.13426 347.04519 342.70431 339.14454 336.0899 332.9762 329.16269 324.18742 317.93043 310.69367 303.26916 296.99961 293.69499
373.10929 373.05227 373.01343 372.99328 372.99232 373.01103 373.04992 373.10949 373.19021 373.29256 373.41696 373.56381 373.73346 373.92618 374.14219 374.38165 374.64466 374.93131 375.24171 375.57611 375.93495 376.3191 376.73001 377.17004 377.64286 378.15388 378.71094 379.3251 380.01157 380.79085 381.68982 382.7425 383.98937 385.47347 387.22893 389.25518 391.46742 393.62053 395.23412 395.60965 394.05651 390.27604 384.56968 377.62824 370.13397 362.54551 355.14075 348.18361 342.07041 337.31618 334.26981 332.70573 331.75873 330.377 327.84181 323.97064 319.09561 314.02705 310.04491 308.78959
371.50169 371.42758 371.37227 371.33629 371.32024 371.3247 371.35027 371.39759 371.46726 371.55992 371.67617 371.8166 371.98174 372.1721 372.38811 372.63014 372.89853 373.19361 373.51572 373.86538 374.24337 374.65093 375.09007 375.56394 376.07731 376.63726 377.25412 377.94269 378.72385 379.62671 380.69138 381.97209 383.54026 385.48532 387.90815 390.89491 394.44766 398.33964 401.89885 403.88502 402.85117 398.09388 390.27144 380.82174 370.94162 361.19527 351.73158 342.69189 334.60289 328.55039 325.67633 325.99346 327.93377 329.48044 329.35717 327.18303 323.15783 317.92168 312.76789 310.04264
369.85533 369.76289 369.68979 369.63664 369.60409 369.59284 369.60359 369.63709 369.69411 369.77544 369.88187 370.0142 370.17318 370.35955 370.57397 370.81705 371.08937 371.39146 371.7239 372.08742 372.48303 372.91227 373.37754 373.88254 374.4329 375.03702 375.70729 376.46172 377.32627 378.33817 379.5505 381.03861 382.90847 385.30618 388.42422 392.48985 397.69531 403.98255 410.57542 415.41991 415.53832 409.26908 398.08612 384.9941 372.0131 359.66668 347.6792 335.7454 324.30823 315.35687 311.94387 314.96787 321.23644 326.67102 329.1651 328.18338 323.65191 315.58027 304.74629 294.86063
368.16908 368.05699 367.96472 367.89295 367.8424 367.81385 367.80812 367.82607 367.86864 367.93677 368.03148 368.15377 368.30464 368.48508 368.69602 368.93832 369.21278 369.52015 369.86121 370.23682 370.64815 371.09688 371.58557 372.1182 372.70084 373.34268 374.0574 374.86518 375.79566 376.89215 378.21809 379.86658 381.97448 384.7426 388.46083 393.52739 400.415 409.43624 419.9839 429.10227 431.23452 422.79283 406.87147 389.23108 372.88827 358.00845 343.56108 328.40577 312.3736 298.35369 293.15704 300.14282 312.66998 322.96225 328.23686 328.18454 322.39569 309.52512 288.13436 262.16585
366.44182 366.30869 366.19581 366.1039 366.03375 365.9862 365.96219 365.9627 365.98881 366.04167 366.12248 366.23251 366.37302 366.54527 366.75049 366.98982 367.26431 367.57493 367.92259 368.30826 368.73313 369.19884 369.70787 370.26412 370.8736 371.54556 372.29397 373.13973 374.11389 375.26256 376.65434 378.39198 380.63057 383.60573 387.67506 393.36879 401.40883 412.51875 426.4904 439.80282 444.11161 433.41419 412.92057 391.45762 372.70127 356.2526 340.36412 323.08911 303.30064 284.02836 276.34768 287.40255 305.96491 320.33906 327.81609 328.61074 322.01393 305.15251 273.12893 226.73986
364.67249 364.51689 364.38188 364.26824 364.1768 364.10846 364.06424 364.04525 364.05272 364.08798 364.15246 364.2477 364.37525 364.53671 364.73361 364.96743 365.2395 365.55101 365.90302 366.29651 366.73257 367.21263 367.73883 368.31456 368.94524 369.63939 370.4101 371.27726 372.27074 373.43522 374.83771 376.57926 378.81362 381.77656 385.83044 391.52205 399.61691 410.93121 425.38141 439.37924 443.95717 432.6433 411.32097 389.42218 370.59602 354.31299 338.79263 322.08319 302.92563 284.01115 276.36413 287.47089 306.07409 320.69816 328.79753 330.45658 324.72257 308.43661 276.30102 228.61568
362.86001 362.68048 362.52183 362.38482 362.27033 362.17931 362.11285 362.07216 362.0586 362.07371 362.11915 362.19675 362.30839 362.45604 362.64164 362.86702 363.13387 363.44363 363.79748 364.19642 364.64132 365.1332 365.67357 366.26496 366.91162 367.62056 368.40291 369.27585 370.26546 371.41091 372.77082 374.43304 376.52982 379.26062 382.92443 387.95474 394.91582 404.29999 415.69821 425.94424 428.4003 418.8078 401.3712 382.89231 366.41522 351.91597 338.34198 324.57821 310.22433 297.51291 292.82008 299.8237 312.45534 323.70591 331.03667 333.71478 330.6576 319.8208 299.10774 272.28947
361.00337 360.79845 360.61459 360.45257 360.31325 360.19761 360.10678 360.04205 360.00493 359.99711 360.02052 360.07727 360.16966 360.30007 360.4709 360.68448 360.9429 361.24794 361.60096 362.00292 362.4544 362.95586 363.50792 364.11186 364.77031 365.4881 366.27344 367.1395 368.10656 369.20511 370.48032 371.99857 373.8567 376.19433 379.20715 383.14998 388.29021 394.70374 401.72145 407.08384 407.16421 400.00701 387.72876 373.95526 360.78628 348.69913 337.50026 326.99136 317.47113 310.34774 308.04344 311.59118 318.833 326.72885 333.31438 337.37893 337.87925 333.9332 325.79539 317.49756
359.10157 358.86981 358.65922 358.47053 358.30459 358.16237 358.04501 357.95384 357.89046 357.85674 357.85483 357.88719 357.95654 358.06578 358.21788 358.41576 358.66208 358.95907 359.30837 359.71091 360.16695 360.67624 361.23827 361.85278 362.52034 363.24314 364.02588 364.8769 365.80961 366.84427 368.0104 369.34977 370.91975 372.79597 375.07042 377.83505 381.12627 384.78445 388.19346 390.05007 388.71219 383.40054 374.93974 364.91171 354.53283 344.42583 334.91882 326.36029 319.32093 314.6456 313.20149 315.29277 320.31033 327.02337 334.03246 340.05334 344.12522 345.8868 346.08675 347.1954
357.15362 356.8936 356.65479 356.43785 356.24357 356.07285 355.92678 355.80672 355.7143 355.65152 355.62076 355.62482 355.66688 355.75045 355.87923 356.05689 356.28687 356.57204 356.91446 357.31517 357.77407 358.29009 358.86139 359.48586 360.16174 360.88824 361.66633 362.49934 363.39377 364.35985 365.4122 366.56997 367.85595 369.29322 370.8962 372.65098 374.47681 376.16206 377.28824 377.21608 375.26432 371.07028 364.80373 357.00145 348.2665 339.12805 330.0795 321.68492 314.65393 309.81965 308.00046 309.74859 315.00331 322.8786 331.91433 340.6498 348.09865 353.99167 358.87368 363.9817
355.15851 354.8689 354.60047 354.3538 354.12953 353.92848 353.75164 353.60027 353.47601 353.38091 353.31754 353.28902 353.29905 353.35183 353.45194 353.60408 353.81272 354.0817 354.41376 354.81021 355.27067 355.79313 356.3742 357.00966 357.6951 358.42665 359.20153 360.01849 360.87796 361.78183 362.73282 363.73298 364.7808 365.86569 366.95856 367.99742 368.86975 369.3986 369.34432 368.42368 366.32957 362.76334 357.53452 350.67263 342.41747 333.12284 323.21439 313.25581 304.08029 296.90996 293.35208 294.97399 302.18071 313.47129 326.36276 338.78047 349.60014 358.56589 366.05117 372.75079
353.11518 352.79474 352.49544 352.21769 351.96199 351.72897 351.51944 351.33451 351.17568 351.04499 350.94509 350.8794 350.85214 350.86829 350.93351 351.05382 351.23514 351.48271 351.80041 352.19011 352.65128 353.18087 353.77367 354.42294 355.12133 355.8617 356.63781 357.44455 358.27777 359.13354 360.0069 360.88988 361.76847 362.61802 363.397 364.0401 364.45481 364.52747 364.1358 363.12982 361.23686 358.00814 353.01614 346.10526 337.36519 326.96031 315.07935 302.09106 288.88175 277.22343 269.97972 270.86064 281.60212 298.91328 317.73303 334.88972 349.21729 360.62977 369.53322 376.61263
351.02248 350.67011 350.33884 350.0289 349.74057 349.47422 349.23038 349.0099 348.81402 348.6446 348.50426 348.39659 348.32628 348.29917 348.32221 348.4031 348.54978 348.76956 349.06807 349.44831 349.90981 350.44842 351.05666 351.72468 352.4416 353.19678 353.98072 354.78539 355.60378 356.42896 357.25264 358.06357 358.84576 359.57695 360.22788 360.76434 361.15463 361.37971 361.41326 361.08067 359.79791 356.66731 351.16348 343.35689 333.42748 321.33116 306.84567 289.91681 271.37808 253.69318 240.59199 238.88076 255.04562 281.34896 307.79519 330.25242 347.99162 361.31503 370.6831 376.91447
348.8791 348.49386 348.12974 347.78677 347.46494 347.16429 346.88497 346.6274 346.39242 346.18149 345.997 345.84249 345.723 345.64522 345.61753 345.64981 345.7527 345.93652 346.20975 346.57734 347.03936 347.59039 348.22003 348.91431 349.65782 350.4358 351.23554 352.0469 352.86178 353.67289 354.4723 355.25053 355.99689 356.70218 357.36554 358.0084 358.69847 359.57152 360.76405 362.00149 361.86818 358.45192 351.52769 342.11303 330.68974 316.91883 300.00968 279.24696 255.22831 232.06887 214.61236 207.23862 231.02499 266.82339 299.9667 326.68688 347.01333 361.56275 370.47092 374.03672
346.68349 346.26461 345.86702 345.4905 345.13473 344.79933 344.48395 344.18844 343.91299 343.65844 343.42661 343.22069 343.04576 342.90918 342.82087 342.7933 342.84076 342.97796 343.21778 343.56859 344.03181 344.60069 345.26078 345.99232 346.77362 347.5845 348.40869 349.23467 350.05487 350.86392 351.65687 352.42867 353.17663 353.90745 354.65182 355.49113 356.60164 358.30075 360.95185 364.20137 365.41962 361.25582 352.40135 341.35417 328.84916 314.19653 296.10049 273.157 245.08094 216.36425 202.97527 202.57855 226.61117 263.29948 297.79028 325.71463 346.93942 361.87255 369.91354 369.89113
344.43378 343.98065 343.54923 343.13903 342.74937 342.3794 342.02816 341.69475 341.37851 341.07929 340.79795 340.53684 340.30055 340.09667 339.93652 339.83548 339.81257 339.88877 340.08381 340.41193 340.87747 341.47233 342.17636 342.96117 343.79579 344.65241 345.51028 346.35697 347.18709 347.99934 348.79345 349.56919 350.3298 351.0922 351.90647 352.88866 354.26976 356.43699 359.78934 363.79978 365.28331 360.60361 351.07846 339.73762 327.36784 313.21629 295.95809 274.11035 246.94814 217.83611 204.00189 218.52609 241.07721 271.54489 301.88245 327.60068 347.80134 362.32463 370.19294 370.00248
342.12763 341.63982 341.17446 340.73083 340.30789 339.90426 339.5183 339.14822 338.79223 338.44889 338.11753 337.79899 337.49659 337.2173 336.97319 336.78253 336.6701 336.66558 336.79935 337.09561 337.56459 338.1972 338.96502 339.82645 340.73638 341.65569 342.55745 343.42872 344.26825 345.08135 345.8741 346.65001 347.41287 348.17801 348.9928 349.96524 351.29373 353.25817 356.00978 358.81472 359.2008 354.85238 346.68922 336.79613 325.86974 313.49834 298.87357 281.23294 260.76585 241.28887 233.21185 242.39372 261.58142 285.41358 309.63227 331.31864 349.26379 362.89653 371.50579 374.87049
