RAINFALL_MINIMUN_RP_10.tif
NCOLS 101
NROWS 90
XLLCORNER -81.15
YLLCORNER -4.25
DX 0.0099207921
DY 0.01
NODATA_VALUE -9999
[rows 26 to 51 of 90, columns 0 to 59 of 101]
96.122835 96.065513 96.011283 95.960169 95.912175 95.86728 95.825433 95.786552 95.750516 95.717165 95.686287 95.657625 95.630864 95.605631 95.581494 95.557963 95.534485 95.510456 95.485221 95.458089 95.428348 95.395282 95.358202 95.316482 95.269602 95.217202 95.159153 95.095628 95.027197 94.954916 94.880416 94.805976 94.734558 94.669772 94.615743 94.576862 94.557386 94.560929 94.589885 94.644887 94.724411 94.824627 94.939514 95.061191 95.180297 95.286234 95.367101 95.409212 95.396218 95.307963 95.119275 94.798978 94.309488 93.607533 92.647036 91.385893 89.798699 87.89442 85.725095 83.360349
95.714172 95.650703 95.590381 95.533241 95.479297 95.428536 95.380914 95.336354 95.294734 95.255887 95.219591 95.185565 95.153466 95.122877 95.093311 95.064203 95.034912 95.00472 94.972842 94.93843 94.900587 94.858392 94.810923 94.757295 94.696714 94.628533 94.552337 94.468044 94.376014 94.277192 94.173252 94.066727 93.961124 93.860948 93.771613 93.699161 93.649772 93.629042 93.641126 93.687879 93.768213 93.877862 94.009634 94.154072 94.300256 94.436418 94.550026 94.627175 94.651287 94.601311 94.449752 94.160893 93.689623 92.981414 91.974663 90.608199 88.839499 86.680433 84.241642 81.695568
95.294754 95.224747 95.15794 95.094385 95.034106 94.977105 94.92335 94.872768 94.825245 94.78061 94.738634 94.699021 94.661395 94.625303 94.590197 94.555439 94.520291 94.483915 94.445378 94.403654 94.357638 94.30616 94.248018 94.182007 94.106978 94.021898 93.925951 93.818649 93.699985 93.570619 93.432092 93.287057 93.1395 92.994894 92.860201 92.743631 92.654039 92.599946 92.588223 92.622693 92.703012 92.824227 92.977232 93.150013 93.329245 93.501617 93.654301 93.77424 93.846259 93.850349 93.758662 93.532807 93.121933 92.461979 91.47695 90.085018 88.216986 85.863876 83.181098 80.64605
94.864224 94.787249 94.713529 94.643128 94.576093 94.512438 94.452148 94.395166 94.341384 94.290639 94.242697 94.197251 94.153903 94.112161 94.071423 94.030975 93.989979 93.947469 93.902352 93.853405 93.799285 93.738541 93.669635 93.590976 93.50097 93.398087 93.280959 93.148515 93.00016 92.836011 92.6572 92.466231 92.267372 92.067015 91.873896 91.698987 91.554869 91.454414 91.408782 91.425075 91.504288 91.640375 91.820961 92.029616 92.248914 92.463101 92.659337 92.826931 92.954582 93.026235 93.016537 92.886977 92.58346 92.035453 91.156562 89.8475 88.005885 85.554408 82.511414 79.192491
94.422211 94.337802 94.256695 94.178977 94.104714 94.033944 93.966673 93.902863 93.842423 93.785202 93.730973 93.679422 93.630138 93.582595 93.536144 93.489995 93.44321 93.394693 93.34318 93.287234 93.225251 93.155461 93.075941 92.984646 92.879443 92.758177 92.618762 92.459321 92.278388 92.075186 91.85002 91.604785 91.343599 91.073493 90.805024 90.552548 90.333749 90.168013 90.073424 90.062759 90.139605 90.296248 90.514644 90.770509 91.03905 91.30015 91.541064 91.755671 91.940343 92.087422 92.178071 92.176637 92.028098 91.658648 90.977988 89.881758 88.254671 85.979585 82.973965 79.426043
93.968339 93.875984 93.786971 93.701412 93.619397 93.540995 93.466237 93.395114 93.327561 93.263446 93.202559 93.144592 93.089127 93.035618 92.983372 92.931533 92.879068 92.824746 92.767128 92.704556 92.635141 92.556764 92.467074 92.363501 92.243284 92.103511 91.941198 91.753411 91.537469 91.291241 91.013616 90.705166 90.369069 90.012276 89.646802 89.290791 88.968692 88.709601 88.542966 88.491739 88.564824 88.752217 89.026008 89.347722 89.679107 89.99191 90.273177 90.52465 90.756447 90.976475 91.178468 91.332872 91.38427 91.255912 90.858129 90.096444 88.878989 87.134134 84.885768 82.550245
93.502225 93.401364 93.303872 93.209889 93.119539 93.032921 92.950103 92.871113 92.79592 92.724426 92.656447 92.591696 92.529761 92.470087 92.411952 92.354445 92.296443 92.236588 92.173269 92.104596 92.028386 91.942147 91.843062 91.727984 91.593438 91.435632 91.250502 91.033798 90.781236 90.488785 90.153147 89.772539 89.347906 88.884692 88.395153 87.900901 87.434727 87.03989 86.764605 86.650567 86.718037 86.954512 87.314835 87.734689 88.151168 88.520905 88.829661 89.091985 89.341709 89.614676 89.927548 90.260868 90.555431 90.724459 90.674468 90.324957 89.624366 88.574266 87.294889 86.165389
93.023486 92.913505 92.806902 92.703849 92.604506 92.509013 92.417483 92.329987 92.246543 92.167099 92.091513 92.019533 91.950772 91.884684 91.820533 91.75737 91.693996 91.628938 91.560419 91.486322 91.404166 91.311073 91.203736 91.078391 90.930786 90.75615 90.549184 90.304071 90.014547 89.674082 89.276283 88.815662 88.289032 87.697867 87.051942 86.37428 85.706441 85.111228 84.667534 84.452149 84.510149 84.828153 85.330551 85.905471 86.445195 86.879163 87.189436 87.410438 87.615877 87.891868 88.298153 88.832455 89.4215 89.947761 90.294216 90.38161 90.189332 89.769802 89.271185 88.961604
92.531743 92.411969 92.295558 92.182715 92.073643 91.968529 91.867537 91.770797 91.678387 91.590316 91.506502 91.426749 91.350715 91.277884 91.207533 91.138691 91.070108 91.000215 90.927081 90.848375 90.761326 90.662669 90.548604 90.414731 90.255985 90.066558 89.839809 89.568171 89.243079 88.854958 88.393387 87.847625 87.207885 86.467968 85.63019 84.713557 83.765224 82.871822 82.160516 81.773867 81.811815 82.267476 83.010325 83.839692 84.567827 85.078092 85.344593 85.43001 85.472076 85.647952 86.10332 86.870084 87.837747 88.811922 89.610606 90.129392 90.359847 90.38436 90.36516 90.521542
92.026625 91.896325 91.769337 91.645905 91.526277 91.410694 91.299384 91.192542 91.090325 90.992819 90.900025 90.811825 90.727947 90.647936 90.571105 90.496496 90.422834 90.348477 90.271369 90.188985 90.098278 89.995619 89.87672 89.736557 89.569258 89.367968 89.124677 88.829993 88.472878 88.040346 87.517206 86.886025 86.127739 85.223776 84.161392 82.94491 81.615982 80.282301 79.140323 78.453022 78.44157 79.129223 80.283112 81.534015 82.556075 83.162756 83.314681 83.107254 82.770513 82.644429 83.056675 84.119134 85.63183 87.223446 88.573517 89.520584 90.054654 90.280467 90.395239 90.666488
91.507782 91.366156 91.227745 91.092835 90.961724 90.834712 90.712098 90.594161 90.481146 90.373241 90.27055 90.173063 90.080611 89.99283 89.909108 89.828536 89.749847 89.671365 89.590939 89.505882 89.412903 89.308032 89.186531 89.042784 88.870157 88.660803 88.405409 88.092832 87.709616 87.239334 86.661765 85.951962 85.079526 84.008961 82.70333 81.136017 79.319402 77.360602 75.536635 74.316165 74.181673 75.252551 77.098703 79.029274 80.496384 81.228632 81.170533 80.435722 79.355225 78.542686 78.726031 80.224424 82.620008 85.141906 87.216766 88.611863 89.319349 89.455522 89.261728 89.1691
90.974887 90.821066 90.670306 90.522935 90.379302 90.239775 90.10473 89.974541 89.849561 89.730101 89.616398 89.508577 89.406613 89.310274 89.219066 89.132172 89.048383 88.966029 88.882909 88.796211 88.702441 88.597329 88.475731 88.3315 88.157317 87.94446 87.682475 87.358701 86.95759 86.459702 85.84028 85.067249 84.098646 82.879933 81.343108 79.413526 77.039604 74.275957 71.450062 69.330644 68.918787 70.589009 73.532175 76.469124 78.545112 79.43242 79.069058 77.529759 75.172257 72.994379 72.586646 74.818073 78.724744 82.664347 85.691149 87.565442 88.320043 88.040354 86.927985 85.655139
90.42765 90.260696 90.096577 89.93566 89.778348 89.625077 89.476311 89.33253 89.194214 89.061818 88.935741 88.816287 88.703612 88.597667 88.498131 88.404334 88.31518 88.229061 88.143773 88.056433 87.963386 87.860112 87.741115 87.59979 87.428235 87.217006 86.954744 86.627641 86.218628 85.706144 85.062241 84.24969 83.217637 81.895494 80.185729 77.960259 75.078186 71.476768 67.439304 64.049921 63.143429 65.621776 70.032679 74.189934 76.933396 77.978692 77.283096 74.788291 70.664063 66.233937 64.667748 68.1208 74.379773 80.193912 84.292057 86.627377 87.341109 86.406539 83.730547 80.024904
89.865831 89.684735 89.506161 89.330509 89.158232 88.989838 88.825882 88.666961 88.513697 88.366717 88.226615 88.093913 87.969003 87.852077 87.74305 87.641469 87.546418 87.456416 87.369322 87.282232 87.191383 87.092054 86.978455 86.843591 86.679088 86.47494 86.219147 85.897181 85.491164 84.978597 84.330338 83.507358 82.455512 81.097324 79.320042 76.962159 73.813677 69.690714 64.753635 60.250447 58.827323 62.018874 67.669614 72.733839 75.916243 77.061313 76.161121 72.997518 67.391229 60.661954 57.726276 62.563511 71.175501 78.547264 83.412864 86.057116 86.735381 85.274624 81.110822 74.489178
89.289249 89.092939 88.898728 88.707044 88.518385 88.333325 88.152513 87.976669 87.806575 87.643051 87.486925 87.338984 87.199913 87.070216 86.950124 86.839484 86.737644 86.643334 86.554543 86.468412 86.381121 86.287794 86.182392 86.057591 85.904626 85.713071 85.470514 85.162092 84.76978 84.271307 83.638425 82.834088 81.807785 80.487916 78.770043 76.502131 73.479558 69.506881 64.699753 60.250501 58.830016 62.018568 67.599207 72.541226 75.633519 76.764283 75.932091 72.902453 67.430752 60.721947 57.749311 62.643221 71.232786 78.511969 83.334375 86.007532 86.75811 85.378835 81.269024 74.612022
88.697799 88.485141 88.274033 88.064917 87.858324 87.654886 87.45534 87.260535 87.07142 86.889035 86.714475 86.548846 86.393195 86.248423 86.11517 85.993689 85.883699 85.784238 85.693516 85.608785 85.526221 85.440828 85.346345 85.235149 85.098133 84.924528 84.70165 84.41454 84.045452 83.573118 82.971646 82.208801 81.243215 80.019914 78.463745 76.472568 73.922157 70.727815 67.078044 63.92532 63.078479 65.471634 69.621076 73.445992 75.965148 76.981912 76.465265 74.322494 70.600425 66.411657 64.896871 68.319107 74.369489 79.938364 83.96607 86.424828 87.369525 86.680188 84.191621 80.563594
88.091463 87.861276 87.631942 87.403897 87.177688 86.953987 86.733609 86.517525 86.306858 86.102884 85.907002 85.720691 85.545441 85.382646 85.233479 85.098727 84.978618 84.872622 84.77928 84.696034 84.619107 84.543398 84.462424 84.368255 84.251432 84.100852 83.903578 83.644589 83.306472 82.869075 82.309145 81.599965 80.711001 79.607616 78.251368 76.603237 74.638342 72.396413 70.110281 68.387707 68.102943 69.606005 72.172943 74.716223 76.556254 77.437869 77.303517 76.194679 74.364565 72.614565 72.364798 74.454472 78.046952 81.772107 84.866537 87.06259 88.255612 88.394128 87.593466 86.498366
87.470329 87.221398 86.972454 86.723901 86.476273 86.230258 85.986728 85.746754 85.511631 85.282879 85.062232 84.851601 84.653001 84.468443 84.299779 84.148501 84.015519 83.900908 83.803675 83.721551 83.650845 83.586355 83.521331 83.447472 83.354908 83.232132 83.065864 82.840865 82.539742 82.142864 81.628563 80.973872 80.156211 79.156601 77.965357 76.591823 75.081014 73.541597 72.185285 71.34389 71.362148 72.3292 73.927007 75.632815 77.007685 77.805974 77.960989 77.564052 76.886058 76.411537 76.724881 78.13077 80.401316 83.023952 85.533677 87.608687 89.06016 89.837384 90.076061 90.153872
86.8346 86.565698 86.295728 86.025026 85.754079 85.483551 85.214329 84.947559 84.68468 84.427452 84.177965 83.938611 83.71203 83.500987 83.308196 83.136079 82.986463 82.860257 82.757122 82.675204 82.61094 82.558983 82.512223 82.461861 82.397486 82.307068 82.176844 81.9911 81.731931 81.379151 80.91062 80.303416 79.536458 78.595485 77.481508 76.223733 74.896341 73.634087 72.633472 72.118947 72.261442 73.075261 74.368345 75.804799 77.041533 77.84532 78.144493 78.032094 77.745756 77.62125 77.99896 79.095011 80.904882 83.200412 85.623373 87.822504 89.560348 90.760724 91.5079 91.989919
86.184606 85.894522 85.602107 85.307589 85.011355 84.713994 84.416351 84.11959 83.825249 83.535301 83.252185 82.978821 82.718564 82.475096 82.252226 82.053591 81.882267 81.740317 81.628333 81.545039 81.487043 81.448764 81.422541 81.398857 81.366553 81.312931 81.223629 81.082272 80.869965 80.564839 80.141938 79.573908 78.833118 77.896183 76.752373 75.417815 73.957095 72.510258 71.311521 70.663334 70.820889 71.817968 73.392177 75.107454 76.553887 77.473279 77.789394 77.592556 77.114682 76.698834 76.752343 77.649491 79.530961 82.146843 84.996565 87.609581 89.698474 91.176766 92.118388 92.674252
85.520812 85.208383 84.892142 84.572157 84.24865 83.922062 83.59312 83.26292 82.933022 82.605539 82.283229 81.969548 81.668651 81.385313 81.124722 80.892114 80.692274 80.528891 80.40389 80.316837 80.264553 80.24105 80.237783 80.244115 80.247821 80.235366 80.191797 80.100153 79.940466 79.688551 79.314868 78.783814 78.053853 77.079172 75.814412 74.226404 72.322019 70.20871 68.197002 66.872195 66.896294 68.454248 70.972189 73.571081 75.603922 76.771132 77.016471 76.444649 75.315736 74.076996 73.372713 73.985249 76.346758 79.92396 83.728446 87.047282 89.554211 91.186245 92.064983 92.463619
84.843816 84.507968 84.166607 83.819574 83.466854 83.108646 82.745451 82.378178 82.008281 81.637899 81.270009 80.908562 80.558563 80.226056 79.917939 79.64156 79.404058 79.21146 79.067666 78.973492 78.92605 78.918639 78.941228 78.981369 79.025204 79.058139 79.064825 79.028264 78.928075 78.738145 78.423974 77.939888 77.226084 76.205274 74.779406 72.830563 70.242754 66.994038 63.412272 60.57075 60.134112 62.788471 67.175826 71.389373 74.400827 75.951851 76.082514 74.934804 72.816301 70.361592 68.467619 68.483793 71.74511 76.970144 82.177779 86.39127 89.315056 90.922169 91.356846 91.114951
84.154344 83.794137 83.426503 83.050986 82.667243 82.275117 81.874744 81.466688 81.05211 80.63298 80.212314 79.794423 79.385131 78.991885 78.623669 78.290594 78.003075 77.770562 77.599967 77.49408 77.450455 77.461168 77.513652 77.592384 77.680844 77.762968 77.823432 77.846411 77.812846 77.696558 77.459665 77.047456 76.382187 75.354186 73.808052 71.524162 68.211075 63.584678 57.773336 52.360871 50.889286 55.304955 62.620885 69.076856 73.303323 75.30715 75.330216 73.551339 70.291532 66.566306 63.825256 62.826967 67.386287 74.48259 81.042012 86.03415 89.240721 90.595119 90.04743 88.120238
83.453231 83.067908 82.673055 82.267842 81.851496 81.423374 80.983081 80.53062 80.066609 79.592556 79.111209 78.62696 78.146264 77.677994 77.23357 76.826669 76.472276 76.184937 75.976305 75.852454 75.811757 75.844259 75.933016 76.057144 76.195522 76.329742 76.445115 76.529087 76.567116 76.536661 76.400193 76.097823 75.538956 74.590208 73.054486 70.635788 66.896481 61.284086 53.576711 45.562727 42.819418 49.046009 59.215056 67.597651 72.771533 75.130433 75.118793 72.908761 68.664889 63.387428 60.816988 61.923907 66.626448 74.117841 81.094586 86.355245 89.602729 90.603418 88.885659 84.496933
82.741387 82.330425 81.90768 81.471873 81.021697 80.555878 80.073292 79.573128 79.055128 78.519931 77.969542 77.407927 76.841732 76.281021 75.739851 75.236348 74.791815 74.428463 74.165631 74.015112 73.977044 74.038234 74.174175 74.35448 74.549784 74.737496 74.904267 75.044097 75.152201 75.215768 75.203524 75.056043 74.677213 73.924084 72.588725 70.364612 66.802027 61.327193 53.678839 45.621849 42.844309 49.167471 59.45619 67.920957 73.168663 75.613876 75.703637 73.587317 69.331471 63.723147 60.794739 64.527153 69.682074 76.268459 82.598862 87.52271 90.601399 91.465276 89.517305 84.7654
82.019755 81.582907 81.131937 80.665048 80.180294 79.675626 79.148984 78.598445 78.022475 77.42031 76.79253 76.14187 75.47431 74.800396 74.136599 73.506232 72.939122 72.469003 72.127893 71.937969 71.903409 72.006131 72.20858 72.463407 72.726273 72.966721 73.173327 73.351624 73.514946 73.669905 73.800002 73.852196 73.72984 73.290567 72.342527 70.632729 67.837426 63.62804 58.066372 52.710218 51.264472 55.852439 63.392877 70.052773 74.494763 76.754923 77.082003 75.629845 72.627798 69.072932 67.615436 69.996358 74.554225 79.960231 85.181295 89.436429 92.280408 93.368582 92.407967 89.879343
