RAINFALL_MINIMUN_RP_50.tif
NCOLS 101
NROWS 90
XLLCORNER -81.15
YLLCORNER -4.25
DX 0.0099207921
DY 0.01
NODATA_VALUE -9999
[rows 52 to 77 of 90, columns 0 to 59 of 101]
121.92843 121.37712 120.81156 120.22959 119.62875 119.00635 118.35945 117.68501 116.9801 116.24218 115.46969 114.66292 113.82529 112.96511 112.09772 111.24759 110.44909 109.74428 109.17578 108.77434 108.54504 108.45917 108.45873 108.4735 108.4433 108.33624 108.15711 107.944 107.75233 107.62724 107.57057 107.51528 107.32005 106.78519 105.67721 103.75125 100.78592 96.704982 91.941843 88.055686 87.568243 91.580211 98.110701 104.38953 108.9667 111.50461 112.08723 110.94196 108.5611 106.14184 105.69843 108.49659 113.83707 120.4254 127.21383 133.43352 138.57032 142.29557 144.48772 145.53228
120.97034 120.39185 119.79739 119.18429 118.54947 117.88936 117.19994 116.47674 115.71502 114.90993 114.05712 113.15359 112.19925 111.19946 110.16855 109.13421 108.14143 107.25251 106.53864 106.05937 105.83464 105.82454 105.93385 106.04341 106.05149 105.90606 105.62004 105.26985 104.9757 104.85884 104.9813 105.29477 105.63426 105.76476 105.45173 104.52267 102.91901 100.77301 98.542138 97.112442 97.516919 100.10747 104.10711 108.26605 111.65615 113.8526 114.79879 114.69926 114.0199 113.52889 114.15565 116.50125 120.48742 125.58116 131.13052 136.53022 141.30136 145.13757 147.96708 150.05647
119.9978 119.39263 118.77002 118.12681 117.45927 116.76297 116.03273 115.26254 114.44556 113.57419 112.64042 111.63653 110.55674 109.40013 108.17577 106.91046 105.6583 104.50763 103.57508 102.97456 102.76164 102.88387 103.18177 103.4492 103.51155 103.27894 102.76833 102.10756 101.51955 101.26308 101.51847 102.26988 103.28281 104.20929 104.73829 104.69882 104.10271 103.16061 102.28181 102.01113 102.83247 104.88366 107.82387 111.01277 113.82554 115.86196 117.00548 117.40832 117.4579 117.71488 118.77405 121.04869 124.60282 129.16237 134.26054 139.39433 144.13815 148.21491 151.54086 154.24373
119.01034 118.37922 117.72952 117.05767 116.35933 115.62927 114.8612 114.04755 113.17932 112.24591 111.23502 110.13306 108.92616 107.60309 106.16123 104.61797 103.02895 101.50961 100.24351 99.443876 99.247416 99.594368 100.21357 100.74665 100.89945 100.51994 99.616356 98.371158 97.15693 96.481194 96.772601 98.088073 100.02736 101.97721 103.43336 104.15356 104.15794 103.69011 103.18107 103.1732 104.13944 106.23342 109.16676 112.35434 115.19586 117.2785 118.44106 118.76357 118.56287 118.44404 119.28709 121.77506 125.83268 130.897 136.39184 141.85344 146.93438 151.40974 155.18178 158.27539
118.00704 117.35082 116.67533 115.97666 115.25001 114.48945 113.68773 112.8359 111.92298 110.93548 109.85681 108.66693 107.34236 105.85782 104.19152 102.33856 100.33866 98.32212 96.556307 95.423027 95.232634 95.941317 97.083001 98.040371 98.343144 97.755712 96.250485 94.031747 91.649956 90.046104 90.189231 92.322874 95.668066 99.048803 101.61217 103.00218 103.21899 102.50991 101.39831 100.751 101.55358 104.21319 108.14135 112.27351 115.75275 118.11222 119.16708 118.9065 117.51491 115.7289 115.52125 118.72372 124.43352 131.0254 137.65864 143.94397 149.66743 154.69495 158.92894 162.30084
116.98641 116.30597 115.60609 114.88266 114.13055 113.34335 112.51308 111.62979 110.68098 109.65086 108.5193 107.26054 105.84178 104.22249 102.35667 100.20408 97.763016 95.144502 92.689707 91.026739 90.798102 92.036962 93.947501 95.503593 96.021027 95.185939 92.89385 89.264369 84.956856 81.580564 81.247982 84.675406 90.229353 95.632387 99.54827 101.55933 101.65035 99.977073 97.074389 94.43607 94.488872 98.466635 104.77154 110.97252 115.72413 118.61302 119.54921 118.48326 115.41922 110.88149 108.55253 113.46267 121.78024 130.41705 138.5408 145.88721 152.39802 158.05387 162.76425 166.32564
115.94634 115.24245 114.51953 113.77341 112.99881 112.18908 111.33587 110.42868 109.45419 108.39537 107.23008 105.92911 104.45341 102.75072 100.75341 98.38295 95.578301 92.386641 89.16615 86.812332 86.470583 88.350113 91.174043 93.387509 94.131384 93.066364 89.976376 84.730272 77.846963 71.697254 70.443069 75.80877 84.459546 92.344507 97.71381 100.28096 100.04601 96.895587 91.01029 84.511295 82.796101 89.254059 99.745759 109.10606 115.58563 119.18249 120.11363 118.45547 114.39436 108.73428 105.06732 111.0716 120.38857 130.3661 139.71441 147.98355 155.17331 161.34807 166.41136 169.95674
114.88402 114.15719 113.41234 112.64538 111.85108 111.02281 110.1522 109.22869 108.23894 107.16592 105.98756 104.67461 103.18725 101.47039 99.447885 97.020325 94.082709 90.611156 86.914896 84.037816 83.56897 85.91707 89.366059 91.965941 92.822415 91.633499 88.086373 81.747357 72.758912 63.919883 61.650476 68.96413 80.421229 90.268512 96.684859 99.646413 99.171109 94.806507 86.083895 75.238029 71.222395 80.671428 95.719943 108.05992 116.02525 120.2561 121.33108 119.489 115.1366 109.89088 107.43413 112.07249 121.25115 131.80237 141.74819 150.47659 157.97548 164.29716 169.25417 172.18929
113.79594 113.04627 112.28014 111.49372 110.68203 109.83868 108.95554 108.02245 107.02667 105.9523 104.77925 103.48165 102.02521 100.36308 98.430346 96.140255 93.396052 90.163864 86.705817 83.987164 83.541126 85.762239 88.973744 91.348522 92.100876 90.96715 87.621629 81.564371 72.791601 63.971103 61.678758 69.069976 80.549973 90.39258 96.873035 99.969497 99.643496 95.360602 86.555362 75.445672 71.304212 81.092654 96.653128 109.41121 117.69086 122.18337 123.5161 121.94039 117.64678 111.41651 107.89174 114.18852 124.51944 135.1323 144.91079 153.48935 160.82475 166.84852 171.19803 173.12803
112.67788 111.90485 111.11746 110.31227 109.48472 108.62883 107.73693 106.79944 105.80457 104.73807 103.58288 102.31864 100.92073 99.358744 97.594599 95.582742 93.282961 90.716842 88.125821 86.202888 85.916752 87.434198 89.634682 91.282114 91.775433 90.872554 88.331798 83.871372 77.697691 71.882857 70.708806 76.111789 84.711826 92.610032 98.223279 101.2329 101.48529 98.672155 92.793959 86.003443 84.25137 91.437875 103.04925 113.44381 120.77531 125.11351 126.79063 126.01464 123.07172 119.13272 117.81867 122.54095 131.04489 140.31572 149.11467 157.02573 163.88157 169.49057 173.49671 175.58616
111.52495 110.72726 109.91776 109.09357 108.25067 107.38364 106.48535 105.54678 104.55695 103.503 102.37057 101.14453 99.810035 98.354225 96.768739 95.054743 93.235432 91.388471 89.712363 88.583466 88.405762 89.173582 90.33215 91.235408 91.490482 90.908936 89.373202 86.844942 83.660183 81.071456 81.082335 84.554521 90.09684 95.717318 100.21602 103.08714 104.10555 103.20146 100.76112 98.359977 98.829268 103.74733 111.36482 118.91994 124.91427 128.94319 131.01923 131.30573 130.22923 128.8962 129.30213 132.92826 139.15676 146.4962 153.93484 160.96128 167.28816 172.6875 176.97241 180.21022
110.33162 109.507 108.67347 107.82888 106.96995 106.0919 105.18816 104.25007 103.26693 102.22625 101.11463 99.919377 98.631185 97.248275 95.782236 94.26571 92.761536 91.371901 90.242108 89.540139 89.378582 89.697939 90.24481 90.704708 90.846251 90.56451 89.855022 88.809676 87.713717 87.183886 88.013382 90.551316 94.32818 98.461565 102.18825 105.02881 106.75831 107.41013 107.39607 107.65412 109.41384 113.29726 118.71102 124.44578 129.51727 133.39349 135.8919 137.10957 137.4632 137.76297 139.07187 142.12181 146.83394 152.60842 158.8335 165.05937 170.97046 176.35496 181.13675 185.42389
109.09183 108.23683 107.37603 106.50824 105.63114 104.74081 103.83125 102.89395 101.91777 100.88911 99.792861 98.614258 97.342247 95.974738 94.52621 93.037303 91.583914 90.2793 89.258807 88.640199 88.468435 88.671455 89.06107 89.404196 89.53679 89.437211 89.208341 89.012684 89.053923 89.612435 91.000572 93.371328 96.561369 100.14607 103.63035 106.61807 108.9097 110.55515 111.88156 113.45521 115.88856 119.50847 124.14148 129.22508 134.08962 138.16884 141.11809 142.93406 144.02363 145.06373 146.72278 149.4265 153.25647 158.02025 163.39936 169.05783 174.70107 180.12134 185.24502 190.10563
107.79913 106.90885 106.01592 105.12039 104.22126 103.31579 102.3988 101.46192 100.493 99.475928 98.391062 97.216642 95.931599 94.520395 92.980833 91.336037 89.65127 88.052922 86.736027 85.926429 85.76409 86.16114 86.794205 87.28767 87.437985 87.315871 87.18909 87.324137 87.865783 88.932092 90.716254 93.359101 96.755446 100.54889 104.29095 107.60919 110.31155 112.43597 114.26175 116.26423 118.97025 122.72379 127.4962 132.89292 138.31064 143.07064 146.54454 148.53958 149.66578 150.82336 152.5293 154.9907 158.31739 162.50831 167.41045 172.7655 178.28982 183.73751 188.94834 193.89189
106.44686 105.51469 104.58276 103.65273 102.72542 101.79991 100.87245 99.935229 98.97509 97.972603 96.901561 95.729207 94.417407 92.925271 91.214716 89.26294 87.090781 84.820791 82.762607 81.43291 81.296372 82.26783 83.61729 84.527295 84.633278 84.162113 83.738122 83.878131 84.585425 85.744273 87.697822 90.862632 95.077794 99.723451 104.1692 107.9835 110.95185 113.07464 114.62145 116.22058 118.77076 122.93237 128.62704 135.21127 141.92029 147.90945 152.05164 153.6968 154.16984 155.13052 156.80619 159.07723 162.10984 166.04431 170.78927 176.09908 181.68201 187.23755 192.45345 197.08201
105.02848 104.04581 103.06551 102.0913 101.12655 100.17314 99.229919 98.290763 97.342416 96.362441 95.317481 94.161903 92.836645 91.268059 89.367746 87.0388 84.206664 80.919589 77.579219 75.195596 75.013279 77.102708 79.851018 81.510249 81.415884 80.064846 78.844544 78.958728 79.881368 80.608733 82.185757 86.075268 91.803608 97.950491 103.49378 107.9296 111.01322 112.63431 112.96572 112.9665 114.648 119.61118 127.27306 135.9545 144.47396 151.96355 156.83045 157.64173 157.14929 158.13097 159.83507 161.85195 164.71441 168.67619 173.55644 179.05785 184.90483 190.81687 196.39 200.98045
103.53803 102.49394 101.45283 100.42095 99.405127 98.411448 97.443221 96.498142 95.564945 94.619925 93.623765 92.5187 91.225321 89.637587 87.61492 84.974614 81.50522 77.075597 72.022968 67.911208 67.421958 71.215225 76.109423 78.828698 78.334904 75.399572 72.622063 73.06619 74.962783 74.292222 74.428085 79.521988 87.668844 95.859993 102.71194 107.79284 110.85985 111.5694 109.69509 106.4225 106.07725 112.58538 123.66683 135.174 145.35035 153.5658 158.43614 158.82982 158.60099 160.27021 161.74397 163.27094 166.20598 170.55948 175.83615 181.68313 187.92176 194.4506 201.05944 206.8982
101.97078 100.85189 99.733907 98.625968 97.539344 96.486162 95.476892 94.516449 93.599179 92.70344 91.786751 90.781985 89.59379 88.092499 86.101735 83.378572 79.601912 74.452168 68.065064 62.29065 61.29632 66.660618 73.528856 77.163957 76.286367 71.680344 66.822849 67.764835 71.687419 68.661762 66.820805 73.792339 84.540792 94.531063 102.4174 107.9793 110.99464 110.85286 106.73498 99.659291 96.7419 105.25857 120.05278 133.88966 144.76855 152.54357 156.83825 158.2196 159.68972 161.70387 162.22566 163.4492 167.04299 172.12901 177.89972 184.0531 190.56183 197.55372 205.18668 212.83134
100.32416 99.114689 97.899779 96.691364 95.505998 94.363972 93.286579 92.291001 91.382918 90.548012 89.744556 88.899076 87.905064 86.621327 84.864092 82.389196 78.877356 74.002285 67.864152 62.245427 61.274226 66.557806 73.336043 76.97477 76.185247 71.664483 66.827896 67.781324 71.744729 68.703523 66.84491 73.922876 84.853595 95.04154 103.1109 108.81347 111.88582 111.65939 107.27185 99.840172 96.795038 105.46059 120.33821 133.96266 144.29115 151.42304 155.78953 158.47025 160.79908 162.26577 162.37834 164.12224 168.49296 174.11303 180.13037 186.31852 192.71281 199.46411 206.68476 213.61961
98.598842 97.281281 95.945496 94.605337 93.282808 92.008381 90.818769 89.750722 88.830223 88.058599 87.399905 86.775192 86.066359 85.125933 83.78436 81.849517 79.111951 75.424476 71.043101 67.374911 66.987183 70.618662 75.358572 78.156898 77.941421 75.287397 72.659397 73.196315 75.214207 74.607296 74.811087 80.17994 88.789231 97.517332 104.89524 110.40966 113.7085 114.31184 111.9149 107.92444 107.2597 114.0104 125.26779 136.30135 145.18061 151.72208 156.32627 159.67053 162.19845 163.68993 164.65646 167.09352 171.54886 177.04185 182.84742 188.72038 194.6189 200.52646 206.26477 211.08013
96.799998 95.35656 93.873197 92.363297 90.852927 89.383731 88.012891 86.806962 85.82669 85.103465 84.615083 84.274194 83.939318 83.444517 82.631694 81.372796 79.590226 77.318745 74.88193 73.134957 73.210455 75.294614 78.086518 80.055552 80.487354 79.673263 78.856651 79.277277 80.492013 81.489981 83.365283 87.719093 94.113343 101.05817 107.43876 112.64239 116.28135 118.08657 118.1619 117.67711 119.11403 124.23886 132.0185 140.23388 147.51907 153.46254 158.14727 161.83205 164.68487 166.81634 168.8379 171.77958 175.95812 180.91739 186.19166 191.53846 196.81883 201.87216 206.43153 210.10804
94.938277 93.353654 91.696098 89.973887 88.212826 86.463808 84.808341 83.356061 82.225927 81.506596 81.206546 81.223749 81.364093 81.405156 81.167782 80.561092 79.599574 78.417835 77.304234 76.707926 77.061379 78.398834 80.217961 81.837528 82.832653 83.258329 83.61413 84.417873 85.728012 87.458647 90.002718 93.867572 98.951381 104.63246 110.23396 115.23175 119.26669 122.17202 124.12052 125.83217 128.45071 132.74834 138.46993 144.74714 150.82773 156.31569 161.08802 165.15387 168.55894 171.44999 174.23197 177.41753 181.22564 185.54701 190.19385 195.00481 199.80629 204.3719 208.44196 211.8323
93.030088 91.295733 89.442802 87.46689 85.384574 83.248007 81.161562 79.291791 77.852094 77.040748 76.937458 77.42032 78.186692 78.88291 79.248197 79.186679 78.764803 78.17587 77.696732 77.626948 78.188333 79.407054 81.071511 82.833049 84.3973 85.687224 86.863333 88.168073 89.765308 91.792515 94.481305 98.053621 102.50676 107.56987 112.82925 117.87028 122.37312 126.18287 129.38023 132.31877 135.5213 139.40289 144.04281 149.22337 154.62304 159.96117 165.04127 169.7269 173.91584 177.58152 180.85114 183.98494 187.25219 190.84469 194.85143 199.24168 203.85557 208.42059 212.61153 216.16965
91.096267 89.216145 87.16042 84.901647 82.43244 79.788295 77.082017 74.542458 72.525581 71.435326 71.517595 72.639135 74.28737 75.842935 76.874426 77.243957 77.056845 76.574474 76.144667 76.133595 76.822605 78.28544 80.343812 82.663292 84.922272 86.94445 88.729358 90.391726 92.10135 94.093574 96.674021 100.10474 104.44151 109.49013 114.90349 120.31409 125.42582 130.0571 134.15454 137.79878 141.21533 144.75119 148.74422 153.35532 158.53291 164.10679 169.87473 175.60453 180.98183 185.61527 189.22101 191.90877 194.22132 196.81002 200.10454 204.22411 209.03374 214.19923 219.20976 223.44619
89.158144 87.15514 84.913665 82.372003 79.479791 76.226574 72.697229 69.160736 66.157886 64.452498 64.660148 66.689022 69.634477 72.377299 74.201301 74.916131 74.683726 73.858275 72.930835 72.509906 73.167191 75.099036 77.983056 81.252157 84.414375 87.173987 89.416123 91.158006 92.561534 94.037622 96.245067 99.72506 104.50203 110.17854 116.27673 122.41986 128.34712 133.86226 138.76809 142.87158 146.18919 149.19378 152.61224 156.92941 162.24368 168.45111 175.39337 182.81738 190.16043 196.37006 200.31298 201.88967 202.3916 203.38336 205.75588 209.7376 215.20034 221.77312 228.69759 234.62837
87.230205 85.151311 82.776036 80.000457 76.714487 72.828526 68.342558 63.496213 59.004381 56.173187 56.349643 59.634322 64.430713 68.760185 71.518814 72.512165 72.006476 70.458409 68.510382 67.136881 67.519144 70.130692 74.256255 78.839987 83.123774 86.674649 89.252338 90.72141 91.161991 91.29778 92.687386 96.553914 102.57073 109.63571 116.94768 124.14555 131.0839 137.62066 143.42338 147.9119 150.78313 152.8533 155.56971 159.74653 165.47217 172.64344 181.22622 191.13506 201.68888 210.777 215.31363 214.59749 211.78139 210.25447 211.39699 215.33846 221.90759 230.85169 241.35222 250.96023
