RAINFALL_MEAN_RP_100.tif
NCOLS 101
NROWS 90
XLLCORNER -81.15
YLLCORNER -4.25
DX 0.0099207921
DY 0.01
NODATA_VALUE -9999
[rows 0 to 25 of 90, columns 0 to 59 of 101]
241.71874 241.78201 241.84941 241.92097 241.99671 242.07665 242.16083 242.24925 242.34195 242.43894 242.54026 242.64592 242.75597 242.87042 242.98932 243.11269 243.24059 243.37305 243.51011 243.65184 243.79828 243.94949 244.10554 244.26649 244.43241 244.60337 244.77946 244.96075 245.14734 245.33931 245.53678 245.73984 245.94863 246.16329 246.38395 246.6108 246.84405 247.08391 247.33066 247.58461 247.84611 248.11557 248.39346 248.68028 248.97663 249.28313 249.60047 249.92938 250.27065 250.62506 250.99342 251.37656 251.77526 252.19032 252.62251 253.0726 253.54138 254.02969 254.53845 255.06872
241.2057 241.26444 241.32729 241.39427 241.46539 241.54067 241.62014 241.70381 241.79169 241.88381 241.98019 242.08083 242.18578 242.29506 242.40868 242.52669 242.64912 242.776 242.90738 243.04331 243.18382 243.32898 243.47885 243.63347 243.79293 243.95728 244.12659 244.30095 244.48042 244.6651 244.85507 245.05043 245.25129 245.45777 245.67 245.88815 246.1124 246.34297 246.58011 246.82413 247.07539 247.3343 247.60134 247.87706 248.16208 248.45709 248.76286 249.08018 249.40992 249.75298 250.11027 250.48268 250.8711 251.27639 251.69937 252.14083 252.60159 253.08249 253.5845 254.10877
240.68316 240.73719 240.7953 240.8575 240.9238 240.99422 241.06877 241.14745 241.23029 241.3173 241.40848 241.50385 241.60344 241.70725 241.8153 241.92764 242.04427 242.16524 242.29057 242.42032 242.55452 242.69322 242.83647 242.98432 243.13684 243.29409 243.45612 243.623 243.79481 243.9716 244.15346 244.34046 244.5327 244.73028 244.93331 245.14193 245.35629 245.57661 245.80311 246.03608 246.27589 246.52293 246.77772 247.04082 247.31289 247.59469 247.88704 248.19086 248.5071 248.83677 249.1809 249.54049 249.91653 250.30993 250.72158 251.15226 251.60276 252.07388 252.56656 253.08194
240.15097 240.2001 240.25327 240.31049 240.37176 240.4371 240.50651 240.58 240.65756 240.73921 240.82494 240.91477 241.00871 241.10676 241.20895 241.31528 241.42578 241.54048 241.6594 241.78258 241.91005 242.04186 242.17805 242.31866 242.46376 242.61339 242.7676 242.92645 243.09 243.2583 243.4314 243.60938 243.79229 243.98021 244.17322 244.37144 244.575 244.78406 244.99883 245.21958 245.44664 245.68042 245.92142 246.17024 246.42758 246.69425 246.97117 247.25934 247.55985 247.87384 248.20247 248.5469 248.90822 249.28744 249.68545 250.10304 250.54092 250.99975 251.48032 251.98368
239.60895 239.65299 239.70102 239.75306 239.80911 239.86916 239.93321 240.00126 240.0733 240.14934 240.22937 240.31338 240.40139 240.49338 240.58938 240.68938 240.7934 240.90146 241.01357 241.12978 241.2501 241.37457 241.50323 241.63611 241.77327 241.91475 242.06059 242.21082 242.3655 242.52467 242.68835 242.8566 243.02944 243.20691 243.38908 243.57601 243.76779 243.96455 244.16645 244.37372 244.58667 244.80568 245.03126 245.264 245.50465 245.75408 246.01329 246.28341 246.56568 246.8614 247.17191 247.49854 247.84253 248.205 248.58691 248.98898 249.41178 249.85575 250.32137 250.80937
239.05695 239.09569 239.1384 239.18505 239.23565 239.29019 239.34865 239.41103 239.47732 239.54749 239.62155 239.69947 239.78125 239.86688 239.95636 240.04968 240.14686 240.2479 240.35281 240.46162 240.57434 240.691 240.81164 240.93628 241.06497 241.19773 241.3346 241.47562 241.62079 241.77016 241.92373 242.08152 242.24352 242.40975 242.58021 242.75493 242.93393 243.1173 243.30514 243.49763 243.69502 243.89766 244.10604 244.32075 244.54256 244.7724 245.01138 245.26076 245.52194 245.79643 246.08581 246.39163 246.71535 247.05826 247.42136 247.80536 248.21061 248.63719 249.08507 249.55438
238.49479 238.52805 238.56521 238.60627 238.65121 238.70002 238.75267 238.80914 238.86941 238.93347 239.00128 239.07282 239.14807 239.22702 239.30965 239.39594 239.48591 239.57953 239.67682 239.77778 239.88244 239.99081 240.10291 240.21877 240.33841 240.46187 240.58917 240.72031 240.85533 240.99421 241.13694 241.28351 241.43389 241.58804 241.74591 241.90746 242.07267 242.24153 242.41408 242.59042 242.77074 242.95532 243.1446 243.33916 243.53978 243.74745 243.96336 244.18893 244.42577 244.67565 244.94043 245.22198 245.52206 245.8422 246.18356 246.5468 246.93206 247.33891 247.76653 248.21409
237.92229 237.94986 237.98128 238.01654 238.0556 238.09845 238.14506 238.19538 238.24939 238.30706 238.36835 238.43322 238.50164 238.57358 238.64901 238.72792 238.81027 238.89607 238.9853 239.07797 239.17407 239.27363 239.37665 239.48316 239.59317 239.7067 239.82377 239.94438 240.06853 240.19619 240.32734 240.46192 240.59986 240.74107 240.88544 241.03287 241.18323 241.33645 241.49245 241.65125 241.81291 241.97765 242.14581 242.31794 242.49481 242.67743 242.8671 243.06539 243.27416 243.49549 243.73162 243.98483 244.25733 244.55102 244.86733 245.20699 245.56989 245.95499 246.36041 246.78382
237.33929 237.36097 237.38643 237.41567 237.44864 237.4853 237.52563 237.56956 237.61706 237.66807 237.72256 237.78046 237.84173 237.90633 237.97422 238.04536 238.11971 238.19725 238.27797 238.36185 238.44889 238.5391 238.63247 238.72902 238.82877 238.93172 239.03788 239.14724 239.25979 239.37548 239.49427 239.61604 239.7407 239.8681 239.99805 240.13037 240.26484 240.40125 240.53943 240.67924 240.82063 240.96367 241.1086 241.25586 241.40618 241.56059 241.72046 241.88753 242.06393 242.25211 242.45479 242.67483 242.91504 243.1779 243.46532 243.77828 244.11654 244.47837 244.86056 245.25869
236.74559 236.76117 236.78047 236.80347 236.83012 236.86038 236.89418 236.93147 236.9722 237.01629 237.06369 237.11433 237.16814 237.22506 237.28503 237.34801 237.41395 237.4828 237.55453 237.62912 237.70657 237.78685 237.86997 237.95593 238.04474 238.13641 238.23094 238.3283 238.42847 238.53139 238.63698 238.74512 238.85563 238.96831 239.08291 239.19913 239.31665 239.43512 239.5542 239.67359 239.79306 239.9125 240.03197 240.15178 240.27256 240.39528 240.52136 240.65272 240.79177 240.94139 241.10491 241.28591 241.48805 241.71471 241.96858 242.25123 242.5625 242.90012 243.25934 243.63303
236.14101 236.15027 236.1632 236.17975 236.19986 236.22347 236.25051 236.28092 236.31462 236.35152 236.39154 236.43461 236.48063 236.52952 236.58122 236.63564 236.69273 236.75243 236.81469 236.87947 236.94674 237.0165 237.08873 237.16343 237.2406 237.32024 237.40235 237.48691 237.57388 237.66318 237.75471 237.84832 237.94379 238.04084 238.13914 238.23828 238.3378 238.43719 238.53592 238.63347 238.72938 238.8233 238.91504 239.00471 239.09273 239.17998 239.26787 239.35843 239.45435 239.55903 239.67649 239.81126 239.96814 240.15177 240.36615 240.61391 240.89551 241.20846 241.54655 241.89945
235.52535 235.52809 235.53442 235.54429 235.55764 235.57438 235.59443 235.6177 235.64411 235.67354 235.7059 235.74108 235.77899 235.81951 235.86255 235.90801 235.95582 236.00589 236.05816 236.11257 236.16909 236.22768 236.28834 236.35105 236.41581 236.48263 236.55149 236.62239 236.69526 236.77004 236.8466 236.92475 237.00424 237.08472 237.16576 237.24684 237.32734 237.40655 237.48372 237.55807 237.62883 237.69534 237.75708 237.81384 237.86574 237.91346 237.9583 238.00231 238.04846 238.10064 238.16371 238.24334 238.34582 238.47757 238.64451 238.85115 239.09939 239.38729 239.70764 240.04689
234.8984 234.8944 234.89392 234.8969 234.90325 234.91289 234.9257 234.9416 234.96045 234.98214 235.00655 235.03355 235.06301 235.0948 235.1288 235.16489 235.20295 235.24291 235.28465 235.32812 235.37326 235.42002 235.46838 235.51833 235.56987 235.62299 235.67771 235.73399 235.79181 235.85109 235.91169 235.9734 236.03592 236.09885 236.16167 236.22372 236.2842 236.3422 236.39668 236.44655 236.49068 236.52798 236.5575 236.57858 236.59092 236.59482 236.59132 236.5824 236.57115 236.56197 236.56056 236.57398 236.61037 236.67853 236.78714 236.94365 237.1527 237.41422 237.72123 238.05766
234.25995 234.249 234.24149 234.23735 234.23649 234.23879 234.24413 234.25239 234.26344 234.27712 234.29329 234.31179 234.33247 234.35518 234.37974 234.40603 234.43391 234.46323 234.4939 234.52582 234.55892 234.59313 234.62842 234.66478 234.7022 234.7407 234.78028 234.82094 234.86266 234.90536 234.94892 234.99312 235.03764 235.082 235.1256 235.16765 235.20717 235.24299 235.27377 235.29804 235.3142 235.32066 235.3159 235.29864 235.26799 235.22366 235.16621 235.09733 235.02008 234.93918 234.86121 234.7947 234.75002 234.73899 234.77409 234.86711 235.02721 235.25829 235.55575 235.90291
233.60979 233.59165 233.5769 233.56542 233.55711 233.55184 233.54948 233.54987 233.55285 233.55825 233.5659 233.5756 233.58717 233.60043 233.61518 233.63124 233.64844 233.66663 233.68565 233.70539 233.72574 233.74664 233.76804 233.78992 233.81227 233.83511 233.85848 233.88239 233.90684 233.93179 233.95713 233.98265 234.00802 234.03273 234.05609 234.07718 234.09482 234.1076 234.11381 234.11152 234.09862 234.07287 234.03204 233.97403 233.89712 233.80018 233.683 233.54665 233.39383 233.22935 233.06046 232.89717 232.75235 232.64147 232.58192 232.59155 232.6864 232.87727 233.16536 233.53687
232.94766 232.92213 232.89991 232.88087 232.86489 232.85183 232.84152 232.83379 232.82846 232.82531 232.82415 232.82476 232.8269 232.83035 232.83489 232.8403 232.84635 232.85286 232.85964 232.86654 232.87343 232.88022 232.88684 232.89326 232.89949 232.90556 232.91151 232.91742 232.92331 232.92918 232.93498 232.94052 232.94549 232.94936 232.95139 232.95054 232.94545 232.93441 232.91534 232.88581 232.84307 232.78412 232.70582 232.60507 232.47901 232.32535 232.14271 231.93109 231.69238 231.431 231.15447 230.87405 230.60513 230.36732 230.18402 230.08109 230.08427 230.21522 230.48569 230.89011
232.27335 232.2402 232.21027 232.18345 232.15958 232.13849 232.12001 232.10393 232.09003 232.07808 232.06784 232.05905 232.05144 232.04475 232.03869 232.03301 232.02743 232.02173 232.01566 232.00904 232.00171 231.99352 231.98441 231.97433 231.96329 231.95134 231.93857 231.92506 231.91092 231.89623 231.88097 231.86506 231.8482 231.82993 231.80944 231.78563 231.75696 231.72144 231.67658 231.61941 231.54644 231.45378 231.3372 231.19234 231.01489 230.80098 230.54756 230.25298 229.91765 229.54487 229.14175 228.72015 228.29764 227.8981 227.55181 227.29453 227.16505 227.20065 227.42994 227.86311
231.58657 231.54557 231.50773 231.4729 231.44091 231.41158 231.38469 231.36002 231.33732 231.31632 231.29674 231.27827 231.2606 231.24342 231.22639 231.20919 231.19151 231.17304 231.15351 231.13267 231.11031 231.08625 231.06039 231.03268 231.00313 230.97179 230.93879 230.90429 230.86846 230.83147 230.79343 230.75434 230.71403 230.67209 230.62775 230.57986 230.52675 230.46617 230.39522 230.31033 230.20722 230.08096 229.92606 229.7366 229.50647 229.22975 228.90113 228.51656 228.07407 227.57482 227.02435 226.43404 225.82266 225.21781 224.65695 224.18732 223.86414 223.74596 223.8863 224.32098
230.88707 230.83799 230.792 230.74894 230.70861 230.67081 230.6353 230.60182 230.57008 230.53979 230.51061 230.48219 230.45417 230.42617 230.3978 230.36868 230.33842 230.30665 230.27303 230.23725 230.19903 230.15815 230.11447 230.06791 230.01846 229.96621 229.91132 229.85403 229.7946 229.73333 229.67047 229.60619 229.54049 229.47307 229.40331 229.33006 229.25158 229.16541 229.06826 228.95594 228.82332 228.66432 228.47199 228.23858 227.95582 227.6152 227.20844 226.72824 226.16911 225.52868 224.80931 224.02006 223.1791 222.31621 221.47519 220.71542 220.11146 219.74932 219.71732 220.09022
230.17455 230.11716 230.06279 230.01127 229.96238 229.91589 229.87154 229.82903 229.78804 229.74823 229.70922 229.6706 229.63195 229.59282 229.55277 229.51133 229.46803 229.42243 229.3741 229.32264 229.26771 229.20903 229.14637 229.07964 229.0088 228.93396 228.85532 228.77318 228.68794 228.60006 228.50998 228.41811 228.32466 228.22961 228.1325 228.03233 227.92739 227.81506 227.69173 227.55263 227.39172 227.20169 226.97394 226.69868 226.36504 225.96142 225.47584 224.89671 224.2137 223.41918 222.51013 221.49071 220.3755 219.19345 217.99215 216.84188 215.83809 215.10008 214.76279 214.95801
229.4487 229.38276 229.31978 229.25957 229.2019 229.14651 229.0931 229.04136 228.99091 228.94137 228.8923 228.84324 228.79371 228.74318 228.69113 228.637 228.58023 228.52029 228.45663 228.38878 228.31628 228.23875 228.15593 228.06761 227.97376 227.87446 227.76996 227.66064 227.54704 227.42981 227.30965 227.18726 227.0632 226.9378 226.81093 226.68188 226.54906 226.40989 226.26048 226.09554 225.90814 225.6897 225.42985 225.11649 224.73585 224.2727 223.71065 223.03275 222.22234 221.26452 220.14818 218.86908 217.43396 215.86599 214.21149 212.54737 210.98828 209.69062 208.84875 208.67584
228.7092 228.63446 228.56263 228.49351 228.42683 228.36232 228.29966 228.23848 228.17837 228.1189 228.05958 227.99988 227.93924 227.87707 227.81273 227.74557 227.67494 227.60017 227.52061 227.43565 227.34471 227.24731 227.14305 227.03166 226.91303 226.78722 226.6545 226.51534 226.37041 226.22061 226.06693 225.91047 225.75225 225.59308 225.43336 225.27282 225.11024 224.9432 224.76773 224.57811 224.3666 224.12331 223.83602 223.49019 223.06888 222.55278 221.92045 221.14858 220.21272 219.08845 217.75353 216.19103 214.39422 212.37346 210.16549 207.84514 205.53904 203.43891 201.80884 200.97402
227.95569 227.8719 227.79098 227.71271 227.63681 227.56297 227.49085 227.42004 227.35009 227.28052 227.21077 227.14025 227.06831 226.99427 226.9174 226.83694 226.75209 226.66206 226.56606 226.46331 226.3531 226.23477 226.10779 225.97176 225.82647 225.67191 225.50835 225.33631 225.15663 224.97044 224.77912 224.58423 224.38739 224.19011 223.99349 223.79798 223.60299 223.4065 223.2047 222.99162 222.7588 222.4951 222.18646 221.81579 221.36278 220.80386 220.112 219.25676 218.20457 216.91947 215.3648 213.50624 211.31692 208.78535 205.92705 202.80073 199.52971 196.32831 193.52991 191.60218
227.1878 227.0947 227.00444 226.91677 226.83142 226.74805 226.66627 226.58564 226.50569 226.42585 226.34553 226.26404 226.18065 226.09459 226.005 225.911 225.81165 225.706 225.59307 225.47192 225.34163 225.20136 225.05037 224.88809 224.71414 224.52842 224.3311 224.12277 223.90438 223.67731 223.44337 223.2047 222.96367 222.72267 222.48384 222.24864 222.01746 221.78906 221.56008 221.32456 221.07351 220.79463 220.47204 220.0861 219.61314 219.02521 218.28957 217.36825 216.21769 214.7887 213.02737 210.87736 208.28461 205.20557 201.62052 197.55348 193.10075 188.47084 184.04077 180.42806
226.40513 226.30244 226.20257 226.10527 226.01024 225.91711 225.82548 225.73487 225.64475 225.55452 225.46349 225.37092 225.27598 225.17779 225.07535 224.96766 224.85359 224.73203 224.60179 224.46171 224.31062 224.14745 223.97119 223.78103 223.57637 223.35689 223.12267 222.87421 222.61257 222.33937 222.05685 221.76783 221.47559 221.18367 220.89558 220.61424 220.34149 220.07736 219.81938 219.56195 219.29578 219.00753 218.67955 218.28971 217.8111 217.21157 216.45293 215.48987 214.26871 212.72627 210.78945 208.37615 205.39878 201.77194 197.4264 192.33206 186.53176 180.18909 173.66276 167.65205
225.60725 225.49467 225.38492 225.27773 225.17277 225.06968 224.968 224.86724 224.76682 224.66606 224.56424 224.46051 224.35396 224.24358 224.12825 224.00678 223.8779 223.74025 223.59243 223.43299 223.26051 223.07357 222.87088 222.65126 222.4138 222.15788 221.88334 221.59054 221.28051 220.95506 220.61685 220.26942 219.91716 219.56505 219.21838 218.8821 218.56014 218.25448 217.96417 217.68444 217.40598 217.11453 216.79068 216.40981 215.94197 215.35127 214.59485 213.62101 212.36691 210.75594 208.69547 206.07576 202.7714 198.64745 193.57359 187.45055 180.25152 172.07396 163.19507 154.20296
