RAINFALL_MINIMUN_RP_1000.tif
NCOLS 101
NROWS 90
XLLCORNER -81.15
YLLCORNER -4.25
DX 0.0099207921
DY 0.01
NODATA_VALUE -9999
[rows 52 to 77 of 90, columns 0 to 59 of 101]
190.3725 189.94063 189.51075 189.08197 188.6532 188.22317 187.79044 187.35348 186.91076 186.46091 186.00308 185.53727 185.06504 184.59029 184.12025 183.66641 183.24483 182.87504 182.57672 182.36402 182.23915 182.18825 182.18231 182.18284 182.14879 182.04109 181.82311 181.45802 180.9055 180.11981 179.05062 177.64595 175.85462 173.62591 170.90604 167.63645 163.77078 159.36038 154.80847 151.2814 150.5354 153.19404 157.64211 161.72906 164.2636 164.85485 163.439 160.14195 155.5386 151.31228 150.40459 154.71456 163.32201 174.41655 186.52082 198.6239 210.1789 220.91056 230.47195 238.04532
189.30686 188.86044 188.41675 187.97481 187.53335 187.09084 186.64548 186.19517 185.73769 185.27074 184.79228 184.30095 183.79682 183.28254 182.76494 182.25697 181.7794 181.36088 181.03433 180.82828 180.75498 180.80136 180.92982 181.08884 181.22603 181.29556 181.25727 181.07059 180.68809 180.05321 179.10493 177.78806 176.06343 173.9137 171.34699 168.40665 165.19765 161.93974 159.04735 157.16679 156.95753 158.54605 161.25266 164.0442 166.09755 166.97626 166.58991 165.16707 163.31547 162.10295 162.86037 166.47614 172.88079 181.35117 190.98799 200.96482 210.63424 219.52156 227.23313 233.38488
188.21426 187.75332 187.29614 186.84169 186.38859 185.93507 185.47895 185.01763 184.54806 184.0669 183.57062 183.05594 182.52054 181.96442 181.39208 180.81582 180.25982 179.76307 179.37742 179.15547 179.12866 179.2873 179.57969 179.93312 180.27934 180.56637 180.75338 180.79654 180.63528 180.18838 179.36666 178.09873 176.35271 174.1407 171.51456 168.57375 165.49359 162.56149 160.18578 158.8269 158.82352 160.17918 162.4761 165.02553 167.15191 168.41698 168.71145 168.26482 167.6243 167.58351 168.99184 172.44627 178.04742 185.40981 193.86422 202.67586 211.19514 218.92967 225.56141 230.95141
187.09221 186.61669 186.14633 185.68011 185.2166 184.75387 184.28945 183.82026 183.34254 182.85182 182.34298 181.81046 181.24876 180.6537 180.02493 179.37045 178.71386 178.10311 177.61448 177.33941 177.34585 177.63339 178.12615 178.7161 179.31415 179.86775 180.34489 180.70327 180.86006 180.68047 180.0077 178.72978 176.82614 174.34919 171.37871 168.01295 164.41265 160.87607 157.89927 156.13171 156.12127 157.92599 160.96492 164.3134 167.13665 168.92743 169.53663 169.13281 168.2004 167.63073 168.71105 172.42544 178.63213 186.47542 195.08116 203.72744 211.84024 219.00606 225.00535 229.84955
185.93769 185.44738 184.96403 184.48674 184.01411 183.54418 183.07432 182.60112 182.12026 181.62636 181.11283 180.57185 179.99446 179.37131 178.69476 177.96384 177.19449 176.43656 175.79184 175.40921 175.42297 175.85461 176.58594 177.45048 178.33549 179.20377 180.05452 180.86353 181.51731 181.77054 181.30645 179.92343 177.65389 174.65397 171.03205 166.80847 162.00284 156.81237 151.88065 148.49518 148.1433 151.21913 156.41175 161.80889 166.0766 168.62264 169.29888 168.1815 165.59758 162.6547 162.2229 166.92063 175.38369 185.19521 195.06569 204.34594 212.6241 219.61265 225.17092 229.42059
184.74711 184.24152 183.74515 183.25729 182.77671 182.30159 181.8293 181.35635 180.87813 180.38872 179.88056 179.34412 178.76759 178.13674 177.43589 176.65182 175.78465 174.87266 174.03245 173.48285 173.46514 174.04484 175.03349 176.17686 177.34594 178.54951 179.85637 181.30009 182.74725 183.74776 183.61367 181.94652 178.98152 175.15777 170.63083 165.23084 158.6356 150.66317 141.91834 134.83069 133.36611 139.08289 148.64483 157.75166 164.32043 167.92429 168.63093 166.51479 161.69094 155.00628 151.66276 158.64053 170.5783 183.0257 194.65611 204.95525 213.68677 220.66865 225.7485 229.07093
183.51627 182.99451 182.48466 181.98635 181.49869 181.0201 180.54824 180.07975 179.61012 179.13338 178.64174 178.12506 177.57022 176.96024 176.27393 175.48744 174.58277 173.57455 172.57053 171.84363 171.7622 172.45531 173.64225 174.97519 176.33948 177.82574 179.61103 181.8461 184.43752 186.63724 187.00425 184.7445 180.65676 175.77399 170.2879 163.70561 155.16347 143.7068 129.26608 115.47916 111.43645 121.89072 138.72852 153.12968 162.56516 167.41333 168.30086 165.53555 159.51952 151.58397 146.71262 154.78678 167.80023 181.83478 194.84391 206.02149 215.16098 222.08615 226.4463 228.131
182.24032 181.70093 181.17658 180.66738 180.17289 179.69203 179.22288 178.76253 178.3069 177.85049 177.38603 176.90406 176.3922 175.83418 175.20877 174.48975 173.65101 172.68883 171.68536 170.91101 170.78721 171.47402 172.6393 173.92412 175.2795 176.88385 179.01682 181.96434 185.73627 189.29848 190.19862 187.13437 181.83849 176.07377 169.97795 162.71045 152.91116 138.81878 119.23679 98.156604 90.746415 106.61944 130.9826 150.07625 161.79077 167.65064 168.89012 166.06239 159.80056 152.24741 148.50319 155.32851 168.21036 182.81273 196.36302 207.87195 217.0994 223.7775 227.20648 226.62856
180.91379 180.35459 179.81395 179.29259 178.79072 178.30789 177.84284 177.3933 176.9559 176.52592 176.09722 175.66187 175.20991 174.72875 174.20266 173.61302 172.94223 172.19016 171.42071 170.83645 170.74247 171.22986 172.0434 172.9699 174.05724 175.52769 177.69004 180.86227 185.05833 189.08648 190.11415 186.78466 181.26019 175.50174 169.57934 162.55601 153.00255 139.09401 119.54803 98.311403 90.807971 106.91214 131.57204 150.89612 162.83952 168.99981 170.67067 168.40393 162.48063 153.83163 148.86944 157.68339 171.92452 186.37254 199.47806 210.6161 219.53142 225.85853 228.77783 227.42858
179.53058 178.94849 178.38879 177.85298 177.34208 176.85647 176.39569 175.9583 175.54172 175.14218 174.75469 174.37308 173.9901 173.59765 173.18718 172.75116 172.28703 171.8077 171.36247 171.05415 170.98932 171.15536 171.44539 171.84314 172.47881 173.57264 175.38351 178.12116 181.64584 184.82755 185.54304 182.95369 178.60794 173.93563 169.02379 163.1721 155.35122 144.465 130.29755 116.45586 112.40968 123.28476 140.7201 155.70006 165.77088 171.45903 173.55851 172.52297 168.73909 163.65139 161.99876 168.38734 179.84046 192.28143 203.95306 214.15911 222.52295 228.65316 232.04341 232.65989
178.08404 177.47488 176.89216 176.33832 175.8154 175.3248 174.86705 174.44163 174.0468 173.67958 173.33582 173.01046 172.69792 172.39277 172.09066 171.78989 171.49408 171.21571 170.97698 170.79687 170.65925 170.51073 170.33575 170.22099 170.3376 170.89452 172.08793 174.00295 176.39682 178.42898 178.91521 177.46321 174.82355 171.74587 168.30868 164.12959 158.69585 151.68232 143.59876 136.89779 135.77663 142.03288 152.31475 162.24021 169.76211 174.59835 177.03938 177.44901 176.35365 175.02696 175.90943 180.92674 189.34939 199.22182 209.11704 218.22643 226.05026 232.22727 236.57672 239.45806
176.56705 175.92535 175.31419 174.73718 174.19761 173.69817 173.24061 172.82546 172.45183 172.11731 171.81807 171.54914 171.30489 171.07962 170.86823 170.66681 170.47276 170.28337 170.09008 169.86658 169.56119 169.12221 168.55565 167.96082 167.51604 167.43403 167.89364 168.94003 170.36332 171.64859 172.20439 171.82153 170.75122 169.26663 167.37399 164.89423 161.67111 157.79587 153.88719 151.3011 151.68115 155.57771 161.73271 168.21104 173.68973 177.69499 180.30093 181.83046 182.76062 183.87619 186.30651 190.92012 197.64478 205.69719 214.19623 222.43307 229.89002 236.23572 241.37978 245.51721
174.97219 174.29092 173.64414 173.0369 172.47407 171.95996 171.4979 171.08977 170.73564 170.43358 170.17967 169.96825 169.79231 169.64384 169.51385 169.39171 169.26316 169.10654 168.88746 168.55413 168.04102 167.29124 166.29797 165.14453 164.01681 163.16915 162.83476 163.10478 163.85446 164.79557 165.63836 166.23293 166.54875 166.53963 166.08627 165.07012 163.49676 161.60779 159.94567 159.29076 160.35925 163.3416 167.69149 172.42904 176.66714 179.97504 182.46061 184.56551 186.73153 189.32781 192.79484 197.54066 203.65938 210.86156 218.63241 226.41549 233.73315 240.25818 245.84766 250.44883
173.29189 172.56222 171.87056 171.22368 170.62846 170.09137 169.61786 169.2117 168.87431 168.60446 168.39815 168.24889 168.14815 168.08573 168.04953 168.02402 167.98652 167.90034 167.7055 167.3119 166.60768 165.49278 163.9304 161.99764 159.92202 158.07311 156.84576 156.43871 156.74429 157.54738 158.75841 160.3195 162.00558 163.45685 164.34696 164.50145 163.95411 162.98245 162.1139 162.03811 163.35978 166.2553 170.28746 174.57981 178.24035 180.81845 182.66411 184.76742 187.75458 191.4755 195.81649 201.01253 207.25597 214.42853 222.14994 229.94381 237.36835 244.0826 249.86335 254.57204
171.51877 170.72981 169.98146 169.28259 168.64263 168.07096 167.57604 167.16435 166.8395 166.60157 166.44695 166.36887 166.35843 166.40573 166.50049 166.63095 166.77862 166.90414 166.91858 166.64838 165.84434 164.28649 161.90615 158.81738 155.33947 152.06727 149.76636 148.84191 148.93105 149.57911 151.03225 153.61018 156.87492 159.96121 162.1992 163.27852 163.17609 162.12992 160.72926 160.01068 161.17694 164.70746 169.77464 174.82533 178.46071 179.97738 180.17254 181.68978 185.80356 190.81507 195.85448 201.5844 208.49693 216.37526 224.69614 232.95832 240.75752 247.76209 253.68452 258.32968
169.64604 168.78456 167.96471 167.19782 166.49658 165.87428 165.34364 164.91528 164.59626 164.38898 164.29099 164.29609 164.39657 164.58654 164.86539 165.23983 165.72009 166.2964 166.86637 167.10148 166.41077 164.28661 160.69641 155.92762 150.41108 145.03352 141.34968 140.36468 140.74093 140.86436 142.00528 145.74225 151.10539 156.20318 159.88573 161.7151 161.55637 159.45097 155.93155 152.77904 153.03974 158.27569 166.29707 173.63305 177.95783 178.15031 175.41616 175.86062 182.23903 188.45281 193.11948 199.12943 207.3992 216.84884 226.41593 235.55074 243.97687 251.47098 257.74483 262.45975
167.66814 166.71837 165.8087 164.95321 164.16863 163.4735 162.88659 162.42476 162.10045 161.91987 161.88243 161.98259 162.21434 162.57811 163.08962 163.7894 164.74744 166.03921 167.61408 168.93747 168.71375 165.81709 160.52112 153.61857 145.54902 137.25209 131.56117 131.42815 133.33064 131.9022 131.58206 136.98638 145.25093 152.70558 157.85471 160.30108 159.77992 155.88164 148.58421 140.39007 138.3069 146.91056 160.49656 171.76881 177.74565 177.65311 173.25926 173.13956 180.89573 185.35502 186.80694 193.21259 204.31753 216.40511 227.72296 237.93399 247.08379 255.19438 262.08864 267.21583
165.5815 164.52516 163.50342 162.53321 161.63608 160.83742 160.16464 159.64389 159.29613 159.13345 159.15745 159.36171 159.73893 160.29301 161.05497 162.10203 163.57479 165.66257 168.42441 171.14234 171.57889 167.77717 160.73036 152.03668 141.96845 131.01649 122.90002 123.97279 128.6804 124.64417 122.3453 129.9957 141.07623 150.42325 156.66608 159.58335 158.79052 153.35438 142.32795 128.25532 122.95282 135.63738 155.39458 170.59352 178.633 180.24237 178.27499 179.08234 183.3686 181.33029 177.78183 186.17859 201.4802 216.46261 229.3671 240.41582 250.04839 258.52255 265.74326 270.82998
163.38559 162.20222 161.04215 159.92472 158.87673 157.93233 157.13093 156.51285 156.11261 155.95178 156.03445 156.34903 156.87856 157.61892 158.60221 159.92161 161.75029 164.31585 167.67219 170.92644 171.45963 167.25799 159.82366 151.07202 141.23703 130.65438 122.81981 123.85683 128.41298 124.51966 122.29589 129.80782 140.80396 150.24918 156.73811 159.95788 159.41631 154.06402 142.86467 128.45178 123.01705 135.95203 156.17204 171.99242 181.09262 184.79286 185.73135 186.93331 187.36749 182.17526 177.9517 186.96876 203.26354 218.95017 232.20533 243.35499 252.91246 261.13287 267.79887 271.86642
161.08415 159.75215 158.42398 157.11997 155.87185 154.72409 153.73262 152.95921 152.46082 152.27575 152.41207 152.84605 153.5356 154.44706 155.58694 157.02746 158.91004 161.38131 164.33315 166.81329 166.82619 163.23921 157.27611 150.36715 142.90381 135.46773 130.39909 130.29791 132.055 130.86774 130.71779 135.97127 144.22052 152.10111 158.06209 161.47809 161.80102 158.33006 150.85035 142.07317 139.77571 149.02597 163.83811 176.74531 185.36383 190.2239 192.80356 194.31296 194.19219 191.51655 190.73597 198.06052 211.05397 224.60641 236.6784 247.08074 256.01893 263.56137 269.44907 273.20503
158.68641 157.18502 155.65724 154.12121 152.61142 151.18312 149.91368 148.89719 148.22869 147.97839 148.16479 148.74301 149.62152 150.7044 151.93895 153.34441 154.99897 156.95126 159.00394 160.43044 160.14405 157.73145 153.89438 149.44546 144.78213 140.42714 137.48848 136.76069 137.21581 137.59177 138.99396 142.91733 148.75606 154.91408 160.18552 163.84081 165.36594 164.43611 161.38288 158.21244 158.66487 164.81999 174.38531 183.7825 191.18983 196.41657 199.97888 202.34939 203.55953 204.04621 206.13689 212.3058 221.87905 232.4917 242.63411 251.80759 259.89803 266.80718 272.38647 276.7215
156.20794 154.5207 152.76372 150.94725 149.10302 147.29411 145.62294 144.23048 143.27652 142.89458 143.13293 143.91661 145.06673 146.37541 147.69069 148.9617 150.22114 151.50048 152.6871 153.41824 153.2426 152.04246 150.12796 147.85985 145.47259 143.27025 141.73128 141.18237 141.47352 142.42024 144.3641 147.73397 152.35262 157.52402 162.47098 166.55881 169.35176 170.70053 170.97539 171.33099 173.40636 178.0735 184.61886 191.59376 197.95214 203.31338 207.71028 211.28331 214.18708 216.90755 220.53288 226.03689 233.30051 241.44262 249.68676 257.60335 264.94465 271.50971 277.18154 282.14961
153.67053 151.79039 149.78307 147.64196 145.38529 143.07408 140.8333 138.86609 137.43884 136.81029 137.10782 138.22246 139.82435 141.51043 142.97316 144.08154 144.86094 145.41483 145.82993 146.11117 146.20571 146.09131 145.79058 145.30768 144.64491 143.90247 143.3029 143.07872 143.39082 144.42303 146.45382 149.69159 154.04982 159.1212 164.33901 169.16696 173.23197 176.41523 178.9304 181.3376 184.35041 188.42965 193.51943 199.20089 205.02194 210.68491 216.04927 221.04924 225.66049 229.99706 234.39654 239.25777 244.77685 250.91591 257.52612 264.4076 271.30577 277.92381 284.00218 289.47677
151.1001 149.0361 146.77547 144.28282 141.54573 138.60212 135.58209 132.7563 130.55322 129.46982 129.82666 131.49488 133.8793 136.23183 138.00308 138.97351 139.19816 138.91048 138.45637 138.22926 138.53358 139.40632 140.58604 141.69274 142.43777 142.72308 142.63041 142.37159 142.29174 142.90994 144.81039 148.32168 153.28845 159.18109 165.37351 171.34744 176.7751 181.52823 185.65192 189.32775 192.85424 196.62037 200.98083 206.09059 211.88754 218.21164 224.89104 231.71222 238.32747 244.25068 249.10421 253.0124 256.6524 260.80334 265.91562 272.03797 278.93611 286.19115 293.23971 299.45834
148.52146 146.30589 143.81936 140.98498 137.73807 134.05987 130.04344 126.00043 122.56923 120.66387 121.03685 123.60432 127.2971 130.75705 133.07682 133.96011 133.53219 132.17886 130.52812 129.45081 129.76967 131.64694 134.41767 137.16262 139.21793 140.26 140.21358 139.2212 137.79953 137.07353 138.51193 142.86795 149.56365 157.39187 165.37432 172.97301 179.95681 186.23268 191.70718 196.24716 199.89742 203.19998 207.01051 211.92972 218.12242 225.53083 234.04105 243.40195 252.90481 261.10866 266.40353 268.59776 269.44199 271.04569 274.54431 280.14567 287.59682 296.37901 305.55367 313.53633
145.94914 143.64317 140.99993 137.89246 134.18535 129.76602 124.62591 119.03773 113.83556 110.55785 110.80429 114.70896 120.38375 125.45628 128.56296 129.40549 128.23713 125.57568 122.26876 119.75818 119.80606 122.88876 127.57904 132.15214 135.53299 137.16444 136.73026 134.10869 129.82875 126.04214 126.34911 132.5433 142.672 153.83142 164.44776 174.10126 182.82814 190.68714 197.48165 202.67207 205.97003 208.34156 211.49929 216.44926 223.36838 232.22539 243.08278 255.91708 269.85955 282.02514 288.12118 287.11293 283.29682 281.28717 282.88908 288.15591 296.72368 308.14948 321.34818 333.35391
