RAINFALL_MINIMUN_RP_1000.tif
NCOLS 101
NROWS 90
XLLCORNER -81.15
YLLCORNER -4.25
DX 0.0099207921
DY 0.01
NODATA_VALUE -9999
[rows 26 to 51 of 90, columns 0 to 59 of 101]
211.98013 211.85546 211.73045 211.60469 211.47772 211.34903 211.21801 211.08401 210.9463 210.80407 210.65642 210.50235 210.3408 210.17057 209.99041 209.79896 209.59477 209.37634 209.14211 208.8905 208.61995 208.32899 208.01626 207.68067 207.32147 206.93842 206.53194 206.10337 205.65517 205.19117 204.71683 204.23942 203.76803 203.31344 202.88769 202.50318 202.17138 201.90125 201.69731 201.55789 201.47379 201.42753 201.3935 201.33844 201.22215 200.99749 200.60931 199.99197 199.06537 197.72982 195.8606 193.30288 189.86889 185.33993 179.47894 172.06268 162.94411 152.13851 139.86129 126.41107
211.30383 211.1692 211.03404 210.89791 210.76029 210.62063 210.47827 210.33249 210.18249 210.02734 209.86604 209.69747 209.52039 209.33343 209.1351 208.92381 208.6978 208.45523 208.19414 207.91252 207.60828 207.27937 206.92381 206.53981 206.12588 205.68101 205.20489 204.6982 204.16288 203.6026 203.02307 202.43248 201.84174 201.26451 200.71684 200.21627 199.78017 199.42348 199.15599 198.97957 198.88609 198.85642 198.86096 198.86109 198.81109 198.65906 198.34627 197.80397 196.94787 195.6707 193.8337 191.25825 187.71927 182.94319 176.61768 168.42818 158.1505 145.83104 131.99269 117.37652
210.61803 210.47341 210.32808 210.18156 210.03333 209.88276 209.72916 209.57174 209.40961 209.24177 209.06708 208.8843 208.69201 208.48866 208.27255 208.04177 207.79427 207.52782 207.24004 206.92837 206.59016 206.22267 205.82313 205.38888 204.91747 204.40684 203.85558 203.2633 202.63098 201.96159 201.26063 200.53685 199.80284 199.07544 198.37565 197.7278 197.15758 196.68894 196.33994 196.11838 196.01825 196.01821 196.08264 196.16495 196.21178 196.16601 195.96706 195.54727 194.82447 193.69151 192.00429 189.56992 186.13651 181.38703 174.94297 166.39504 155.40291 141.95256 126.89902 112.65763
209.92259 209.76792 209.6124 209.45552 209.29672 209.13534 208.97063 208.80174 208.62772 208.44745 208.25972 208.06311 207.85607 207.63685 207.40348 207.15379 206.88539 206.59564 206.28165 205.94032 205.56831 205.16208 204.71796 204.2322 203.70112 203.12129 202.48979 201.80458 201.06506 200.27272 199.43204 198.55157 197.64504 196.73243 195.8405 195.00236 194.25542 193.63713 193.17879 192.89823 192.7935 192.83991 192.99199 193.18992 193.36807 193.46203 193.41107 193.15426 192.62035 191.7132 190.2952 188.17189 185.0796 180.67717 174.54387 166.19329 155.1333 141.04333 124.2177 106.75697
209.21729 209.05254 208.88681 208.71959 208.55029 208.3782 208.20254 208.02241 207.83676 207.64443 207.44406 207.23413 207.01292 206.77847 206.52859 206.2608 205.97235 205.66018 205.32088 204.95073 204.54562 204.10113 203.61251 203.07475 202.48267 201.83107 201.11501 200.33018 199.47348 198.54388 197.54358 196.47955 195.36542 194.22352 193.08671 191.99902 191.01401 190.18953 189.57837 189.21585 189.10798 189.22504 189.50458 189.86342 190.21439 190.48068 190.60255 190.53333 190.2253 189.60842 188.56676 186.91865 184.40442 180.68211 175.32824 167.84364 157.67677 144.30401 127.49808 108.66016
208.50191 208.32703 208.15109 207.97356 207.79382 207.61114 207.42472 207.23358 207.03663 206.83262 206.62012 206.39746 206.16277 205.91391 205.64843 205.36358 205.05624 204.7229 204.35961 203.96197 203.52508 203.04353 202.51137 201.92213 201.26884 200.54417 199.74059 198.85073 197.86796 196.78731 195.60685 194.32976 192.96718 191.54172 190.09138 188.67262 187.36066 186.24401 185.4109 184.92813 184.81799 185.04377 185.51321 186.10082 186.67994 187.15077 187.45444 187.56911 187.48933 187.19342 186.60724 185.57604 183.85429 181.11459 176.96754 170.98499 162.73748 151.91051 138.74415 125.58615
207.77618 207.59111 207.40495 207.21713 207.02703 206.8339 206.63689 206.43501 206.22712 206.01189 205.78779 205.55308 205.30572 205.0434 204.76345 204.46281 204.13802 203.78511 203.39959 202.97638 202.50971 201.99313 201.41939 200.78039 200.06714 199.26981 198.37771 197.37962 196.26413 195.02058 193.64048 192.12001 190.46374 188.69019 186.8389 184.97819 183.21039 181.66908 180.50146 179.83253 179.71934 180.11718 180.88102 181.80753 182.69712 183.40688 183.87654 184.12435 184.21653 184.21571 184.12002 183.81571 183.06759 181.55306 178.92092 174.85251 169.13218 161.79426 153.50936 146.33971
207.03979 206.84448 206.64805 206.44997 206.24957 206.04611 205.83872 205.62638 205.4079 205.18192 204.94685 204.70083 204.44171 204.16701 203.87386 203.55893 203.21842 202.84792 202.4424 201.99609 201.50236 200.95369 200.34144 199.65581 198.88561 198.01817 197.03922 195.93284 194.68165 193.26734 191.67192 189.88016 187.88404 185.6902 183.33136 180.88167 178.47272 176.30116 174.61139 173.63815 173.51482 174.19261 175.43195 176.88455 178.21691 179.20786 179.79012 180.04389 180.15383 180.32959 180.69722 181.20353 181.59663 181.50473 180.56379 178.52924 175.35845 171.3096 167.11326 164.14633
206.29239 206.08675 205.88003 205.67167 205.46104 205.24736 205.02977 204.80724 204.57855 204.34232 204.0969 203.84036 203.57046 203.28458 202.97966 202.65215 202.29791 201.91214 201.48929 201.02292 200.50559 199.92868 199.28221 198.5546 197.7324 196.79996 195.73907 194.52854 193.14394 191.55748 189.73851 187.65525 185.27895 182.59239 179.60567 176.38201 173.07338 169.95493 167.426 165.92897 165.76742 166.90937 168.94179 171.24213 173.23528 174.56681 175.15321 175.16407 174.97247 175.04844 175.76216 177.16484 178.92219 180.48444 181.35461 181.27238 180.27844 178.72706 177.28921 176.89887
205.53359 205.31753 205.10045 204.8818 204.66095 204.43715 204.20952 203.97705 203.73852 203.49252 203.23739 202.97115 202.6915 202.3957 202.08057 201.74233 201.37659 200.97818 200.54108 200.05824 199.52145 198.92107 198.24583 197.48246 196.61529 195.62572 194.49151 193.186 191.67707 189.92614 187.88725 185.50704 182.72685 179.4899 175.75879 171.55173 167.00696 162.47242 158.57393 156.13919 155.85252 157.76898 161.14648 164.83439 167.83578 169.59478 170.00301 169.33993 168.25114 167.6665 168.46167 170.91313 174.45732 178.08855 180.96549 182.70352 183.35662 183.31971 183.25919 184.03086
204.76297 204.53637 204.30883 204.07984 203.84877 203.6149 203.37736 203.13517 202.88712 202.63182 202.36759 202.09247 201.8041 201.4997 201.17597 200.82899 200.45415 200.04599 199.59806 199.10282 198.55133 197.93307 197.23562 196.44418 195.54107 194.50497 193.30993 191.92404 190.30766 188.41114 186.17205 183.51213 180.33519 176.52876 171.97681 166.59886 160.44315 153.86486 147.76154 143.63075 142.9906 146.18597 151.82914 157.7459 162.2524 164.55364 164.52479 162.52928 159.5188 157.19293 157.5312 161.38039 167.59336 174.09459 179.37213 182.85654 184.60221 185.0044 184.77331 185.07681
203.98007 203.74277 203.50466 203.26523 203.0239 202.77996 202.53259 202.28084 202.02354 201.75933 201.48658 201.20334 200.90727 200.59557 200.26489 199.91123 199.52981 199.11495 198.6599 198.15667 197.59575 196.9659 196.25371 195.44314 194.51484 193.44528 192.20542 190.75896 189.05983 187.04864 184.64769 181.75435 178.23271 173.90542 168.55208 161.93376 153.89276 144.62485 135.21534 128.16395 126.67595 131.88981 141.15348 150.38734 156.94449 159.8939 159.15076 155.02287 148.57375 142.58584 141.42158 147.44326 158.01873 168.69619 176.94301 182.1573 184.47983 184.18036 181.79684 179.0749
203.18441 202.93621 202.68736 202.43736 202.18566 201.93161 201.67443 201.4132 201.14684 200.87405 200.59326 200.30259 199.99976 199.682 199.34599 198.98769 198.60226 198.18386 197.72554 197.21898 196.65426 196.01957 195.30078 194.48093 193.53949 192.45135 191.18537 189.70229 187.95166 185.86732 183.36057 180.31022 176.54789 171.83817 165.85614 158.17872 148.34888 136.18309 122.65522 111.36559 108.30328 116.2946 130.4921 143.81235 152.63443 156.2245 154.64608 147.90195 136.57513 124.37884 120.06618 129.57793 146.8511 162.98379 174.51507 181.3417 183.86104 181.96706 175.28377 165.57706
202.37546 202.11615 201.85634 201.59559 201.33337 201.06908 200.80201 200.53131 200.25598 199.97481 199.68634 199.3888 199.08002 198.75734 198.4175 198.05653 197.66959 197.25082 196.79313 196.28802 195.7253 195.09278 194.37588 193.55708 192.61519 191.52431 190.25236 188.75889 186.99181 184.88249 182.33814 179.22991 175.37451 170.50616 164.23729 156.01664 145.13802 131.00471 114.21007 99.006174 94.222822 104.78286 123.33154 139.81784 150.1745 154.14988 152.0056 143.3509 127.82077 109.14437 100.99382 114.45862 138.51507 159.28577 173.26736 181.24314 183.8795 180.56609 169.4309 150.73597
201.55268 201.28199 201.01098 200.73924 200.46628 200.19156 199.91443 199.63415 199.3498 199.06032 198.76438 198.46036 198.14626 197.81959 197.47726 197.11543 196.72937 196.31326 195.86004 195.36112 194.80618 194.18287 193.47638 192.66898 191.73932 190.66148 189.4036 187.92583 186.17739 184.09192 181.5804 178.51992 174.73582 169.9739 163.85952 155.84934 145.22294 131.31391 114.57225 99.180804 94.288648 105.06103 123.70745 140.00111 150.11416 153.9812 151.9233 143.51538 128.20456 109.41685 101.08993 114.85461 139.13767 159.9634 174.11698 182.43089 185.45839 182.41423 171.18255 151.75539
200.71551 200.43315 200.15064 199.86761 199.58362 199.29819 199.01075 198.72064 198.4271 198.12919 197.82577 197.51544 197.19641 196.86645 196.5227 196.16157 195.77852 195.36792 194.9228 194.43464 193.89311 193.28584 192.598 191.81194 190.90656 189.85652 188.63112 187.19266 185.49403 183.47518 181.05768 178.13641 174.56667 170.14486 164.58223 157.48081 148.35836 136.88826 123.76133 112.42626 109.28836 117.43863 131.44071 144.07461 152.20777 155.4875 154.11099 148.02221 137.46561 125.62084 121.3636 131.13803 148.51869 164.77869 176.93517 184.88355 188.69077 187.81889 181.46144 171.2581
199.86337 199.56899 199.27465 198.97999 198.68463 198.38812 198.09 197.7897 197.48661 197.17996 196.86883 196.55207 196.2282 195.8953 195.55087 195.19164 194.81342 194.41085 193.97717 193.50403 192.98124 192.39647 191.73504 190.97953 190.10934 189.10012 187.92289 186.54297 184.91834 182.99752 180.71646 177.99429 174.72754 170.78292 165.99147 160.15539 153.1057 144.90983 136.38813 129.80809 128.40049 133.32228 141.77358 149.8713 155.44841 157.9206 157.33966 153.98008 148.63888 143.61397 142.94688 149.05728 159.63105 170.83482 180.53845 187.98223 192.80698 194.73008 193.91983 192.26899
198.99565 198.68892 198.38238 198.07571 197.76855 197.46053 197.15125 196.84025 196.52707 196.21115 195.8918 195.56819 195.23919 194.9033 194.55848 194.20192 193.82988 193.43742 193.01812 192.56391 192.06475 191.5085 190.88062 190.16399 189.33858 188.38109 187.26442 185.95704 184.42221 182.61708 180.49194 177.98972 175.04656 171.59503 167.57341 162.94986 157.77992 152.32976 147.27687 143.82928 143.2883 145.93348 150.50996 155.18684 158.65159 160.34114 160.23056 158.68452 156.50782 155.07012 156.0218 160.24222 167.12795 175.29329 183.49287 190.8537 196.81511 201.15293 204.20138 207.19637
198.11176 197.79229 197.47317 197.15407 196.83466 196.51462 196.19361 195.87128 195.5473 195.22132 194.89294 194.56167 194.22682 193.88741 193.54194 193.18824 192.82318 192.44237 192.03991 191.60805 191.13702 190.61481 190.02702 189.35673 188.58437 187.68752 186.64064 185.41487 183.97775 182.29333 180.32285 178.02674 175.36904 172.3262 168.90311 165.16018 161.25399 157.48698 154.33798 152.40135 152.14885 153.58592 156.12522 158.85991 160.97665 162.00599 161.8824 160.92118 159.77374 159.32908 160.48818 163.83755 169.40882 176.6738 184.76188 192.77773 200.06 206.3241 211.73969 216.93562
197.21106 196.87848 196.54638 196.21442 195.8823 195.54968 195.21629 194.88187 194.54621 194.20917 193.87063 193.53049 193.18855 192.84446 192.49743 192.14609 191.78809 191.41984 191.03605 190.62948 190.19063 189.70759 189.16596 188.54883 187.83678 187.00788 186.0376 184.89877 183.5616 181.99414 180.16342 178.03809 175.59361 172.82165 169.74591 166.44597 163.08757 159.94828 157.41184 155.89257 155.67322 156.71607 158.58898 160.60361 162.08333 162.58568 162.00024 160.56037 158.81972 157.60027 157.89614 160.66326 166.34769 174.46339 183.86801 193.42314 202.36999 210.36731 217.39851 223.67481
196.29289 195.94685 195.60139 195.25616 194.91084 194.56509 194.21864 193.87128 193.52292 193.17358 192.82343 192.47276 192.12195 191.77133 191.42104 191.07067 190.71896 190.36332 189.99936 189.62047 189.21748 188.77848 188.28885 187.73137 187.08638 186.33189 185.44365 184.39512 183.15741 181.69957 179.98924 177.99423 175.68574 173.0441 170.06889 166.79633 163.32908 159.88616 156.87088 154.89055 154.53824 155.88803 158.24987 160.58962 162.06104 162.1815 160.79636 158.05608 154.48397 151.08322 149.37849 151.32031 158.14741 168.77894 180.93132 192.92361 203.97236 213.81245 222.32365 229.34193
195.35658 194.99673 194.63757 194.2787 193.91974 193.56033 193.20015 192.839 192.47682 192.11377 191.75026 191.38697 191.02487 190.66511 190.30887 189.95702 189.60969 189.2657 188.92187 188.57246 188.20869 187.81857 187.38693 186.89579 186.32471 185.65105 184.85011 183.89501 182.75636 181.40195 179.79631 177.90026 175.67021 173.05713 170.00576 166.45794 162.37566 157.82978 153.24116 149.7393 148.95107 151.40928 155.54911 159.25941 161.30711 161.22576 158.86911 154.29408 148.02173 141.45356 136.69218 137.00477 145.96419 160.81978 176.87465 191.87518 205.30603 217.24341 227.63288 235.81036
194.40136 194.02742 193.65428 193.28147 192.90853 192.53502 192.16052 191.78476 191.40765 191.0294 190.65055 190.27214 189.89571 189.5233 189.15731 188.8002 188.45394 188.11926 187.79474 187.47591 187.15454 186.81836 186.4513 186.03399 185.54452 184.95894 184.25145 183.39412 182.35622 181.10319 179.59505 177.78377 175.60837 172.98613 169.79768 165.8671 160.95432 154.84115 147.76103 141.47373 139.67805 144.15279 151.43232 157.38147 160.4164 160.32874 157.0809 150.58506 141.26435 131.41999 124.66483 122.44346 134.37303 153.89123 173.58595 191.18916 206.71422 220.79698 233.78397 244.55614
193.42641 193.03815 192.65082 192.26389 191.87677 191.48887 191.09963 190.70861 190.31559 189.92067 189.52443 189.12811 188.73373 188.34423 187.96338 187.59557 187.2452 186.91568 186.60816 186.32009 186.04411 185.76758 185.47287 185.13843 184.73999 184.25151 183.64546 182.89239 181.95992 180.81112 179.40222 177.67866 175.56763 172.96392 169.70422 165.526 160.02102 152.67184 143.35279 134.14143 131.05844 137.68441 148.14185 156.12929 160.04171 160.08651 156.36834 148.60333 136.71338 122.79433 116.19868 120.05455 132.13412 152.45491 173.1378 191.64753 208.13081 223.58599 238.94463 253.22285
192.43074 192.02801 191.62642 191.22534 190.82402 190.42168 190.01755 189.61092 189.20128 188.78848 188.37291 187.95578 187.53942 187.1275 186.72524 186.33932 185.97724 185.64619 185.35116 185.09269 184.86494 184.65475 184.44216 184.20219 183.90697 183.5274 183.03359 182.39422 181.57507 180.53722 179.23482 177.61145 175.59309 173.07404 169.8907 165.77861 160.32198 152.9828 143.59843 134.24366 131.09615 137.86098 148.49238 156.60613 160.64456 160.86022 157.3778 149.87455 138.03676 123.40122 115.84854 125.85545 139.4634 157.35094 176.07145 193.38997 209.19075 224.24881 239.36131 253.43527
191.41323 190.99594 190.58013 190.16503 189.74973 189.33323 188.91444 188.49229 188.06584 187.63445 187.19805 186.7575 186.31501 185.8747 185.44308 185.02929 184.64477 184.30195 184.01163 183.77947 183.6024 183.46677 183.34903 183.21891 183.04323 182.78858 182.42201 181.9098 181.21544 180.29774 179.10963 177.59677 175.69415 173.31759 170.34734 166.60401 161.83317 155.78065 148.62723 142.15411 140.29595 144.99742 152.59594 158.84134 162.2168 162.6012 160.01643 154.35611 145.82773 136.58491 132.93323 139.10028 150.99906 165.68087 181.11414 195.93148 209.78223 222.85708 235.21742 245.59891
