RAINFALL_MEAN_RP_1000.tif
NCOLS 101
NROWS 90
XLLCORNER -81.15
YLLCORNER -4.25
DX 0.0099207921
DY 0.01
NODATA_VALUE -9999
[rows 52 to 77 of 90, columns 0 to 59 of 101]
339.76214 339.2393 338.74012 338.26369 337.80862 337.37304 336.95459 336.55045 336.15755 335.77275 335.39334 335.01781 334.64703 334.28598 333.94607 333.64758 333.42157 333.30932 333.35732 333.60667 334.07914 334.76596 335.6265 336.59853 337.61513 338.62033 339.57851 340.47648 341.31971 342.12392 342.90436 343.66758 344.41137 345.13603 345.86452 346.66362 347.65013 348.94204 350.46426 351.55193 350.80854 347.15346 340.943 333.14585 324.23101 314.15783 302.75694 290.09958 277.08513 266.44984 262.75492 268.54458 281.80903 299.15863 317.7009 335.34601 350.8323 363.44826 372.83465 379.37978
337.3337 336.77549 336.24274 335.73444 335.24892 334.78388 334.33625 333.90224 333.47733 333.05645 332.63433 332.20623 331.76918 331.32415 330.87936 330.45473 330.08662 329.8304 329.75615 329.93337 330.40595 331.16898 332.16348 333.29463 334.46208 335.58552 336.61735 337.5443 338.38155 339.16064 339.91165 340.64577 341.34921 341.99502 342.56658 343.07786 343.57191 344.07281 344.46388 344.3329 343.0161 340.02856 335.40199 329.43423 322.34112 314.25456 305.41343 296.37507 288.22021 282.65413 281.61128 286.15212 295.75768 308.8552 323.59944 338.3443 351.88995 363.55595 373.19503 381.29303
334.83783 334.24381 333.67775 333.13865 332.62472 332.13336 331.66095 331.20278 330.75299 330.30451 329.84922 329.37843 328.88396 328.36032 327.80884 327.24437 326.70454 326.25886 326.00963 326.07278 326.53414 327.40081 328.58577 329.94217 331.31972 332.60541 333.73701 334.70054 335.5225 336.25623 336.956 337.64387 338.2914 338.8335 339.20329 339.36181 339.30569 339.04525 338.55006 337.68439 336.20267 333.84417 330.42429 325.83619 320.04743 313.163 305.52865 297.84029 291.22001 287.14975 287.07909 291.73078 300.68174 312.65134 326.07093 339.50239 351.8881 362.69055 371.95039 380.25824
332.26909 331.63852 331.03922 330.47034 329.93019 329.41606 328.92403 328.44876 327.98328 327.51878 327.04444 326.54745 326.01351 325.42853 324.78264 324.07849 323.34594 322.66241 322.16828 322.05133 322.47475 323.47531 324.9222 326.58519 328.2434 329.74659 331.01919 332.04452 332.8554 333.52737 334.15018 334.77029 335.34685 335.76771 335.90581 335.66609 335.00915 333.96635 332.65019 331.22373 329.7696 328.10853 325.78756 322.30413 317.33162 310.79907 302.90474 294.18455 285.7374 279.64029 278.82741 284.92488 296.41392 310.50601 325.05965 338.70432 350.61279 360.47111 368.56939 375.85106
329.62092 328.95257 328.31964 327.72168 327.15731 326.624 326.11786 325.63333 325.16285 324.69649 324.2214 323.72134 323.17632 322.56296 321.85707 321.04144 320.12421 319.17335 318.361 317.97346 318.30824 319.46696 321.25007 323.29721 325.29836 327.07557 328.55232 329.7068 330.55795 331.18073 331.69999 332.20952 332.67475 332.93937 332.81104 332.12652 330.7864 328.81331 326.46574 324.3069 322.91384 322.19547 321.20814 318.85269 314.43849 307.65858 298.40345 286.75332 273.40074 261.20232 257.33848 267.00725 284.79858 303.98843 321.61139 336.54945 348.31174 356.78115 362.45606 366.96039
326.88558 326.17744 325.50977 324.88274 324.29555 323.74619 323.23118 322.74525 322.28094 321.82808 321.37311 320.89809 320.37945 319.78682 319.08275 318.22698 317.19299 316.01214 314.85697 314.11666 314.29029 315.60195 317.75271 320.20071 322.54951 324.62944 326.39369 327.82007 328.87626 329.55758 329.9619 330.25391 330.47912 330.48811 330.03641 328.87255 326.77671 323.65204 319.80034 316.33255 314.85378 315.5839 316.55792 315.65149 311.82379 304.64371 293.72462 278.64412 259.39213 238.18282 228.21912 244.63578 271.11744 296.37793 317.65558 334.17296 345.65583 351.87498 353.05334 351.59695
324.05407 323.30312 322.59852 321.94135 321.33166 320.76831 320.24866 319.76822 319.32034 318.89566 318.48145 318.06051 317.60948 317.09649 316.47836 315.69948 314.70041 313.4576 312.09226 311.03758 311.00117 312.37958 314.77409 317.46871 320.03559 322.36884 324.49067 326.4046 328.00436 329.05518 329.39519 329.23533 328.9204 328.47326 327.62875 326.01786 323.23317 318.9072 313.12018 307.49428 305.542 308.40244 312.12378 313.02082 309.96433 302.68683 290.73577 273.56928 251.69181 228.31893 215.40202 234.54523 263.20187 291.62091 315.34931 332.85417 343.61739 346.74531 340.9903 328.35111
321.11617 320.31799 319.57286 318.88296 318.24955 317.67265 317.15081 316.68078 316.25725 315.87253 315.51603 315.17356 314.826 314.44703 313.9996 313.43174 312.67654 311.67521 310.47172 309.41866 309.251 310.47083 312.69891 315.23052 317.71452 320.13325 322.58578 325.13489 327.63576 329.50318 329.93103 329.03887 327.82699 326.73562 325.49832 323.6097 320.48316 315.47707 308.28416 300.62285 297.9688 302.83479 308.99029 311.38627 309.15863 302.35358 290.58462 273.29136 251.2978 229.60716 219.72749 235.28178 262.94334 291.95208 316.17543 333.57129 343.29034 343.63283 331.18395 304.99087
318.06043 317.20893 316.41782 315.69069 315.03028 314.43808 313.91412 313.45664 313.06196 312.72431 312.43582 312.18635 311.96323 311.75033 311.52613 311.26043 310.91123 310.43139 309.81645 309.23824 309.14732 309.9357 311.46269 313.34297 315.39216 317.64422 320.22589 323.23355 326.4987 329.15146 329.7849 328.35212 326.41938 324.84292 323.40684 321.55045 318.65221 314.06653 307.4584 300.36288 297.89016 302.50606 308.45648 311.02898 309.41162 303.65899 293.42168 278.02963 257.27862 233.13597 220.46367 240.13996 270.00606 297.89303 320.56404 336.72366 345.48512 345.09635 332.23091 305.74533
314.87429 313.96131 313.11654 312.3453 311.65211 311.04023 310.51139 310.06544 309.7002 309.41154 309.19364 309.03959 308.94209 308.89432 308.89024 308.92382 308.98571 309.05757 309.111 309.1366 309.21794 309.5381 310.22543 311.28827 312.72219 314.58333 316.97265 319.94084 323.24332 325.9589 326.76528 325.59105 323.81348 322.3271 321.05954 319.56514 317.36797 314.07895 309.67808 305.35721 303.9216 306.47961 310.03103 311.6402 310.37865 306.0628 298.4148 287.01986 272.01308 256.44041 250.66714 263.34249 285.88164 308.68253 327.90557 342.04891 350.15652 351.13043 343.97199 330.88031
311.54419 310.55914 309.65035 308.82527 308.09054 307.45158 306.91205 306.47342 306.13473 305.89264 305.74184 305.676 305.68915 305.77751 305.94112 306.18419 306.51069 306.91005 307.33088 307.66764 307.8307 307.88519 308.04223 308.49341 309.35175 310.70291 312.6226 315.09918 317.84842 320.13984 321.1245 320.75711 319.83886 318.98403 318.22037 317.2855 315.91239 313.97739 311.65657 309.65213 309.03418 310.08338 311.64328 312.31361 311.36063 308.54731 303.7892 297.09579 289.06964 282.17538 281.30808 289.70318 304.69341 321.46166 336.74244 348.74077 356.38269 359.05727 357.05249 352.79812
308.05585 306.98522 305.99887 305.10676 304.31822 303.64131 303.08204 302.64365 302.32613 302.126 302.03658 302.04884 302.15282 302.33953 302.60278 302.93958 303.34593 303.80314 304.25449 304.59655 304.73664 304.69874 304.63509 304.72293 305.10439 305.89971 307.20066 308.99706 311.06681 312.94782 314.17818 314.69662 314.83016 314.85204 314.75976 314.40117 313.66482 312.59532 311.43457 310.58506 310.42417 310.97128 311.74285 312.0551 311.44119 309.8253 307.43386 304.61947 301.95096 300.70025 302.86387 309.73612 320.55052 333.17674 345.47444 355.81236 363.07495 366.66504 366.63182 363.62467
304.39451 303.22141 302.14011 301.16364 300.30474 299.5749 298.98321 298.53526 298.23212 298.06966 298.03841 298.12402 298.30827 298.57051 298.88925 299.24326 299.61105 299.96691 300.27407 300.48328 300.5525 300.47959 300.31063 300.12562 300.04189 300.22247 300.83313 301.93968 303.42799 305.04744 306.56856 307.9088 309.08264 310.0493 310.66319 310.76556 310.31143 309.45077 308.52607 307.96081 308.05357 308.77189 309.68807 310.16746 309.76752 308.61598 307.45228 307.13491 308.08567 310.52967 315.00306 322.02373 331.41149 342.19223 353.00175 362.49567 369.57914 373.47447 373.58972 369.00058
300.54544 299.24902 298.05073 296.96743 296.01622 295.21323 294.57196 294.10153 293.805 293.67796 293.70789 293.87413 294.14847 294.49625 294.87757 295.24951 295.57035 295.80815 295.95218 296.01532 296.00795 295.89551 295.60086 295.07797 294.40486 293.82493 293.66684 294.13428 295.16749 296.6012 298.38664 300.50289 302.74323 304.72333 306.04424 306.42784 305.80318 304.38292 302.71792 301.61958 301.79297 303.27855 305.23905 306.41606 305.90695 303.90952 302.16704 302.99456 306.8505 312.43473 319.14355 327.3391 337.16279 348.02246 358.8322 368.40928 375.72026 379.92467 380.18243 375.19849
296.49458 295.04938 293.70648 292.48739 291.4149 290.51152 289.79722 289.28681 288.98725 288.89543 288.99686 289.26545 289.66433 290.14708 290.65903 291.13937 291.52671 291.77366 291.87213 291.86761 291.80584 291.61622 291.09195 290.0479 288.52001 286.89611 285.8375 285.78952 286.53018 287.70171 289.56191 292.44096 295.91945 299.09141 301.16168 301.63709 300.31038 297.34203 293.54046 290.6061 290.51896 293.73089 298.25935 301.16575 300.32931 295.54798 290.28193 291.0944 298.8755 307.99408 316.58931 326.35554 338.03561 350.69766 362.92519 373.51034 381.54846 386.37259 387.4612 384.27085
292.22949 290.60485 289.08299 287.69097 286.4589 285.41808 284.59801 284.02257 283.7059 283.64893 283.83735 284.24178 284.81992 285.51968 286.28209 287.04295 287.73415 288.28868 288.65476 288.81314 288.75047 288.35295 287.35916 285.50158 282.74961 279.6422 277.46481 277.252 278.09431 278.65732 280.04976 283.73596 288.84643 293.51406 296.42442 296.84608 294.3017 288.59284 280.5094 273.20702 271.92667 278.68357 288.67532 295.40614 294.9441 286.13456 274.00684 273.88481 288.08353 299.89611 307.76777 318.80032 334.11441 350.57546 365.6285 378.0287 387.15764 392.65623 394.51554 393.47158
287.74074 285.90031 284.15724 282.54487 281.10252 279.87342 278.90093 278.22306 277.86615 277.83917 278.13056 278.70923 279.52981 280.5409 281.69343 282.94563 284.26062 285.58806 286.81222 287.6625 287.72371 286.74856 284.78563 281.78409 277.57096 272.57356 268.89473 269.14393 271.00816 270.16843 270.13357 274.93376 282.20993 288.57923 292.35024 292.67864 288.71494 279.44261 264.7551 249.168 244.63408 257.72233 277.25689 290.49942 292.59197 282.84611 267.28713 266.52075 283.34411 289.89897 290.66944 303.77028 326.22129 348.84403 367.83256 382.4899 392.74431 398.40097 399.29064 396.55138
283.02376 280.92542 278.90997 277.01726 275.29764 273.81013 272.61795 271.78076 271.34475 271.33271 271.73816 272.52685 273.64721 275.0478 276.69687 278.59761 280.78949 283.30854 286.0252 288.25461 288.62239 286.53108 283.06364 278.92589 273.74771 267.4142 262.25409 263.10127 266.74509 263.93113 262.22802 268.40601 277.50505 285.05711 289.42538 289.77824 284.92833 272.96261 252.27733 227.50906 218.40245 238.57458 268.21947 288.13451 294.56089 289.54946 280.22885 280.22385 286.98437 277.77306 268.03984 286.89614 319.22855 348.4494 371.10703 387.72822 398.82288 404.0183 401.87193 391.42354
278.08121 275.67782 273.32952 271.08178 268.99708 267.15455 265.6453 264.56199 263.98288 263.95405 264.47649 265.50605 266.9707 268.80195 270.97128 273.51892 276.55782 280.20615 284.30809 287.76559 288.35124 285.32165 280.86366 276.46866 271.78386 266.39017 262.0191 262.76024 265.952 263.541 262.05963 267.67941 276.1518 283.42484 287.86368 288.51589 284.06721 272.48995 252.08385 227.45706 218.38847 238.60865 268.82757 290.32627 299.9553 300.62696 297.86948 297.20453 294.40809 278.9909 268.27355 288.17071 322.43193 353.33417 377.22013 394.7085 406.30197 411.36239 407.80897 394.28924
272.92583 270.16737 267.41755 264.7242 262.16122 259.83161 257.86462 256.40286 255.57759 255.47583 256.11142 257.41732 259.27052 261.5449 264.17185 267.18204 270.69825 274.82008 279.27155 282.79646 283.37275 280.67982 276.88641 273.54549 270.57798 267.66872 265.61738 265.92482 267.31308 267.02987 267.29954 271.15023 277.28282 283.23462 287.4199 288.73549 286.01016 277.92463 264.11488 248.9925 244.71195 258.44901 280.00729 297.60182 307.81486 311.94772 312.83459 312.38048 308.70485 300.06611 296.88015 311.8788 338.37479 364.90728 387.05345 404.17117 416.15208 422.33712 421.64376 415.2411
267.58339 264.42135 261.19678 257.95285 254.76995 251.77588 249.14924 247.10749 245.87099 245.6034 246.34798 247.99683 250.32376 253.07495 256.07247 259.27671 262.7656 266.58649 270.4368 273.34213 274.10519 272.7736 270.78685 269.23632 268.19333 267.41751 267.03684 267.40312 268.28066 269.19028 270.71471 273.83024 278.3814 283.30832 287.45175 289.79461 289.45014 285.83255 279.43725 273.35383 273.19025 281.77645 295.24881 308.01235 317.35948 323.19053 326.49619 328.02069 327.6599 326.42672 329.32439 341.24044 360.24045 381.0261 400.19152 416.37906 428.94365 437.3228 441.41809 443.34067
262.0949 258.4898 254.72086 250.81371 246.84271 242.95363 239.38242 236.45431 234.53967 233.95136 234.80807 236.94298 239.942 243.31046 246.66638 249.84873 252.89478 255.89035 258.73217 260.98209 262.17365 262.44894 262.5217 262.90397 263.57195 264.28926 264.97443 265.74529 266.7453 268.13097 270.21823 273.3692 277.61364 282.47884 287.17558 290.87867 292.95091 293.18064 292.15546 291.61506 293.94053 300.2842 309.41679 319.05554 327.59004 334.48652 339.88426 344.0885 347.46822 351.11369 357.28352 367.86574 382.43546 398.97111 415.61016 431.15702 444.79974 455.95933 464.65363 472.33263
256.51682 252.44952 248.08453 243.40972 238.46909 233.40374 228.50076 224.22727 221.19869 220.01893 220.99691 223.90089 227.98527 232.32239 236.1896 239.26206 241.58049 243.39494 244.9806 246.51352 248.09856 249.88032 251.98474 254.32261 256.5784 258.4269 259.74401 260.66762 261.55575 262.91548 265.27353 268.97679 273.99948 279.88492 285.90235 291.31868 295.63767 298.77078 301.15203 303.71611 307.55653 313.30029 320.73361 329.07264 337.51535 345.57286 353.08466 360.08386 366.75452 373.59454 381.48819 391.29363 403.29554 417.1759 432.33308 448.07861 463.6682 478.34706 491.57167 503.42314
250.91697 246.40347 241.4303 235.92077 229.84969 223.30547 216.58605 210.31134 205.46711 203.20632 204.29157 208.46334 214.38599 220.3544 225.10062 228.10327 229.46769 229.70751 229.59391 230.01982 231.72656 234.92719 239.18124 243.67404 247.59954 250.40227 251.87783 252.2184 252.07904 252.57564 254.92823 259.76717 266.75541 274.91257 283.17969 290.75995 297.22776 302.54091 307.01359 311.237 315.92593 321.69422 328.81926 337.16378 346.3505 356.01793 365.93464 375.93159 385.77193 395.15252 403.99519 412.84601 422.8003 434.86971 449.49585 466.54374 485.45618 505.26373 524.45264 541.03822
245.36393 240.47131 234.94447 228.61391 221.33646 213.07134 204.03058 194.92485 187.21698 183.01659 184.08956 190.30476 199.26404 207.87595 214.05634 217.11088 217.3029 215.46539 212.92276 211.48183 212.88283 217.60296 224.44271 231.54574 237.39662 241.06614 242.13165 240.70767 237.80151 235.73414 237.46538 244.36745 255.10715 267.23447 278.90757 289.2147 297.85531 304.86289 310.49608 315.27629 320.07459 325.92754 333.49681 342.80711 353.54203 365.41165 378.2491 391.81551 405.39439 417.53884 426.85828 433.83264 441.09839 451.39049 466.12737 485.65778 509.78721 537.64813 566.71682 591.70792
239.90788 234.76664 228.83292 221.82551 213.44192 203.42795 191.76215 179.062 167.23224 159.81116 160.52207 169.76858 183.30434 195.71954 203.88346 207.10513 205.95816 201.58969 195.78062 191.41368 191.97838 198.60102 208.72835 218.98055 227.0345 231.52972 231.62998 226.98815 218.66261 210.9542 210.84712 221.52402 238.87256 257.18851 273.49875 287.04582 297.89466 306.22816 312.21004 316.35631 320.21395 325.95715 334.62177 345.79378 358.80792 373.40983 389.69186 407.64702 426.24809 442.33254 451.82289 455.02688 457.8805 465.83095 481.02381 504.02628 535.32649 575.14158 620.96578 662.75937
