RAINFALL_MEAN_RP_5.tif
NCOLS 101
NROWS 90
XLLCORNER -81.15
YLLCORNER -4.25
DX 0.0099207921
DY 0.01
NODATA_VALUE -9999
[rows 52 to 77 of 90, columns 0 to 59 of 101]
71.630204 71.214598 70.784135 70.336673 69.869794 69.380817 68.866838 68.324829 67.751836 67.145312 66.503696 65.827321 65.119796 64.389928 63.654117 62.938758 62.281494 61.729387 61.331862 61.127905 61.130967 61.319157 61.637988 62.016297 62.388058 62.71063 62.973704 63.197684 63.421977 63.684563 63.99742 64.326933 64.58859 64.657327 64.385186 63.61759 62.215008 60.122612 57.58064 55.488082 55.328227 57.791136 61.765764 65.639178 68.542773 70.255211 70.806888 70.317383 69.062328 67.71236 67.377985 68.76862 71.547272 74.990144 78.442876 81.407532 83.544602 84.635522 84.654099 84.097208
70.966643 70.52777 70.071954 69.596504 69.098286 68.57369 68.018609 67.42846 66.798287 66.123013 65.397954 64.619777 63.788162 62.908481 61.995737 61.079554 60.208865 59.45291 58.893244 58.602691 58.615096 58.901669 59.372535 59.906727 60.393675 60.765533 61.011786 61.177886 61.349514 61.620757 62.049718 62.61979 63.231614 63.733055 63.967541 63.816638 63.233615 62.288328 61.244685 60.62301 61.04289 62.741418 65.29399 67.978055 70.238746 71.806661 72.625625 72.790696 72.547338 72.316945 72.621421 73.808233 75.845123 78.432529 81.190648 83.763646 85.874065 87.362196 88.25337 88.85871
70.296366 69.834883 69.354561 68.852164 68.323836 67.765001 67.17026 66.533297 65.846828 65.10266 64.291985 63.406148 62.438304 61.386611 60.259822 59.08597 57.923441 56.869885 56.057991 55.623972 55.647611 56.095261 56.814931 57.596151 58.251258 58.669976 58.838306 58.837095 58.826207 59.000428 59.507358 60.360617 61.417347 62.44639 63.232089 63.647397 63.683835 63.460791 63.224048 63.307883 64.018823 65.464111 67.464547 69.651146 71.650185 73.211876 74.249 74.826269 75.13419 75.448051 76.059706 77.189748 78.909496 81.115336 83.578091 86.030307 88.244182 90.086138 91.555137 92.797637
69.619709 69.136549 68.632953 68.105188 67.548717 66.958033 66.326457 65.6459 64.9066 64.09688 63.203025 62.209525 61.100186 59.861108 58.487258 56.995136 55.443566 53.959492 52.750997 52.070036 52.097809 52.80731 53.935296 55.110201 56.017012 56.481499 56.479941 56.134361 55.713257 55.590755 56.097942 57.312909 58.987927 60.709605 62.123763 63.047773 63.474471 63.54581 63.529684 63.774537 64.597426 66.122849 68.197477 70.475839 72.595804 74.306126 75.505638 76.229749 76.6258 76.943953 77.529498 78.697404 80.522389 82.848313 85.436543 88.05398 90.515005 92.705394 94.589839 96.204723
68.936648 68.432963 67.907653 67.356567 66.774591 66.155407 65.491191 64.772224 63.986388 63.118552 62.14986 61.057093 59.812545 58.385543 56.748109 54.889727 52.848898 50.767034 48.946995 47.838596 47.837949 48.960894 50.741602 52.522297 53.794967 54.307043 54.016372 53.070791 51.868164 51.088246 51.451023 53.188191 55.808538 58.512132 60.697893 62.100192 62.698008 62.637291 62.246231 62.083366 62.803028 64.707644 67.462697 70.416488 73.041957 75.061444 76.380026 77.008857 77.043189 76.767746 76.922088 78.30078 80.741343 83.686126 86.776385 89.804042 92.639106 95.200087 97.429514 99.279894
68.246717 67.723793 67.178545 66.606533 66.002216 65.358664 64.667172 63.916736 63.093334 62.178938 61.150173 59.976597 58.618787 57.027073 55.143531 52.91403 50.325437 47.492453 44.801253 42.995646 42.886294 44.6193 47.367712 49.99521 51.746368 52.309546 51.617264 49.78128 47.280284 45.252549 45.221762 47.786913 51.898736 55.997419 59.137653 61.008166 61.583461 60.954558 59.4514 58.019454 58.233563 60.957239 65.244877 69.575144 73.101083 75.582298 77.003778 77.386886 76.768397 75.372126 74.609404 76.595097 80.124153 83.994147 87.798137 91.366117 94.632977 97.563736 100.08987 102.07196
67.548933 67.008074 66.444748 65.854371 65.231172 64.567872 63.855244 63.081517 62.231513 61.285405 60.216894 58.990545 57.558109 55.853974 53.791534 51.267138 48.191697 44.597751 40.888282 38.137956 37.803401 40.302087 44.245526 47.830895 50.078687 50.690713 49.57649 46.708541 42.472273 38.510889 37.761681 41.577192 47.784042 53.594047 57.760137 60.060421 60.493375 58.986234 55.634351 51.749823 50.779386 55.019205 61.969219 68.357376 73.054034 76.074166 77.60563 77.754379 76.640118 74.657002 73.309998 75.732012 79.80515 84.384903 88.832096 92.891889 96.525733 99.733294 102.43154 104.36305
66.841749 66.28414 65.704505 65.098276 64.459669 63.781338 63.053946 62.265548 61.400729 60.439314 59.354395 58.109297 56.652951 54.913213 52.788688 50.144025 46.828752 42.781139 38.344383 34.801675 34.226046 37.34869 42.212371 46.444762 48.989137 49.631297 48.270549 44.702301 39.055895 33.240436 31.726696 36.805981 44.906097 52.059165 56.955362 59.555204 59.883393 57.659498 52.559746 45.930287 43.437208 49.50705 59.347414 67.662685 73.341616 76.794279 78.433964 78.460137 77.081601 74.990886 73.880136 76.087467 80.364729 85.365948 90.1923 94.528595 98.334145 101.59548 104.16544 105.6406
66.123018 65.549585 64.955134 64.335287 63.684446 62.99548 62.259311 61.464384 60.595915 59.634806 58.555971 57.325706 55.89753 54.205851 52.157496 49.624818 46.45811 42.576811 38.275919 34.792829 34.222617 37.310811 42.052601 46.119987 48.553823 49.192586 47.939721 44.550959 39.056812 33.268001 31.742782 36.861551 44.953495 52.078628 56.999447 59.681169 60.112014 57.957772 52.829761 46.054098 43.487376 49.770758 59.940678 68.527679 74.399805 77.983856 79.70903 79.777931 78.311379 75.662141 74.053166 77.077879 82.057394 87.227843 92.06567 96.377464 100.11171 103.19184 105.37375 106.21633
65.390002 64.801251 64.193023 63.561277 62.900791 62.204868 61.464981 60.67035 59.807417 58.859143 57.803996 56.614412 55.25438 53.675854 51.81433 49.587168 46.909377 43.771489 40.466737 37.947201 37.644683 39.973906 43.530076 46.666878 48.627932 49.23606 48.411943 46.037504 42.285283 38.574119 37.884488 41.692822 47.805808 53.560881 57.84226 60.415856 61.180766 59.935095 56.649522 52.635135 51.669004 56.385542 64.073411 71.147756 76.381121 79.790058 81.590259 81.933892 80.99508 79.364052 78.843668 81.198653 85.411531 90.034113 94.462412 98.481107 101.98469 104.8436 106.83918 107.80443
64.639392 64.035264 63.413655 62.771008 62.102633 61.402427 60.66257 59.873211 59.022175 58.094706 57.073243 55.937247 54.663066 53.224008 51.591379 49.739469 47.66378 45.434912 43.315557 41.879673 41.815358 43.240063 45.424705 47.471871 48.869771 49.44111 49.137524 47.975265 46.210902 44.717924 44.909084 47.457905 51.484881 55.647032 59.113751 61.527522 62.727232 62.653025 61.527541 60.328461 60.87358 64.257777 69.45899 74.733031 79.088682 82.226779 84.129257 84.889503 84.755449 84.32648 84.652428 86.529727 89.692719 93.418463 97.2097 100.80764 104.05394 106.81155 108.96706 110.56216
63.867368 63.247081 62.611674 61.958211 61.282676 60.579677 59.842147 59.061083 58.225411 57.322062 56.33639 55.253142 54.058251 52.741901 51.303635 49.760916 48.163849 46.619887 45.325416 44.565375 44.59268 45.40041 46.65567 47.921675 48.888637 49.424841 49.52399 49.267676 48.872202 48.780399 49.565743 51.511519 54.337113 57.45847 60.354332 62.688522 64.294501 65.175614 65.580428 66.103196 67.550409 70.372388 74.243398 78.404689 82.195885 85.217969 87.292862 88.444211 88.924344 89.222613 89.950337 91.52415 93.928048 96.872549 100.05705 103.25448 106.29414 109.04808 111.4537 113.54093
63.069668 62.431568 61.780951 61.115657 60.432501 59.726923 58.992618 58.22123 57.40221 56.522985 55.569658 54.528526 53.388853 52.147453 50.815724 49.429421 48.060003 46.82293 45.872497 45.368257 45.406448 45.944991 46.789044 47.674363 48.394144 48.876558 49.174075 49.405812 49.729285 50.356584 51.524397 53.363779 55.787 58.517771 61.219593 63.614108 65.5509 67.045415 68.300169 69.685253 71.619469 74.354734 77.821032 81.672329 85.44691 88.693904 91.06913 92.4807 93.197659 93.71766 94.498712 95.805255 97.69342 100.07571 102.79947 105.69451 108.59715 111.37203 113.93684 116.24434
62.24171 61.583096 60.914656 60.235196 59.542579 58.833268 58.101816 57.340367 56.538305 55.682215 54.756389 53.744155 52.630472 51.406352 50.075956 48.667177 47.245731 45.929501 44.891523 44.326875 44.361477 44.941238 45.814843 46.661653 47.268439 47.628298 47.903459 48.285176 48.893766 49.830404 51.246898 53.260575 55.817083 58.681372 61.545745 64.146981 66.33999 68.134027 69.704855 71.372196 73.511458 76.397824 80.067108 84.297213 88.679234 92.654337 95.561924 97.027864 97.487445 97.780585 98.380952 99.410304 100.91229 102.9005 105.31561 108.02828 110.8743 113.68531 116.31053 118.64466
61.378735 60.69568 60.005358 59.307777 58.602167 57.886378 57.156132 56.404198 55.619617 54.787154 53.887161 52.896055 51.787636 50.535676 49.118882 47.530948 45.801702 44.038631 42.487101 41.544444 41.573804 42.535931 43.897337 45.02117 45.573658 45.650545 45.661278 45.981558 46.648108 47.603213 49.099024 51.445172 54.550469 57.994292 61.338853 64.278882 66.655423 68.453288 69.838961 71.230702 73.260086 76.442994 80.823872 86.059471 91.684792 97.039285 100.89964 102.10409 101.61152 101.332 101.69318 102.45186 103.61607 105.31258 107.547 110.20131 113.10063 116.03942 118.76979 121.03596
60.476039 59.763191 59.045168 58.323469 57.599143 56.872025 56.139686 55.396132 54.630409 53.825281 52.956158 51.9903 50.886172 49.592804 48.04983 46.192092 43.97208 41.43395 38.886802 37.104371 37.060258 38.860754 41.312406 43.062981 43.539236 43.018448 42.440421 42.678463 43.438622 44.052464 45.243373 48.052547 52.182747 56.656287 60.75917 64.136928 66.615513 68.108175 68.706534 69.023356 70.421188 74.094682 79.833899 86.667287 93.933011 101.06336 106.31396 106.96265 104.90973 104.17907 104.54474 105.03515 105.83401 107.30323 109.47039 112.18588 115.27326 118.54486 121.71816 124.28325
59.529286 58.779683 58.026022 57.271595 56.519851 55.773509 55.033148 54.295314 53.550275 52.779706 51.954528 51.032867 49.957556 48.652062 47.013929 44.908053 42.175311 38.7141 34.779332 31.582149 31.244917 34.375859 38.566431 41.253961 41.572182 40.001332 38.319654 38.707724 40.084555 39.701907 39.850312 43.449986 49.231268 55.109321 60.11482 63.948053 66.448901 67.384953 66.573035 64.723275 64.675263 69.239124 77.209519 86.003813 94.578559 102.56515 108.30721 108.70295 106.35717 106.35704 107.12041 107.1706 107.53876 108.87855 111.09477 113.95824 117.32229 121.12543 125.27827 129.21409
58.534958 57.739916 56.940197 56.141112 55.349172 54.571168 53.812445 53.074267 52.350446 51.623696 50.862269 50.017099 49.018654 47.771423 46.143122 43.9477 40.934133 36.846018 31.777109 27.178326 26.389869 30.789425 36.622805 40.134312 40.283758 37.597555 34.46304 35.121832 37.851683 35.831756 34.576642 39.441697 47.002841 54.107885 59.813004 63.973377 66.459152 66.877262 64.656323 60.344303 58.513364 64.225714 74.517735 84.744046 93.579009 100.80307 105.44903 106.49607 106.4225 108.06093 109.05621 108.53361 108.68759 110.1203 112.49003 115.50708 119.07945 123.30214 128.40565 134.12566
57.490962 56.640132 55.781195 54.921465 54.071077 53.242315 52.447702 51.696537 50.989938 50.315162 49.640579 48.912439 48.053164 46.958551 45.489603 43.456454 40.60478 36.668335 31.715664 27.169749 26.387001 30.769909 36.573302 40.085363 40.270206 37.611482 34.471244 35.138597 37.900059 35.862885 34.593213 39.525503 47.191466 54.399735 60.192912 64.415118 66.917799 67.280434 64.913775 60.424052 58.532377 64.262891 74.435827 84.257528 92.294758 98.39717 102.38319 104.52138 106.23864 108.28816 109.13828 108.90736 109.50423 111.26034 113.8028 116.87759 120.42412 124.54657 129.43524 134.70426
56.397379 55.479144 54.54515 53.604161 52.670091 51.762088 50.902917 50.114737 49.411884 48.791691 48.226176 47.65811 47.002965 46.154017 44.984908 43.346611 41.070472 38.033297 34.437828 31.432244 31.138416 34.217784 38.347068 41.065563 41.502993 40.044397 38.411879 38.848828 40.300016 39.939031 40.115012 43.874016 49.909492 56.060128 61.313963 65.336463 67.917771 68.760763 67.648386 65.408724 65.154082 69.678743 77.358755 85.205772 91.884085 97.105118 100.90719 103.63564 105.84198 107.61639 108.58246 109.23611 110.51827 112.58536 115.20706 118.20256 121.49439 125.06367 128.82713 132.24436
55.257284 54.259719 53.232865 52.185417 51.134222 50.106024 49.137226 48.269622 47.540253 46.965963 46.527691 46.163173 45.774175 45.245379 44.464467 43.336037 41.797664 39.873888 37.828123 36.37135 36.456094 38.258411 40.724667 42.610548 43.327605 43.053829 42.663414 43.058064 43.975694 44.726556 46.06828 49.122278 53.593055 58.451587 62.936539 66.645834 69.340442 70.857913 71.25657 71.249789 72.40633 75.931797 81.290595 87.10959 92.46317 96.984551 100.62369 103.51622 105.83365 107.62548 108.98132 110.31258 112.04308 114.25552 116.83969 119.67275 122.64902 125.64824 128.47483 130.78302
54.077451 52.990107 51.852454 50.670117 49.460118 48.255652 47.109426 46.091669 45.277489 44.72087 44.422487 44.310773 44.254842 44.106452 43.746503 43.114686 42.223447 41.175956 40.203079 39.677081 39.963576 41.096711 42.664549 44.111263 45.08628 45.604368 46.01283 46.68676 47.68183 48.94256 50.742202 53.434751 56.95014 60.860607 64.709116 68.153475 70.970174 73.06378 74.550553 75.884885 77.795967 80.809175 84.814046 89.275326 93.67834 97.705946 101.22137 104.20602 106.68906 108.7263 110.47053 112.18731 114.10571 116.31213 118.78929 121.46757 124.23409 126.92845 129.35193 131.31507
52.868576 51.68528 50.422234 49.077061 47.661163 46.209093 44.789111 43.509151 42.506144 41.90517 41.752458 41.962937 42.335966 42.641045 42.711425 42.490748 42.032421 41.479435 41.039352 40.942742 41.363749 42.322181 43.64957 45.07169 46.355992 47.431323 48.402297 49.436759 50.646229 52.118058 54.003409 56.450448 59.457056 62.841842 66.330966 69.654943 72.613383 75.121379 77.252695 79.258106 81.494556 84.245825 87.567494 91.298127 95.184052 98.990267 102.54924 105.75786 108.55633 110.93402 112.96698 114.82301 116.70213 118.76682 121.10189 123.69878 126.45604 129.19304 131.68436 133.7284
51.644465 50.36711 48.972878 47.444612 45.778487 43.998822 42.18025 40.472315 39.105538 38.338643 38.324412 38.968346 39.932676 40.815997 41.34416 41.437074 41.175242 40.743421 40.385271 40.356983 40.855476 41.932499 43.461865 45.20431 46.92624 48.495316 49.903419 51.221348 52.549649 54.021967 55.817868 58.102848 60.923066 64.163418 67.600891 70.992911 74.146699 76.959837 79.441324 81.716583 84.00688 86.562428 89.552217 92.985842 96.736938 100.62791 104.49196 108.17835 111.52499 114.35975 116.58822 118.32186 119.87908 121.61592 123.7626 126.37984 129.38431 132.57107 135.61999 138.13423
50.419541 49.062322 47.546967 45.834135 43.892301 41.716428 39.363981 37.012167 35.013477 33.861318 33.946804 35.198263 37.020256 38.686918 39.740914 40.068822 39.786345 39.134876 38.447942 38.141362 38.609338 39.989866 42.062872 44.438 46.775322 48.869862 50.640923 52.092207 53.304797 54.494727 56.033373 58.25878 61.224389 64.712013 68.419801 72.085458 75.517001 78.58793 81.236191 83.501775 85.603449 87.919242 90.765471 94.216075 98.160155 102.44191 106.92419 111.45227 115.74459 119.31671 121.69249 122.92084 123.69541 124.7973 126.66202 129.4025 132.95406 137.11109 141.42317 145.06648
49.204097 47.79699 46.19337 44.326423 42.125841 39.535385 36.558103 33.35391 30.391465 28.519438 28.60322 30.689873 33.728341 36.432993 38.095189 38.597535 38.118995 36.960928 35.552689 34.565832 34.833899 36.692802 39.635854 42.928899 46.057656 48.737518 50.818094 52.213342 52.944342 53.379502 54.390402 56.737127 60.31509 64.507944 68.807572 72.931566 76.716878 80.02437 82.702412 84.689492 86.305942 88.284507 91.15544 94.911816 99.330884 104.25882 109.64716 115.43767 121.28481 126.18317 128.75329 128.84459 128.09025 128.1199 129.57333 132.5192 136.90697 142.63842 149.25045 155.25256
