RAINFALL_MAXIMUM_RP_5.tif
NCOLS 101
NROWS 90
XLLCORNER -81.15
YLLCORNER -4.25
DX 0.0099207921
DY 0.01
NODATA_VALUE -9999
[rows 0 to 25 of 90, columns 0 to 59 of 101]
102.29937 102.31696 102.3364 102.35769 102.38082 102.40579 102.43258 102.46118 102.49157 102.52373 102.55763 102.59326 102.63059 102.66958 102.7102 102.75241 102.79619 102.84147 102.88823 102.9364 102.98595 103.0368 103.0889 103.14219 103.19658 103.25201 103.3084 103.36564 103.42364 103.48229 103.54149 103.6011 103.661 103.72104 103.78108 103.84095 103.9005 103.95954 104.01789 104.07539 104.13183 104.18703 104.24079 104.29295 104.3433 104.39167 104.43788 104.48178 104.5232 104.56201 104.59806 104.63126 104.6615 104.68873 104.71292 104.73408 104.75229 104.7677 104.78052 104.79105
102.08734 102.10369 102.12193 102.14206 102.16407 102.18796 102.2137 102.24129 102.27071 102.30194 102.33495 102.36972 102.40623 102.44443 102.4843 102.5258 102.56889 102.61353 102.65968 102.70727 102.75627 102.80662 102.85824 102.91109 102.96508 103.02013 103.07617 103.1331 103.19081 103.2492 103.30816 103.36754 103.42722 103.48704 103.54684 103.60646 103.66572 103.72443 103.78239 103.83942 103.89529 103.94981 104.00277 104.05397 104.1032 104.15026 104.19497 104.23713 104.27658 104.31316 104.34671 104.37711 104.40423 104.428 104.44838 104.46536 104.47902 104.48952 104.49712 104.50221
101.87055 101.88558 101.90254 101.92142 101.94223 101.96495 101.98957 102.01608 102.04445 102.07466 102.1067 102.14053 102.17613 102.21346 102.2525 102.2932 102.33552 102.37943 102.42487 102.47181 102.52017 102.56992 102.62098 102.6733 102.72679 102.78139 102.837 102.89353 102.95088 103.00893 103.06757 103.12665 103.18604 103.24557 103.30508 103.36439 103.4233 103.48162 103.53912 103.5956 103.65083 103.70459 103.75664 103.80676 103.85473 103.90033 103.94335 103.98358 104.02083 104.05491 104.08566 104.11292 104.13653 104.15639 104.17242 104.18459 104.19295 104.19765 104.19898 104.19738
101.64884 101.66246 101.67806 101.69562 101.71515 101.73662 101.76003 101.78536 101.81259 101.84171 101.87268 101.90548 101.94009 101.97646 102.01457 102.05438 102.09585 102.13893 102.18358 102.22975 102.27739 102.32644 102.37684 102.42853 102.48143 102.53547 102.59055 102.6466 102.70349 102.76112 102.81935 102.87806 102.93708 102.99626 103.05541 103.11434 103.17284 103.23069 103.28767 103.34353 103.39804 103.45093 103.50196 103.55089 103.59746 103.64143 103.68256 103.72064 103.75544 103.78676 103.81439 103.83815 103.85785 103.87333 103.88447 103.89117 103.89344 103.89138 103.88525 103.87555
101.42208 101.43421 101.44835 101.4645 101.48264 101.50278 101.52489 101.54895 101.57496 101.60289 101.63271 101.66439 101.69791 101.73323 101.77032 101.80913 101.84964 101.89179 101.93554 101.98084 102.02764 102.07589 102.12552 102.17647 102.22867 102.28204 102.3365 102.39195 102.44828 102.50539 102.56313 102.62137 102.67995 102.73869 102.7974 102.85588 102.91389 102.97122 103.0276 103.08276 103.13646 103.18839 103.2383 103.28589 103.33091 103.37307 103.41212 103.44782 103.47991 103.50816 103.53235 103.55224 103.56761 103.57824 103.58393 103.58451 103.57987 103.57003 103.55519 103.53579
101.19011 101.20066 101.21325 101.22789 101.24456 101.26326 101.28398 101.30669 101.33137 101.35801 101.38658 101.41704 101.44937 101.48353 101.51949 101.55721 101.59665 101.63775 101.68049 101.72481 101.77066 101.81798 101.86671 101.9168 101.96818 102.02076 102.07446 102.1292 102.18486 102.24133 102.29848 102.35615 102.41419 102.4724 102.53059 102.58854 102.64601 102.70272 102.75843 102.81282 102.86561 102.91649 102.96515 103.01128 103.05458 103.09474 103.13149 103.16455 103.19364 103.21852 103.23891 103.25456 103.26518 103.27049 103.2702 103.26401 103.25168 103.23305 103.20816 103.17734
100.95279 100.96165 100.97259 100.98562 101.00073 101.01789 101.03711 101.05836 101.08163 101.10687 101.13408 101.16322 101.19426 101.22715 101.26187 101.29838 101.33662 101.37657 101.41817 101.46137 101.50613 101.55239 101.6001 101.64919 101.6996 101.75125 101.80407 101.85796 101.91281 101.96852 102.02495 102.08194 102.13932 102.19692 102.2545 102.31183 102.36866 102.4247 102.47965 102.53319 102.58499 102.63471 102.682 102.72652 102.76792 102.80589 102.84009 102.87023 102.89602 102.91717 102.9334 102.9444 102.94986 102.9494 102.94261 102.92907 102.90832 102.87995 102.84373 102.7997
100.70995 100.71702 100.72621 100.73752 100.75095 100.76648 100.7841 100.80379 100.82552 100.84927 100.87501 100.90271 100.93234 100.96385 100.99721 101.03237 101.0693 101.10795 101.14828 101.19023 101.23376 101.27881 101.32533 101.37327 101.42256 101.47313 101.5249 101.57778 101.63168 101.68648 101.74205 101.79823 101.85485 101.9117 101.96857 102.0252 102.08131 102.13658 102.1907 102.24331 102.29403 102.34249 102.38829 102.43104 102.47037 102.50591 102.5373 102.56422 102.58635 102.6034 102.61505 102.62098 102.62082 102.61414 102.60042 102.57902 102.54925 102.51035 102.46164 102.40272
100.46143 100.46659 100.47392 100.48341 100.49506 100.50884 100.52475 100.54276 100.56284 100.58498 100.60914 100.63529 100.66338 100.69338 100.72525 100.75895 100.79442 100.83164 100.87054 100.91108 100.95321 100.99689 101.04207 101.08868 101.13667 101.18597 101.23652 101.28823 101.341 101.39472 101.44926 101.50448 101.56019 101.61618 101.67222 101.72804 101.78333 101.83777 101.89098 101.94257 101.99213 102.03922 102.0834 102.12423 102.16129 102.19415 102.22244 102.24579 102.26387 102.27636 102.28297 102.28334 102.2771 102.26376 102.24269 102.21306 102.17386 102.12389 102.06188 101.98666
100.20706 100.2102 100.21555 100.2231 100.23285 100.24476 100.25884 100.27506 100.29339 100.31379 100.33625 100.36071 100.38714 100.4155 100.44575 100.47783 100.5117 100.54732 100.58464 100.6236 100.66417 100.7063 100.74993 100.79502 100.84151 100.88935 100.93847 100.98879 101.04023 101.09268 101.14602 101.2001 101.25473 101.30972 101.3648 101.4197 101.47408 101.52758 101.57981 101.63031 101.67862 101.72424 101.76668 101.80544 101.84001 101.86994 101.89479 101.91417 101.92773 101.93515 101.93614 101.93039 101.91753 101.89705 101.86825 101.83012 101.78134 101.72017 101.64453 101.55221
99.946661 99.947664 99.950912 99.9564 99.964119 99.974052 99.98618 100.00048 100.01692 100.03547 100.05609 100.07874 100.10337 100.12995 100.15842 100.18874 100.22085 100.25471 100.29027 100.32747 100.36628 100.40665 100.44853 100.49188 100.53665 100.58279 100.63025 100.67895 100.72883 100.77979 100.83171 100.88444 100.93782 100.99162 101.04559 101.09944 101.1528 101.20529 101.25645 101.30579 101.35277 101.39685 101.43744 101.47396 101.50584 101.53254 101.55358 101.56853 101.57701 101.57872 101.57341 101.56083 101.54066 101.51246 101.47553 101.42876 101.37051 101.29848 101.20967 101.10044
99.680051 99.678784 99.679803 99.683101 99.688668 99.696487 99.706536 99.718788 99.733211 99.749768 99.768418 99.789116 99.811815 99.836464 99.86301 99.891401 99.921582 99.953503 99.98711 100.02236 100.0592 100.09758 100.13748 100.17884 100.22163 100.26582 100.31134 100.35816 100.40621 100.45541 100.50565 100.5568 100.6087 100.66112 100.71381 100.76646 100.81869 100.87006 100.92008 100.9682 101.01381 101.05626 101.0949 101.12904 101.15801 101.18119 101.19801 101.20798 101.21073 101.20595 101.19346 101.17311 101.14473 101.10804 101.06244 101.00686 100.93949 100.85751 100.75692 100.63241
99.407043 99.40337 99.402024 99.402998 99.40628 99.41185 99.419685 99.429755 99.442024 99.456451 99.472991 99.491593 99.512204 99.534767 99.559225 99.585518 99.613588 99.643379 99.674834 99.707904 99.742541 99.778702 99.816352 99.855456 99.895984 99.937909 99.9812 100.02582 100.07173 100.11886 100.16712 100.21641 100.26656 100.31737 100.36858 100.41986 100.47082 100.52098 100.56979 100.61664 100.66083 100.70163 100.73824 100.76988 100.79574 100.81508 100.82723 100.83163 100.82785 100.81561 100.79481 100.76545 100.72761 100.68128 100.62617 100.56144 100.48535 100.39479 100.28487 100.14855
99.127439 99.121218 99.117366 99.115874 99.116729 99.11991 99.125391 99.133137 99.14311 99.155262 99.169544 99.185898 99.204265 99.22458 99.246779 99.270795 99.296563 99.324019 99.353104 99.383762 99.415945 99.449612 99.484727 99.521265 99.559206 99.598534 99.639236 99.681298 99.724697 99.769394 99.815331 99.862414 99.910509 99.959424 100.0089 100.05862 100.10815 100.157 100.20454 100.2501 100.29287 100.332 100.36657 100.39562 100.4182 100.43341 100.44042 100.43856 100.42733 100.40644 100.37589 100.33588 100.2868 100.22911 100.16304 100.08832 100.00365 99.906056 99.790179 99.647451
98.841036 98.832118 98.825609 98.821502 98.819783 98.820427 98.823406 98.828681 98.836209 98.845937 98.857807 98.871756 98.887716 98.905614 98.925376 98.946926 98.97019 98.995096 99.021577 99.049572 99.079028 99.109904 99.142167 99.175797 99.210785 99.24713 99.28484 99.323924 99.364388 99.406227 99.449414 99.49389 99.539551 99.58623 99.633689 99.681599 99.72953 99.776937 99.82316 99.867414 99.908802 99.946318 99.978874 100.00533 100.02453 100.03535 100.03676 100.02791 100.00817 99.977212 99.935091 99.882241 99.819465 99.747821 99.668387 99.581857 99.487926 99.384441 99.266306 99.124203
98.547624 98.535848 98.526526 98.519648 98.515198 98.513151 98.513474 98.516124 98.521052 98.528199 98.5375 98.548882 98.562267 98.577572 98.594712 98.6136 98.634149 98.656277 98.679906 98.704968 98.731403 98.759166 98.788226 98.818567 98.850191 98.883115 98.917368 98.95299 98.99002 99.028495 99.06843 99.109813 99.152582 99.196611 99.241687 99.287498 99.333609 99.379446 99.42429 99.467267 99.507352 99.543375 99.574051 99.598001 99.613808 99.620068 99.615474 99.598896 99.56949 99.526806 99.470892 99.402387 99.322549 99.23321 99.136572 99.034793 98.929285 98.819653 98.702237 98.568283
98.246981 98.232181 98.219879 98.210065 98.202722 98.197822 98.195327 98.195191 98.197359 98.201763 98.208331 98.216978 98.227615 98.240148 98.254476 98.270498 98.288114 98.307226 98.327743 98.349584 98.372681 98.396982 98.422453 98.449084 98.476885 98.50589 98.536154 98.567751 98.600762 98.635273 98.671356 98.709058 98.748377 98.789242 98.831489 98.874835 98.918854 98.962956 99.006366 99.048115 99.08704 99.121785 99.150826 99.172501 99.185063 99.186747 99.175858 99.150883 99.110627 99.054371 98.982039 98.89437 98.793052 98.680773 98.561128 98.438261 98.316139 98.197334 98.081203 97.961463
97.938879 97.920877 97.90542 97.892497 97.882088 97.874164 97.868683 97.865595 97.864835 97.86633 97.869995 97.875736 97.88345 97.893025 97.904346 97.917295 97.931751 97.9476 97.964733 97.983051 98.002473 98.022935 98.044399 98.066853 98.090317 98.114841 98.140508 98.167427 98.195733 98.225569 98.25708 98.290387 98.32557 98.362636 98.401491 98.441908 98.48349 98.525643 98.56755 98.608148 98.646124 98.679913 98.707717 98.727535 98.737216 98.734533 98.717283 98.683418 98.631213 98.559472 98.467779 98.356767 98.228392 98.08616 97.935208 97.782125 97.634327 97.49877 97.379815 97.276155
97.623078 97.601688 97.582889 97.566673 97.553017 97.541891 97.533248 97.527032 97.523173 97.521586 97.522176 97.524835 97.529444 97.535876 97.543993 97.553657 97.564725 97.577058 97.590525 97.605005 97.620395 97.636616 97.653618 97.671385 97.68994 97.709349 97.729723 97.751212 97.774008 97.798326 97.824397 97.85244 97.882641 97.915114 97.949868 97.986758 98.025449 98.06537 98.105674 98.145215 98.182524 98.215808 98.242957 98.261574 98.269025 98.262512 98.239182 98.196264 98.131273 98.042259 97.928136 97.789079 97.626972 97.445868 97.252373 97.05579 96.867779 96.701218 96.567863 96.474553
97.299331 97.274352 97.252015 97.23231 97.215217 97.2007 97.18871 97.179185 97.172046 97.1672 97.164538 97.163937 97.165261 97.16836 97.173076 97.179243 97.186692 97.195254 97.204767 97.215082 97.226069 97.237624 97.249676 97.262199 97.275215 97.288799 97.303088 97.318279 97.334623 97.352422 97.37201 97.393729 97.417901 97.444785 97.474529 97.507119 97.542317 97.579611 97.618155 97.656734 97.693728 97.727097 97.754389 97.772754 97.778993 97.769625 97.740986 97.689378 97.611276 97.503617 97.364202 97.192215 96.988879 96.758213 96.507837 96.249633 95.999994 95.779172 95.609067 95.508754
96.967375 96.938596 96.912511 96.889112 96.868378 96.850272 96.83474 96.821715 96.811111 96.802822 96.796727 96.792686 96.790542 96.790122 96.791241 96.793702 96.797302 96.801838 96.80711 96.81293 96.81913 96.825572 96.832158 96.838837 96.845621 96.852589 96.859899 96.867791 96.876586 96.886679 96.898529 96.912629 96.929474 96.949511 96.973084 97.00036 97.031257 97.065372 97.101902 97.139589 97.176673 97.210865 97.239336 97.258738 97.265228 97.254529 97.222013 97.162831 97.072108 96.945251 96.778382 96.568975 96.316712 96.024584 95.700213 95.357267 95.016675 94.707054 94.463333 94.322115
96.626941 96.594134 96.564078 96.536765 96.512174 96.490267 96.470989 96.454265 96.440001 96.428081 96.418369 96.410705 96.404912 96.400788 96.398118 96.396669 96.396199 96.39646 96.397206 96.3982 96.399226 96.400098 96.400674 96.40087 96.400671 96.400149 96.399475 96.398926 96.398893 96.399878 96.402481 96.407378 96.415282 96.426886 96.442791 96.463422 96.488928 96.519083 96.553187 96.589985 96.627599 96.663489 96.694433 96.716537 96.725251 96.715405 96.681264 96.616618 96.514938 96.369639 96.174519 95.92445 95.616396 95.25085 94.833738 94.378759 93.909984 93.464185 93.091652 92.852972
96.277743 96.240666 96.206399 96.174937 96.146259 96.120328 96.097086 96.076452 96.058326 96.04258 96.029061 96.017593 96.007969 95.999962 95.993319 95.987766 95.983014 95.978763 95.97471 95.970557 95.966025 95.960865 95.954874 95.947913 95.939927 95.93096 95.92118 95.910893 95.900554 95.890776 95.882323 95.876084 95.873041 95.874201 95.880508 95.89274 95.911377 95.936469 95.967503 96.003288 96.041864 96.08045 96.115416 96.142287 96.155753 96.14968 96.117124 96.05035 95.940902 95.779775 95.557771 95.266161 94.897779 94.448714 93.920758 93.324733 92.684755 92.043261 91.465975 91.043794
95.919485 95.877878 95.839143 95.803278 95.770267 95.740071 95.712633 95.687868 95.665666 95.645891 95.628373 95.612915 95.599284 95.58722 95.576429 95.566592 95.557363 95.548383 95.539277 95.529675 95.519216 95.507569 95.494449 95.479641 95.463018 95.444576 95.424455 95.402968 95.380625 95.358146 95.33647 95.316738 95.300254 95.288421 95.282635 95.284151 95.293918 95.312395 95.339373 95.373813 95.413724 95.456098 95.496878 95.530979 95.55229 95.553682 95.526955 95.462771 95.350582 95.178627 94.934118 94.603747 94.174713 93.636522 92.983844 92.220724 91.366441 90.46339 89.587711 88.862196
95.551856 95.505439 95.461958 95.421419 95.383807 95.349089 95.317206 95.288072 95.26157 95.237553 95.215838 95.196203 95.178391 95.162103 95.147003 95.132718 95.118842 95.10494 95.090559 95.075235 95.05851 95.039946 95.019149 94.995796 94.969661 94.940652 94.908847 94.874535 94.838253 94.800815 94.763341 94.727247 94.694224 94.666167 94.645057 94.632791 94.630974 94.640661 94.662112 94.694562 94.736057 94.783368 94.831984 94.876156 94.908946 94.922227 94.906586 94.851132 94.743226 94.568225 94.309366 93.94797 93.464233 92.838935 92.056531 91.110104 90.008562 88.786401 87.518084 86.345025
95.174534 95.123003 95.074476 95.028966 94.986466 94.946946 94.91035 94.876591 94.845549 94.817066 94.790946 94.766946 94.74478 94.724111 94.704555 94.685682 94.667015 94.648036 94.628197 94.606924 94.583637 94.557768 94.528783 94.496211 94.459684 94.418977 94.374057 94.325138 94.27274 94.217739 94.161418 94.105489 94.052088 94.003708 93.963082 93.932971 93.915886 93.913746 93.927518 93.956885 94.000014 94.053447 94.112139 94.169585 94.217958 94.248163 94.249714 94.210393 94.115728 93.948374 93.687568 93.308872 92.784518 92.08483 91.181393 90.052885 88.694133 87.127401 85.413794 83.676931
