RAINFALL_MEAN_RP_50.tif
NCOLS 101
NROWS 90
XLLCORNER -81.15
YLLCORNER -4.25
DX 0.0099207921
DY 0.01
NODATA_VALUE -9999
[rows 26 to 51 of 90, columns 0 to 59 of 101]
188.62469 188.50796 188.39405 188.28276 188.17386 188.06706 187.962 187.85827 187.75538 187.65277 187.54978 187.44567 187.33959 187.23059 187.11764 186.99956 186.87513 186.74299 186.60172 186.44985 186.28588 186.10831 185.91573 185.70684 185.48057 185.23619 184.97341 184.69255 184.39473 184.08199 183.75753 183.42577 183.09244 182.76441 182.44945 182.1556 181.89028 181.65924 181.46522 181.30685 181.17774 181.06605 180.95462 180.82143 180.63999 180.37943 180.0036 179.46934 178.72365 177.70027 176.31608 174.46818 172.0327 168.86732 164.82129 159.75907 153.60496 146.40456 138.35469 129.72025
187.90478 187.77821 187.65447 187.53338 187.4147 187.29813 187.18329 187.06976 186.95702 186.84445 186.73136 186.61691 186.50018 186.3801 186.2555 186.12504 185.98729 185.84065 185.68342 185.51382 185.32996 185.12993 184.91184 184.67389 184.41446 184.13225 183.82642 183.4968 183.1441 182.77022 182.37848 181.9739 181.56341 181.15582 180.76161 180.39228 180.05924 179.7723 179.53776 179.35665 179.22333 179.12495 179.04187 178.9488 178.81611 178.61048 178.29427 177.82317 177.14222 176.18058 174.84575 173.01832 170.54817 167.25431 162.93292 157.38388 150.47547 142.27043 133.17842 123.8195
187.1694 187.03258 186.89863 186.76737 186.63855 186.51188 186.38697 186.26339 186.14057 186.01788 185.89455 185.7697 185.64231 185.5112 185.37504 185.23233 185.08141 184.92044 184.7474 184.56012 184.3563 184.13354 183.88938 183.62136 183.32717 183.00474 182.65243 182.26928 181.8553 181.41185 180.94206 180.45129 179.94755 179.44177 178.94775 178.48156 178.06021 177.69952 177.41133 177.20059 177.06304 176.98429 176.94079 176.90222 176.83442 176.70153 176.46591 176.08542 175.50779 174.66312 173.45545 171.75491 169.39149 166.15191 161.78337 156.01501 148.62488 139.61144 129.56178 120.17796
186.41805 186.27053 186.12594 185.9841 185.84476 185.70762 185.57232 185.43839 185.30526 185.17226 185.03859 184.90329 184.76525 184.6232 184.47566 184.32095 184.15717 183.9822 183.79369 183.58907 183.36554 183.12013 182.84969 182.55103 182.22091 181.85627 181.45437 181.0131 180.5313 180.00928 179.4494 178.85684 178.24031 177.61283 176.99201 176.39981 175.86106 175.4006 175.03904 174.78789 174.64539 174.59471 174.60557 174.63895 174.65314 174.60857 174.46928 174.19973 173.75713 173.08048 172.07864 170.61971 168.5232 165.55561 161.43015 155.81579 148.37393 138.86538 127.41577 115.25907
185.65017 185.49148 185.33578 185.18289 185.0326 184.8846 184.73854 184.59394 184.45023 184.30672 184.16257 184.01678 183.86815 183.71531 183.55663 183.39026 183.21406 183.02563 182.82225 182.60091 182.35827 182.09071 181.79433 181.46498 181.09837 180.69017 180.23621 179.73273 179.17684 178.56706 177.90415 177.19213 176.43958 175.66104 174.87818 174.12019 173.42268 172.82406 172.35915 172.05086 171.90227 171.89264 171.97986 172.10916 172.22493 172.28074 172.24372 172.09114 171.79948 171.32813 170.60174 169.49595 167.82968 165.36395 161.8042 156.80428 149.97759 140.93743 129.44711 116.30076
184.86519 184.6948 184.52747 184.36304 184.2013 184.04199 183.88474 183.7291 183.57451 183.42026 183.26548 183.10913 182.94998 182.78652 182.61702 182.43944 182.25143 182.05026 181.83287 181.59575 181.33502 181.04632 180.72489 180.36554 179.96271 179.51052 179.00298 178.43421 177.79882 177.0926 176.31346 175.46281 174.54747 173.58208 172.59167 171.61371 170.6982 169.90389 169.28904 168.89705 168.74108 168.79464 168.9946 169.25719 169.50053 169.66438 169.71973 169.66539 169.512 169.2567 168.85507 168.19989 167.11484 165.36377 162.6683 158.7257 153.2321 145.95394 137.01913 128.00549
184.06253 183.87986 183.70031 183.52376 183.35004 183.17888 183.00997 182.84286 182.67701 182.51172 182.34612 182.17914 182.0095 181.83563 181.65567 181.46743 181.26832 181.05535 180.82505 180.57347 180.29609 179.98782 179.64296 179.25514 178.81735 178.32196 177.76076 177.12515 176.40649 175.59666 174.68907 173.68038 172.57295 171.3786 170.12333 168.85241 167.63385 166.55628 165.7169 165.19718 165.03219 165.18819 165.56474 166.02432 166.4357 166.71108 166.82458 166.80906 166.73297 166.65991 166.6003 166.4739 166.10352 165.2446 163.63399 161.03775 157.2998 152.43793 146.9036 142.10704
183.24157 183.04597 182.85356 182.66426 182.47792 182.29432 182.11317 181.93408 181.75652 181.57982 181.40313 181.22538 181.04527 180.86117 180.67114 180.47284 180.26349 180.03982 179.798 179.5336 179.24149 178.91582 178.54987 178.13607 177.66583 177.12952 176.51641 175.81467 175.01157 174.09378 173.04832 171.86418 170.53529 169.06551 167.47624 165.81657 164.17387 162.6785 161.49188 160.76744 160.589 160.91716 161.58484 162.35448 163.00336 163.39158 163.49274 163.39106 163.25037 163.25179 163.5057 163.97347 164.45262 164.64339 164.25459 163.09269 161.12078 158.52106 155.80426 153.92294
182.40167 182.19243 181.98645 181.78367 181.584 181.38726 181.19321 181.00151 180.81168 180.6231 180.43497 180.24623 180.05559 179.86141 179.66168 179.45395 179.23529 179.00217 178.75044 178.4752 178.17074 177.83042 177.44657 177.01031 176.51145 175.93825 175.27722 174.51292 173.62782 172.60221 171.41467 170.04318 168.46795 166.67707 164.67694 162.50943 160.27534 158.1569 156.41766 155.34732 155.13966 155.76173 156.92554 158.20557 159.21364 159.71847 159.68487 159.26827 158.78392 158.62399 159.09504 160.23492 161.75839 163.20163 164.14685 164.37217 163.89752 162.98403 162.12518 161.99918
181.54221 181.31853 181.09817 180.88111 180.66729 180.45661 180.24887 180.04381 179.84103 179.63997 179.43989 179.23982 179.03848 178.83427 178.62515 178.40862 178.18162 177.94041 177.68056 177.39675 177.08272 176.7311 176.33328 175.87915 175.3569 174.75269 174.05024 173.23034 172.27024 171.14306 169.81726 168.25663 166.42181 164.27496 161.79141 158.98351 155.94313 152.9004 150.26771 148.58717 148.29956 149.42227 151.44136 153.57388 155.14426 155.77923 155.42153 154.30726 152.96934 152.17794 152.65514 154.61359 157.55697 160.62168 163.08925 164.62698 165.2649 165.30873 165.28264 165.86758
180.66252 180.42356 180.18793 179.95566 179.72677 179.5012 179.27886 179.05954 178.84295 178.62863 178.41595 178.20402 177.99167 177.77733 177.55903 177.33424 177.09983 176.85194 176.58587 176.29598 175.97551 175.61645 175.20929 174.74283 174.20376 173.57627 172.84146 171.97649 170.95355 169.73843 168.2888 166.55232 164.46535 161.95407 158.94285 155.37997 151.29877 146.93427 142.87643 140.1041 139.59846 141.55621 145.02803 148.54918 150.98146 151.77624 150.84191 148.45753 145.3961 143.06947 143.12242 146.22674 151.36417 156.74962 161.09544 163.91828 165.25828 165.43784 165.04661 165.07148
179.76197 179.50677 179.25488 179.0064 178.76137 178.51984 178.2818 178.04715 177.8157 177.58715 177.36098 177.13646 176.91253 176.68778 176.46031 176.22766 175.98668 175.73345 175.46312 175.16977 174.84623 174.48395 174.07269 173.60024 173.05204 172.41061 171.65479 170.75867 169.69006 168.40832 166.86127 164.98101 162.67867 159.83917 156.32028 151.96867 146.68496 140.60109 134.42829 129.79338 128.76504 132.03992 137.83251 143.43173 147.06167 148.0555 146.29415 141.95726 135.8878 130.41429 129.19656 134.15047 142.94752 151.77353 158.49065 162.6088 164.26229 163.69223 161.37217 158.79811
178.83995 178.56747 178.29824 178.03238 177.77003 177.5113 177.25628 177.00501 176.75744 176.51342 176.27261 176.03447 175.79815 175.5624 175.32551 175.08515 174.83825 174.5809 174.30818 174.01399 173.69088 173.32985 172.92006 172.44854 171.89973 171.25487 170.49112 169.58036 168.48733 167.16684 165.55972 163.58651 161.13834 158.06432 154.15718 149.14784 142.74698 134.84372 126.07551 118.76955 116.76951 121.83659 130.76338 138.91263 143.87801 145.08322 142.42252 135.74347 125.45475 114.69134 110.85426 118.82651 133.27902 146.62282 155.97408 161.29932 162.98136 160.98671 155.07779 146.80061
177.89585 177.60498 177.31721 177.03271 176.75169 176.47435 176.20088 175.93147 175.66622 175.40519 175.14827 174.89514 174.64522 174.39754 174.15062 173.90236 173.64988 173.38937 173.11595 172.82344 172.50421 172.14894 171.74637 171.28297 170.74248 170.10529 169.34758 168.44006 167.346 166.01841 164.39544 162.39323 159.89462 156.7317 152.66106 147.3372 140.31816 131.23408 120.47616 110.76529 107.71478 114.39387 126.02001 136.10701 141.97355 143.31903 140.08862 131.73206 117.83332 101.56769 94.545757 105.93424 126.09198 143.23895 154.50909 160.65256 162.31397 159.09616 149.61743 134.27788
176.92912 176.61866 176.31105 176.00652 175.70533 175.40777 175.11416 174.82482 174.54005 174.26013 173.98522 173.71531 173.45014 173.1891 172.93107 172.67426 172.41611 172.15303 171.88027 171.59169 171.27959 170.93447 170.5448 170.09666 169.57339 168.95495 168.21717 167.33058 166.25868 164.95541 163.36103 161.3957 158.94902 155.86329 151.90854 146.75251 139.955 131.1118 120.51993 110.81627 107.73696 114.47376 126.04904 135.94895 141.66122 142.98928 139.9005 131.80486 118.12535 101.78551 94.62191 106.23065 126.48908 143.55431 154.82169 161.09695 162.95354 159.89471 150.41813 134.77038
175.93927 175.60793 175.27909 174.95301 174.63 174.31043 173.99473 173.68339 173.37691 173.07581 172.78058 172.49158 172.20896 171.93256 171.66172 171.39514 171.13065 170.86505 170.59384 170.31103 170.00897 169.67809 169.30667 168.88061 168.38303 167.7938 167.08887 166.23934 165.21016 163.95829 162.42982 160.55573 158.24506 155.37436 151.77298 147.20913 141.40483 134.18059 125.97995 118.93395 116.97959 121.99398 130.57053 138.1665 142.72916 143.89383 141.60243 135.62522 126.07759 115.65008 111.84689 119.92984 134.22741 147.32184 156.7684 162.5709 164.89589 163.45072 157.77671 149.33913
174.92586 174.5723 174.22074 173.87148 173.52484 173.18128 172.84132 172.50559 172.17482 171.84982 171.53141 171.2204 170.91744 170.62295 170.33687 170.05851 169.7863 169.51754 169.24814 168.97241 168.6828 168.36975 168.02147 167.62375 167.15961 166.60901 165.94825 165.14935 164.17922 162.99858 161.56081 159.81036 157.68093 155.09338 151.95493 148.16561 143.65336 138.49414 133.21047 129.17446 128.31747 131.31933 136.46158 141.3231 144.47467 145.43492 144.1272 140.66795 135.66345 131.03444 130.16615 134.98977 143.4069 152.12079 159.35675 164.53811 167.45501 167.98815 166.38197 164.14992
173.88855 173.51137 173.13555 172.76137 172.38917 172.01943 171.65277 171.28996 170.93193 170.57978 170.23474 169.8981 169.57113 169.25494 168.95024 168.65715 168.3749 168.10147 167.83337 167.56529 167.28991 166.99773 166.67688 166.31303 165.88919 165.38539 164.77831 164.04079 163.14138 162.04391 160.70769 159.08834 157.14021 154.8215 152.10411 148.99257 145.56059 142.01899 138.81725 136.69109 136.40143 138.0976 141.00774 143.96788 146.07624 146.88313 146.31411 144.61596 142.42563 140.8734 141.31803 144.43151 149.61392 155.63241 161.42293 166.28219 169.80631 171.88794 172.84212 173.57668
172.82709 172.42486 172.02318 171.62228 171.22246 170.82421 170.42819 170.03528 169.6466 169.26354 168.88773 168.52103 168.16542 167.82284 167.495 167.18305 166.88725 166.60657 166.33826 166.07759 165.81751 165.54855 165.25874 164.93357 164.55591 164.10583 163.56023 162.89242 162.07168 161.06317 159.82863 158.32844 156.52635 154.39829 151.94748 149.22788 146.37584 143.64187 141.39832 140.07755 140.00349 141.17182 143.16202 145.29899 146.9389 147.68124 147.44784 146.48252 145.31704 144.68196 145.30471 147.62418 151.59263 156.69495 162.15893 167.23689 171.4212 174.54495 176.79492 178.6145
171.74131 171.31262 170.88347 170.45399 170.02443 169.59522 169.16698 168.74067 168.31753 167.89921 167.48777 167.08566 166.69566 166.32074 165.96382 165.62739 165.31309 165.02118 164.74999 164.4955 164.25098 164.00695 163.75113 163.46866 163.14214 162.75153 162.27383 161.68242 160.94638 160.03 158.89305 157.49248 155.78678 153.7445 151.35925 148.67403 145.81592 143.03513 140.72381 139.35975 139.31769 140.60671 142.76671 145.06514 146.81906 147.60893 147.33988 146.22311 144.73459 143.55882 143.50474 145.32459 149.30892 154.95276 161.2303 167.1673 172.15696 175.99861 178.81758 180.90566
170.63116 170.17462 169.71642 169.25654 168.7951 168.33238 167.86893 167.40566 166.94388 166.48542 166.03271 165.58881 165.1574 164.74264 164.34895 163.98055 163.64094 163.33213 163.05391 162.80324 162.57375 162.35574 162.13631 161.89989 161.62851 161.30198 160.89741 160.38823 159.74283 158.92305 157.88298 156.56878 154.92 152.87368 150.37351 147.38969 143.96166 140.28571 136.8567 134.55472 134.33452 136.41125 139.86675 143.33503 145.80339 146.79351 146.21892 144.27409 141.44129 138.56011 136.88743 138.04157 142.95623 150.54614 158.78686 166.22458 172.18833 176.52285 179.40772 181.28243
169.49667 169.01097 168.52222 168.03019 167.53477 167.03603 166.53432 166.03039 165.52547 165.02147 164.52108 164.02793 163.54662 163.0827 162.64239 162.23217 161.85802 161.5244 161.23321 160.98272 160.76698 160.5757 160.39476 160.20717 159.99399 159.73476 159.40708 158.98514 158.43723 157.72263 156.78822 155.56516 153.96539 151.87778 149.1647 145.66511 141.22904 135.85654 130.07688 125.52216 124.65717 128.41301 134.65177 140.45804 144.25834 145.63369 144.61345 141.40228 136.52326 131.10749 126.81924 126.59648 133.39667 144.43207 155.59772 164.94665 171.91722 176.46052 178.78853 179.64553
168.33796 167.82192 167.30125 166.77545 166.2441 165.70694 165.164 164.61567 164.06296 163.50762 162.95243 162.40145 161.86016 161.33558 160.83615 160.37122 159.95012 159.58087 159.2684 159.013 158.80915 158.64538 158.50524 158.36908 158.21606 158.02533 157.77583 157.44417 157.00074 156.40437 155.59627 154.49311 152.97844 150.88993 147.99926 143.98533 138.42528 130.91939 121.71121 113.25476 110.8962 117.41533 128.11624 137.26419 142.79069 144.68008 143.23811 138.67615 131.52262 123.60384 117.16729 114.3606 124.18214 139.19319 153.15536 164.15164 171.85637 176.22671 177.17248 175.38526
167.15517 166.60777 166.05401 165.49306 164.92408 164.34638 163.75944 163.16317 162.55804 161.94538 161.32775 160.70932 160.09627 159.49711 158.92279 158.38629 157.9016 157.48182 157.13661 156.86941 156.67537 156.54086 156.44509 156.36347 156.27144 156.14729 155.97259 155.72941 155.39447 154.93102 154.27939 153.34696 151.99619 150.02653 147.14266 142.90136 136.64905 127.57094 115.38745 102.91908 98.683184 108.07547 123.17573 135.23838 142.1439 144.47648 142.83584 137.38538 128.38546 117.85852 112.65774 112.54012 122.68941 138.37382 153.08612 164.59984 172.46858 176.40782 175.66804 170.08865
165.94845 165.36888 164.78114 164.18396 163.57603 162.95604 162.32282 161.67546 161.01362 160.33781 159.64988 158.95363 158.25546 157.56514 156.89626 156.26627 155.69546 155.20448 154.81047 154.52225 154.33631 154.23534 154.19079 154.16884 154.13771 154.0735 153.96205 153.7956 153.56427 153.24376 152.78147 152.08355 151.00283 149.32326 146.73152 142.76536 136.74764 127.82475 115.65564 103.04586 98.732748 108.31328 123.64781 135.86292 142.89043 145.36611 143.91253 138.66878 129.72648 118.7011 113.15418 119.41372 129.29292 142.68345 155.86896 166.57141 174.02698 177.68732 176.58422 170.47394
164.71789 164.10559 163.48326 162.84919 162.20146 161.53805 160.85689 160.15606 159.43397 158.68982 157.9241 157.13944 156.34164 155.54097 154.75342 154.00157 153.31403 152.72266 152.25677 151.93482 151.75643 151.69853 151.71892 151.76681 151.79656 151.77887 151.70564 151.58624 151.4353 151.2536 151.00684 150.60824 149.90928 148.69606 146.68182 143.48771 138.62954 131.62652 122.6228 114.08372 111.70222 118.54963 129.68233 139.1809 145.0374 147.32761 146.4183 142.52328 136.04921 128.87761 125.89884 130.24191 139.02627 149.84012 160.60609 169.78122 176.54561 180.32243 180.58752 177.91291
