RAINFALL_MAXIMUM_RP_100.tif
NCOLS 101
NROWS 90
XLLCORNER -81.15
YLLCORNER -4.25
DX 0.0099207921
DY 0.01
NODATA_VALUE -9999
[rows 52 to 77 of 90, columns 0 to 59 of 101]
223.6002 222.88603 222.16773 221.44354 220.71135 219.96877 219.21316 218.44173 217.65171 216.84068 216.0071 215.15113 214.27585 213.389 212.50506 211.64725 210.84836 210.14858 209.58825 209.19558 208.97255 208.88678 208.87612 208.86631 208.79446 208.62872 208.37789 208.08782 207.823 207.63357 207.51526 207.37846 207.04261 206.25735 204.73536 202.18287 198.34526 193.15527 187.16435 182.24818 181.34557 185.59863 192.49441 198.68219 202.43783 203.36971 201.60335 197.49563 191.87699 186.71594 185.1913 189.28702 198.02077 209.27381 221.0515 231.81684 240.5593 246.65939 249.93528 251.28503
221.89939 221.14717 220.39002 219.6258 218.8519 218.06524 217.26226 216.43897 215.59102 214.71397 213.80377 212.85755 211.8751 210.8612 209.82896 208.80404 207.82835 206.96014 206.26578 205.7998 205.57738 205.5543 205.63135 205.68568 205.61315 205.36262 204.95409 204.47897 204.0786 203.89375 203.99153 204.30323 204.61729 204.63832 204.07609 202.72328 200.51973 197.64221 194.65429 192.60633 192.6748 195.1824 199.11051 202.91409 205.47079 206.29911 205.41199 203.21213 200.51478 198.59375 198.93132 202.46245 209.03201 217.69047 227.21731 236.46418 244.55146 250.969 255.68913 259.35299
220.15899 219.36842 218.57247 217.76868 216.95399 216.12465 215.27623 214.40348 213.50041 212.56029 211.57598 210.54059 209.44887 208.29986 207.10153 205.8779 204.67786 203.58165 202.69533 202.12148 201.90644 201.99274 202.2195 202.38014 202.29914 201.88734 201.16989 200.29684 199.52955 199.17177 199.43111 200.27519 201.40458 202.38308 202.82404 202.5188 201.48956 200.00611 198.57618 197.85296 198.38379 200.26774 203.0141 205.78212 207.78341 208.55358 208.04032 206.60091 204.97115 204.1707 205.24347 208.83706 214.90858 222.81167 231.60489 240.34201 248.27914 255.00695 260.52831 265.26693
218.37661 217.54741 216.71283 215.87018 215.01603 214.1461 213.25516 212.3369 211.3837 210.38662 209.33525 208.21806 207.02326 205.7412 204.36958 202.92337 201.45095 200.05338 198.89177 198.15252 197.95066 198.21993 198.69764 199.03749 198.95026 198.28215 197.04413 195.44317 193.91222 193.04863 193.35542 194.88416 197.13047 199.33226 200.86387 201.42501 201.04405 200.03326 198.94473 198.46666 199.17452 201.1951 204.06259 206.94469 209.03269 209.80644 209.11739 207.19404 204.69373 202.86834 203.50456 207.79047 215.19871 224.32586 233.9481 243.18995 251.46859 258.49947 264.32997 269.33839
216.54918 215.68095 214.80788 213.92715 213.03509 212.12709 211.19734 210.23869 209.24232 208.19743 207.0908 205.90649 204.62582 203.22859 201.69731 200.02819 198.25432 196.48448 194.9426 193.948 193.75493 194.30729 195.17704 195.79621 195.7164 194.69256 192.67941 189.8915 186.95912 184.98894 185.12677 187.64425 191.5771 195.48087 198.30345 199.59796 199.35819 197.89891 195.91031 194.54444 195.07955 197.95176 202.233 206.40031 209.26578 210.18938 208.91567 205.45321 200.21466 194.83397 193.48686 199.59409 210.61901 222.89008 234.65756 245.19356 254.14943 261.38607 267.00588 271.49681
214.67283 213.76492 212.85327 211.93507 211.00664 210.06317 209.0986 208.10535 207.07393 205.99252 204.84624 203.61622 202.27855 200.80357 199.15745 197.31046 195.26242 193.10099 191.09462 189.73701 189.52656 190.46226 191.86301 192.84588 192.78516 191.33867 188.33763 183.86379 178.65178 174.58738 174.17189 178.23894 184.80245 191.09908 195.49125 197.44211 196.90185 194.05134 189.60899 185.60181 185.24875 190.01989 197.54406 204.44396 208.87487 210.2288 208.2911 202.90171 194.10148 183.15449 177.80919 187.70543 204.06559 220.32691 234.77989 246.91436 256.59351 263.74209 268.37326 271.1115
212.74285 211.79413 210.84337 209.88793 208.92424 207.94758 206.9519 205.92963 204.87129 203.76508 202.59615 201.34539 199.98762 198.48928 196.80652 194.88791 192.6939 190.26134 187.84957 186.10303 185.83701 187.16482 189.09165 190.39509 190.33011 188.4899 184.51926 178.16048 169.94829 162.64086 161.15002 167.5072 177.72153 186.93272 193.00601 195.53795 194.45513 189.55666 181.0969 171.99182 169.45609 177.71336 190.87269 201.93401 208.55401 210.65123 208.35618 201.63087 190.8832 178.03154 170.43973 182.28165 200.43693 219.14126 235.66463 249.06936 259.18687 265.78545 268.36803 267.25561
210.75361 209.76232 208.77125 207.77808 206.77953 205.77114 204.74715 203.70031 202.6217 201.50055 200.32374 199.07497 197.73318 196.26992 194.6457 192.80797 190.70085 188.3178 185.85877 183.98199 183.6766 185.15314 187.23642 188.5695 188.42322 186.37392 181.89406 174.33293 163.75056 153.36344 150.69622 159.30503 172.76917 184.25203 191.53146 194.49056 193.03557 186.49308 174.25421 159.42622 153.99197 166.36888 185.61366 200.62135 209.21049 212.144 209.99934 202.92384 191.65496 179.45331 173.74951 183.44155 201.39541 221.01325 238.38417 252.25497 262.33046 268.07372 268.12919 261.5793
208.6986 207.66211 206.6286 205.59624 204.56217 203.52235 202.47137 201.40248 200.30752 199.17718 198.00106 196.76787 195.46507 194.07785 192.58699 190.96656 189.18802 187.25296 185.30547 183.83315 183.59323 184.73479 186.31052 187.24951 186.95663 185.01964 180.87273 173.77662 163.60452 153.37128 150.7091 159.33869 172.74468 184.17859 191.5342 194.68393 193.45596 187.06996 174.78729 159.67297 154.09239 166.90097 186.83729 202.48283 211.64698 215.16514 213.68763 207.34542 196.33867 182.15529 174.42464 187.17791 207.15796 226.6108 243.40668 256.78131 266.39598 271.56778 270.77574 262.94072
206.5704 205.48498 204.40575 203.3315 202.25994 201.18749 200.10912 199.01837 197.90756 196.76838 195.59278 194.37433 193.10992 191.80151 190.4576 189.09406 187.7359 186.42796 185.27234 184.48951 184.36168 184.89208 185.62765 186.01255 185.63523 184.13678 181.07777 175.9909 168.99733 162.39436 161.09294 167.37927 177.3788 186.53176 192.91652 196.06769 195.70464 191.37252 183.08003 173.73865 171.22238 180.45201 195.17846 207.86364 216.06057 219.80371 219.41258 215.03495 207.08795 197.86192 194.53843 203.40081 219.21958 235.75362 250.51724 262.62324 271.5935 276.85876 277.72488 274.70979
204.3608 203.22137 202.09169 200.97136 199.85881 198.75095 197.64301 196.52842 195.39915 194.2465 193.06262 191.84296 190.58985 189.31713 188.05513 186.85447 185.78465 184.92227 184.32561 184.0074 183.93473 184.04838 184.24041 184.3219 184.05201 183.17959 181.4616 178.7481 175.33109 172.56906 172.7284 176.83056 183.3126 189.86158 195.03108 198.16434 198.93835 197.24329 193.59358 190.08279 190.41541 196.54927 206.03321 215.15177 221.9043 225.73191 226.61092 224.74018 220.83388 216.95574 216.85648 223.10671 234.11613 246.7362 258.87104 269.43051 277.78 283.4909 286.4925 287.73986
202.0608 200.86068 199.6741 198.5017 197.34287 196.19519 195.05399 193.91213 192.76005 191.58656 190.38046 189.13361 187.84555 186.53009 185.22308 183.98881 182.91815 182.10683 181.60736 181.38356 181.34016 181.41743 181.59048 181.77324 181.81366 181.57557 180.99303 180.10836 179.18968 178.89276 180.10237 183.23286 187.76784 192.68508 197.06604 200.31041 202.12826 202.56747 202.17741 202.19226 204.20051 208.95426 215.59561 222.47913 228.29171 232.34572 234.42904 234.71598 233.88955 233.34886 234.96654 239.94582 247.91296 257.51863 267.42956 276.65883 284.52029 290.59416 294.81051 297.48206
199.66081 198.39136 197.13927 195.90664 194.69419 193.50048 192.32113 191.14807 189.96916 188.76841 187.52723 186.22704 184.85398 183.40605 181.90296 180.39734 178.98231 177.78497 176.93479 176.51509 176.53422 176.92734 177.55017 178.19247 178.67165 178.93834 179.08651 179.28591 179.75255 180.78919 182.74608 185.80578 189.78675 194.18668 198.40171 201.93985 204.55669 206.33482 207.72277 209.47598 212.38756 216.8439 222.55227 228.71503 234.43702 239.02494 242.12352 243.81698 244.71208 245.83321 248.26055 252.6694 259.06556 266.90646 275.41119 283.794 291.38023 297.66118 302.29217 304.88819
197.15084 195.80103 194.47219 193.16835 191.89224 190.64414 189.42052 188.21264 187.00528 185.77597 184.4951 183.12725 181.63444 179.98208 178.14937 176.14687 174.04493 172.01267 170.34832 169.4376 169.56276 170.6432 172.19883 173.63932 174.61113 175.14953 175.57931 176.24946 177.35423 179.0368 181.52969 185.01022 189.35427 194.11968 198.74187 202.7486 205.90117 208.27038 210.26095 212.54717 215.85141 220.5915 226.62525 233.31604 239.82027 245.32779 249.23192 251.48488 252.89409 254.59371 257.36009 261.58124 267.35674 274.46531 282.3989 290.50698 298.13464 304.67923 309.55338 312.09445
194.52084 193.07679 191.65656 190.26684 188.91334 187.59929 186.32338 185.07735 183.84353 182.5926 181.28197 179.85497 178.24124 176.35896 174.12176 171.4582 168.36217 165.00408 161.90479 160.00467 160.21974 162.52403 165.72437 168.4126 169.88173 170.32573 170.54722 171.28157 172.6191 174.43796 177.15676 181.30611 186.70395 192.57448 198.10757 202.73332 206.16014 208.39554 209.85112 211.48158 214.60695 220.08317 227.58438 235.98635 244.12209 250.95387 255.45078 257.36099 258.30205 259.96675 262.81575 267.05862 272.88008 280.11085 288.24738 296.6673 304.75692 311.90831 317.43128 320.54503
191.76122 190.20565 188.67514 187.17985 185.72989 184.33332 182.99335 181.70469 180.44948 179.19309 177.88042 176.43254 174.74343 172.67622 170.06066 166.70148 162.43034 157.28376 151.92291 148.12826 148.21433 152.547 158.50202 163.07583 164.99463 164.75527 164.13213 164.82721 166.43847 167.76403 170.00406 174.98733 182.20888 189.92256 196.80885 202.16493 205.60638 206.94291 206.44962 205.64549 207.59376 214.49596 225.0855 236.54806 246.9929 255.27683 260.0423 260.91477 261.01932 262.34847 264.78762 269.08521 275.66562 283.92353 293.01211 302.28169 311.26146 319.52992 326.53029 331.33582
188.86373 187.17542 185.51044 183.88325 182.31001 180.80626 179.38332 178.04304 176.7716 175.53293 174.26257 172.86215 171.19321 169.06781 166.23356 162.35789 157.04579 150.01872 141.77957 134.97056 134.36427 141.54607 151.42695 158.45075 160.70786 159.02967 156.6152 157.53661 160.28982 160.04648 160.49697 166.76666 176.7994 186.95235 195.41937 201.52093 204.78957 204.62485 200.68528 194.9099 193.99153 203.55194 219.5046 235.24085 248.02087 257.04791 261.43348 261.78464 261.90856 262.05039 262.62991 267.25946 275.93422 286.32649 297.00677 307.45716 317.53099 327.2059 336.39404 344.2628
185.82261 183.97617 182.14621 180.35211 178.61785 176.96985 175.43252 174.02117 172.73293 171.53662 170.36385 169.10209 167.58861 165.60047 162.83342 158.86627 153.13389 145.04393 134.71729 125.14902 123.51262 133.14013 146.42051 155.43503 157.92966 154.77671 150.03417 151.2256 156.27683 153.50664 151.53838 159.76522 172.72023 184.96225 194.66966 201.3506 204.47953 202.99591 195.63133 184.10907 179.47113 192.34817 214.11892 233.56211 247.71074 256.62736 260.73172 261.9762 262.37985 259.53778 256.92979 263.20594 275.44811 288.55466 300.91587 312.42851 323.32442 333.92437 344.53596 354.48053
182.63626 180.60229 178.56991 176.5632 174.61546 172.76777 171.06429 169.54308 168.22266 167.08637 166.06874 165.04773 163.84329 162.21634 159.85727 156.35571 151.16894 143.71404 134.05036 124.97653 123.4204 132.71121 145.6036 154.52878 157.25438 154.46747 149.97449 151.15291 156.13711 153.45606 151.52474 159.74287 172.76992 185.18994 195.14164 202.06981 205.36916 203.88163 196.25966 184.33049 179.5395 192.63778 214.65133 234.09486 247.98144 256.72055 261.44058 263.81768 264.11832 260.24486 257.15175 264.35667 278.16089 292.51092 305.65472 317.59654 328.63478 339.02364 348.76744 356.74778
179.30928 177.05557 174.77662 172.49954 170.26707 168.13853 166.18611 164.48387 163.08807 162.01162 161.20062 160.52369 159.77973 158.71781 157.05362 154.47041 150.62205 145.24418 138.67831 133.10082 132.73993 139.24666 148.39026 155.35915 158.27277 157.52096 155.75658 156.82941 159.62721 159.62251 160.24704 166.62948 176.96127 187.68207 196.90167 203.77906 207.63975 207.64742 203.30046 196.77278 195.54093 205.58757 222.1902 238.06426 250.32668 258.82465 264.30302 267.63247 268.80868 267.53659 267.4643 274.06529 286.0267 299.26551 311.87851 323.47903 334.06196 343.54721 351.55511 357.28037
175.85461 173.3489 170.77474 168.15777 165.54751 163.0231 160.69379 158.68818 157.12669 156.07816 155.51443 155.2881 155.15253 154.81754 154.01111 152.52071 150.22304 147.16802 143.83834 141.5459 142.13506 146.14599 151.80616 156.78885 159.81371 160.9039 161.31824 162.60549 164.64149 166.43402 169.11084 174.5541 182.48052 191.25204 199.47144 206.23721 210.89814 212.98303 212.61351 211.5448 213.49514 221.03738 232.48881 244.42135 254.75589 262.89902 269.00253 273.39436 276.22617 278.01212 280.87349 287.27759 297.06239 308.33779 319.70974 330.56488 340.58286 349.42384 356.69131 362.26149
172.29538 169.5104 166.5931 163.55908 160.45655 157.38068 154.4845 151.97522 150.08036 148.97475 148.68718 149.04218 149.69191 150.23374 150.34399 149.86166 148.81472 147.43037 146.16949 145.73653 146.84635 149.67423 153.57982 157.53961 160.76254 163.04574 164.81588 166.70717 168.96512 171.63151 175.20071 180.32518 187.00598 194.57038 202.15568 209.0052 214.55534 218.52762 221.16623 223.5437 227.36133 233.74699 242.27283 251.58672 260.52321 268.47596 275.26607 280.91933 285.57363 289.72006 294.46164 300.91416 309.24432 318.82428 328.96937 339.17944 349.01063 357.98049 365.67906 372.11788
168.66532 165.58658 162.28875 158.76351 155.0412 151.21816 147.48809 144.16176 141.6401 140.30042 140.3038 141.43749 143.14899 144.78425 145.85573 146.17822 145.86423 145.25479 144.83512 145.12858 146.54143 149.17982 152.75456 156.68898 160.39502 163.55265 166.21552 168.67156 171.23435 174.23063 178.0778 183.14427 189.4817 196.74374 204.33759 211.63885 218.15876 223.66812 228.30765 232.63537 237.45594 243.39329 250.54343 258.53819 266.85374 275.04769 282.83139 290.03545 296.58783 302.60592 308.49683 314.81976 321.99843 330.20897 339.42307 349.42523 359.79425 369.92063 379.13435 386.9824
165.00631 161.64255 157.95245 153.88496 149.42566 144.63902 139.7326 135.12999 131.49336 129.57917 129.8564 132.09186 135.34201 138.45385 140.61339 141.54645 141.43042 140.73906 140.12284 140.28995 141.80624 144.84072 149.06285 153.81556 158.42168 162.42847 165.69928 168.3723 170.80295 173.55713 177.31611 182.57282 189.35133 197.23119 205.58835 213.8219 221.48276 228.33008 234.35221 239.77008 245.0208 250.66743 257.17857 264.71424 273.12793 282.13474 291.43978 300.72941 309.58428 317.48943 324.12479 329.80134 335.48551 342.25128 350.7595 361.13839 373.06634 385.80417 398.14982 408.54014
161.36125 157.75587 153.70678 149.0999 143.8415 137.91076 131.46234 124.99139 119.49793 116.40007 116.84889 120.68857 126.25015 131.45246 134.94866 136.36048 135.96385 134.40416 132.61487 131.79978 133.116 136.95435 142.63692 148.98972 154.98409 159.96133 163.61371 165.94411 167.36488 168.91658 172.10403 177.92987 186.1453 195.7312 205.70784 215.42194 224.48687 232.66307 239.77481 245.7506 250.88109 256.00697 262.11215 269.71883 278.8362 289.26743 300.79149 313.05929 325.24051 335.75594 342.96803 346.95175 349.97221 354.63797 362.43281 373.79133 388.56815 406.06657 424.47133 440.17643
157.76078 154.00113 149.68997 144.6362 138.63673 131.52533 123.30001 114.40023 106.14314 100.94093 101.28812 107.38147 116.27658 124.30886 129.41779 131.21648 130.16677 127.09037 123.19314 120.39629 121.08487 126.17412 134.13292 142.79209 150.61907 156.7167 160.55469 161.8549 160.93011 159.61773 161.39786 168.51609 179.69538 192.33784 204.80814 216.49108 227.20608 236.79937 244.9107 251.04666 255.36974 259.45368 265.17128 273.25004 283.5695 295.94028 310.35598 326.72108 343.97776 358.86345 366.79608 367.16845 365.31494 366.68569 373.55245 386.37566 405.29168 430.22522 459.36929 486.0609
