RAINFALL_MEAN_RP_10.tif
NCOLS 101
NROWS 90
XLLCORNER -81.15
YLLCORNER -4.25
DX 0.0099207921
DY 0.01
NODATA_VALUE -9999
[rows 0 to 25 of 90, columns 0 to 59 of 101]
123.84651 123.86931 123.89442 123.92183 123.95156 123.9836 124.01794 124.0546 124.09355 124.1348 124.17834 124.22415 124.27222 124.32253 124.37508 124.42983 124.48677 124.54588 124.60712 124.67047 124.73591 124.80338 124.87286 124.9443 125.01765 125.09286 125.16986 125.2486 125.32899 125.41095 125.4944 125.57923 125.66534 125.7526 125.84089 125.93007 126.02002 126.11056 126.20156 126.29286 126.3843 126.47572 126.56695 126.65786 126.74828 126.83808 126.9271 127.01521 127.10228 127.18818 127.27279 127.35598 127.43762 127.51762 127.59585 127.67224 127.74671 127.81925 127.88987 127.95866
123.58733 123.60841 123.63182 123.65757 123.68567 123.71612 123.74891 123.78404 123.82151 123.8613 123.90341 123.94783 123.99454 124.04353 124.09478 124.14828 124.20399 124.2619 124.32199 124.38422 124.44856 124.51498 124.58345 124.65392 124.72634 124.80066 124.87682 124.95475 125.03437 125.11561 125.19837 125.28255 125.36803 125.45468 125.54238 125.63098 125.72033 125.81027 125.90063 125.99125 126.08194 126.17256 126.26291 126.35284 126.44219 126.5308 126.61852 126.70522 126.79076 126.87501 126.95784 127.03911 127.11871 127.19652 127.2724 127.34627 127.41805 127.48772 127.55533 127.621
123.32246 123.3417 123.36331 123.3873 123.41366 123.44241 123.47353 123.50703 123.54289 123.58112 123.62169 123.6646 123.70983 123.75737 123.80721 123.85931 123.91366 123.97025 124.02904 124.09 124.15312 124.21835 124.28566 124.35501 124.42635 124.49963 124.5748 124.65177 124.73049 124.81086 124.89279 124.97617 125.06088 125.14679 125.23376 125.32164 125.41025 125.49943 125.589 125.67877 125.76855 125.85817 125.94743 126.03615 126.12418 126.21133 126.29747 126.38244 126.46611 126.54835 126.62902 126.70798 126.78511 126.86026 126.93329 127.00408 127.07253 127.1386 127.20232 127.26387
123.05173 123.06902 123.08872 123.11083 123.13535 123.16229 123.19163 123.22337 123.25752 123.29405 123.33296 123.37424 123.41786 123.46382 123.5121 123.56268 123.61554 123.67065 123.72799 123.78755 123.84928 123.91316 123.97915 124.04722 124.11732 124.1894 124.26341 124.33927 124.41692 124.49626 124.5772 124.65963 124.74342 124.82844 124.91453 125.00152 125.08925 125.17751 125.26612 125.35486 125.44355 125.53196 125.6199 125.70717 125.7936 125.879 125.96322 126.04611 126.12753 126.20734 126.28543 126.36164 126.43583 126.50783 126.57748 126.64461 126.70905 126.77072 126.82961 126.88587
122.77499 122.79022 122.8079 122.82801 122.85057 122.87557 122.90301 122.93288 122.96518 122.99989 123.03701 123.07652 123.1184 123.16265 123.20923 123.25813 123.30934 123.36282 123.41856 123.47654 123.53672 123.59908 123.66358 123.73019 123.79887 123.86957 123.94224 124.01681 124.0932 124.17134 124.25112 124.33243 124.41513 124.49909 124.58413 124.67009 124.75676 124.84393 124.9314 125.01894 125.10632 125.1933 125.27967 125.36522 125.44974 125.53304 125.61497 125.69538 125.77412 125.85106 125.92609 125.99905 126.06979 126.13813 126.20384 126.2667 126.32645 126.3829 126.43595 126.48566
122.49207 122.50513 122.52065 122.53865 122.55912 122.58206 122.60747 122.63534 122.66567 122.69843 122.73362 122.77122 122.81122 122.85359 122.89833 122.9454 122.99479 123.04648 123.10045 123.15666 123.21511 123.27576 123.33858 123.40354 123.4706 123.53972 123.61084 123.68392 123.75887 123.8356 123.91403 123.99403 124.07546 124.15818 124.242 124.32674 124.41218 124.49809 124.58423 124.67036 124.75621 124.84152 124.92606 125.00957 125.09185 125.17269 125.25191 125.32937 125.40493 125.47848 125.5499 125.61907 125.6858 125.74991 125.81112 125.86911 125.92351 125.97395 126.02014 126.06198
122.20282 122.21357 122.22682 122.24257 122.26082 122.28158 122.30483 122.33056 122.35877 122.38944 122.42256 122.45811 122.49606 122.53642 122.57914 122.62421 122.67162 122.72133 122.77333 122.8276 122.88411 122.94284 123.00377 123.06686 123.13208 123.1994 123.26877 123.34012 123.4134 123.48852 123.56538 123.64386 123.72382 123.8051 123.88751 123.97084 124.05486 124.13931 124.22394 124.30844 124.39253 124.47593 124.55833 124.63949 124.71914 124.79708 124.87312 124.94711 125.01893 125.08848 125.15567 125.2204 125.28251 125.34178 125.39791 125.45045 125.49889 125.54261 125.58102 125.61369
121.90705 121.91537 121.92621 121.93958 121.95548 121.97391 121.99486 122.01832 122.04427 122.0727 122.10359 122.13693 122.17269 122.21085 122.25139 122.29429 122.33952 122.38706 122.4369 122.489 122.54336 122.59995 122.65875 122.71974 122.78288 122.84815 122.91551 122.9849 123.05626 123.12952 123.20457 123.2813 123.35956 123.43919 123.51997 123.6017 123.6841 123.7669 123.84979 123.93245 124.01455 124.09575 124.17572 124.25416 124.33078 124.40535 124.47766 124.54757 124.61498 124.67982 124.74204 124.80159 124.85834 124.91211 124.96255 125.00911 125.05108 125.08753 125.11743 125.13984
121.6046 121.61033 121.61863 121.62948 121.64289 121.65886 121.67736 121.69839 121.72194 121.74797 121.77649 121.80745 121.84084 121.87664 121.91481 121.95534 121.99819 122.04336 122.09081 122.14053 122.19251 122.24671 122.30313 122.36175 122.42254 122.48549 122.55055 122.6177 122.68687 122.75799 122.83097 122.90569 122.98201 123.05974 123.13868 123.21857 123.29914 123.38008 123.46103 123.54162 123.62148 123.70021 123.77742 123.85276 123.92589 123.99655 124.06452 124.12965 124.19185 124.25113 124.30749 124.36095 124.4115 124.45898 124.50306 124.54314 124.57827 124.60715 124.62819 124.63963
121.29527 121.29829 121.30389 121.31208 121.32285 121.3362 121.35211 121.37056 121.39154 121.41503 121.44099 121.46941 121.50025 121.5335 121.56911 121.60707 121.64734 121.68991 121.73474 121.78183 121.83116 121.8827 121.93646 121.99242 122.05056 122.11088 122.17335 122.23794 122.3046 122.37328 122.44388 122.5163 122.59039 122.66597 122.74281 122.82064 122.89916 122.97801 123.0568 123.13511 123.21247 123.28844 123.36256 123.43439 123.50355 123.56972 123.63264 123.69216 123.74824 123.80092 123.85031 123.89658 123.93983 123.98007 124.01703 124.0501 124.07818 124.09954 124.11186 124.11234
120.97887 120.97903 120.98179 120.98717 120.99515 121.00572 121.01888 121.03459 121.05284 121.07361 121.09685 121.12255 121.15066 121.18116 121.21401 121.24918 121.28664 121.32637 121.36834 121.41253 121.45892 121.50752 121.55831 121.61129 121.66645 121.7238 121.78332 121.84499 121.9088 121.97468 122.04257 122.11236 122.1839 122.25703 122.33149 122.40701 122.48324 122.55979 122.6362 122.71199 122.78663 122.85956 122.93024 122.99816 123.06282 123.12384 123.18092 123.23389 123.28273 123.32756 123.36863 123.40627 123.44084 123.47256 123.5014 123.52686 123.54776 123.56202 123.56652 123.55711
120.65523 120.65235 120.65212 120.65452 120.65955 120.6672 120.67743 120.69025 120.7056 120.72347 120.74381 120.7666 120.79179 120.81934 120.84921 120.88137 120.91578 120.95241 120.99124 121.03225 121.07541 121.12074 121.16822 121.21786 121.26967 121.32365 121.37983 121.43819 121.49874 121.56142 121.62621 121.69299 121.76164 121.83198 121.90377 121.97669 122.05038 122.1244 122.19822 122.27128 122.34296 122.41259 122.47952 122.54309 122.60272 122.65791 122.70827 122.75359 122.79388 122.82933 122.86036 122.88755 122.91157 122.93305 122.95235 122.9693 122.98287 122.99078 122.98917 122.97239
120.32412 120.31806 120.31466 120.31393 120.31584 120.32039 120.32754 120.33727 120.34956 120.36435 120.38161 120.40129 120.42335 120.44774 120.47441 120.50332 120.53443 120.5677 120.6031 120.64061 120.68022 120.72191 120.76571 120.81162 120.85966 120.90986 120.96224 121.01684 121.07366 121.1327 121.19392 121.25727 121.32262 121.38979 121.45855 121.52858 121.59946 121.67071 121.74174 121.81188 121.8804 121.9465 122.00938 122.06822 122.12228 122.1709 122.21358 122.25003 122.28023 122.30445 122.32329 122.33764 122.34863 122.35743 122.36507 122.37203 122.37778 122.38021 122.37499 122.35502
119.98535 119.97593 119.9692 119.96515 119.96378 119.96505 119.96894 119.97542 119.98445 119.99598 120.00996 120.02634 120.04506 120.06607 120.0893 120.11472 120.14226 120.17188 120.20354 120.23723 120.27292 120.31061 120.35031 120.39205 120.43586 120.48178 120.52987 120.58018 120.63275 120.68761 120.74476 120.80416 120.86573 120.92931 120.99465 121.06143 121.12922 121.19746 121.2655 121.33255 121.39776 121.46016 121.51875 121.57252 121.6205 121.66183 121.69582 121.72203 121.74036 121.75114 121.75512 121.75357 121.74816 121.74086 121.73364 121.72808 121.72467 121.72209 121.71616 121.6988
119.63869 119.62573 119.61549 119.60796 119.60312 119.60094 119.60139 119.60443 119.61001 119.61808 119.62859 119.64146 119.65662 119.67402 119.69358 119.71524 119.73893 119.7646 119.79221 119.82171 119.8531 119.88636 119.92152 119.9586 119.99767 120.03877 120.08199 120.12742 120.17513 120.2252 120.27767 120.33254 120.38978 120.44924 120.51071 120.57386 120.63823 120.70322 120.76808 120.83192 120.89372 120.95231 121.00647 121.05491 121.0964 121.12976 121.15403 121.16854 121.17302 121.16775 121.15363 121.13228 121.10601 121.07779 121.05091 121.02856 121.01304 121.00469 121.0005 120.99247
119.28392 119.26724 119.25331 119.2421 119.2336 119.22778 119.2246 119.22401 119.22596 119.23038 119.2372 119.24635 119.25774 119.2713 119.28693 119.30457 119.32412 119.34552 119.36872 119.39367 119.42034 119.44873 119.47885 119.51075 119.54448 119.58015 119.61785 119.65771 119.69986 119.74443 119.7915 119.84116 119.8934 119.94814 120.0052 120.06427 120.12486 120.18633 120.24785 120.3084 120.36676 120.42155 120.47125 120.51427 120.54897 120.57381 120.58741 120.58874 120.57722 120.55295 120.51685 120.47082 120.41789 120.36214 120.30858 120.26264 120.22931 120.21186 120.20996 120.21736
118.92081 118.90022 118.88239 118.86731 118.85497 118.84531 118.83831 118.83389 118.832 118.83257 118.8355 118.84071 118.84811 118.85758 118.86903 118.88237 118.89748 118.91429 118.93272 118.95271 118.97423 118.99725 119.0218 119.04792 119.07569 119.10522 119.13666 119.17018 119.20596 119.24418 119.28503 119.32864 119.3751 119.42439 119.4764 119.53083 119.58722 119.64488 119.7029 119.76012 119.81512 119.86626 119.91167 119.94934 119.9772 119.99316 119.99532 119.98207 119.95235 119.90586 119.84331 119.76675 119.67977 119.58771 119.49753 119.41756 119.35657 119.3223 119.31914 119.34503
118.54912 118.5244 118.50247 118.48333 118.46693 118.45324 118.44221 118.43377 118.42784 118.42434 118.42318 118.42423 118.4274 118.43255 118.43956 118.44831 118.45868 118.47056 118.48385 118.49846 118.51435 118.53149 118.54988 118.56957 118.59067 118.61329 118.63763 118.6639 118.69235 118.72326 118.75688 118.79346 118.83319 118.87615 118.92231 118.97144 119.02312 119.07663 119.131 119.18491 119.23673 119.28452 119.32602 119.35873 119.37999 119.38707 119.37732 119.34837 119.29838 119.22633 119.13243 119.01851 118.88849 118.74876 118.60844 118.47925 118.37487 118.30935 118.29439 118.33533
118.16858 118.13952 118.11329 118.08986 118.0692 118.05127 118.036 118.02333 118.01315 118.00538 117.9999 117.99658 117.99528 117.99587 117.99818 118.00207 118.00738 118.01398 118.02174 118.03054 118.04031 118.051 118.06261 118.07518 118.0888 118.10364 118.11992 118.13791 118.15794 118.18037 118.20558 118.23395 118.26579 118.30133 118.34066 118.38367 118.42999 118.47893 118.52946 118.58014 118.62909 118.67404 118.71229 118.74077 118.75611 118.75477 118.73316 118.68786 118.61592 118.5152 118.38489 118.22609 118.04249 117.84111 117.63298 117.43351 117.26222 117.14149 117.09351 117.13529
117.77893 117.74531 117.71455 117.68661 117.66148 117.63908 117.61936 117.60224 117.5876 117.57535 117.56533 117.55741 117.55143 117.5472 117.54456 117.5433 117.54325 117.54422 117.54605 117.5486 117.55173 117.55539 117.55954 117.56421 117.5695 117.57558 117.58272 117.59124 117.60156 117.61416 117.62954 117.64826 117.67079 117.69756 117.72884 117.76468 117.80482 117.84865 117.8951 117.94263 117.98915 118.032 118.06798 118.09338 118.10403 118.09537 118.06267 118.00115 117.90634 117.77446 117.60305 117.39165 117.14286 116.86343 116.56555 116.26797 115.99662 115.78405 115.6667 115.67891
117.37991 117.34148 117.30595 117.27327 117.24342 117.21634 117.19194 117.17015 117.15084 117.13388 117.11911 117.10638 117.09548 117.0862 117.07834 117.07167 117.06594 117.06094 117.05645 117.05228 117.04826 117.04427 117.04024 117.03619 117.03219 117.02843 117.02521 117.0229 117.02203 117.02318 117.02705 117.03436 117.04584 117.06216 117.08383 117.11113 117.14402 117.182 117.22404 117.26852 117.31313 117.35484 117.38992 117.41393 117.42175 117.4077 117.36564 117.28913 117.17174 117.00744 116.79127 116.52022 116.19447 115.81904 115.40572 114.97534 114.55976 114.20293 113.95948 113.88863
116.9712 116.92772 116.88716 116.8495 116.8147 116.78269 116.75339 116.72669 116.70248 116.6806 116.66087 116.64309 116.62705 116.6125 116.59918 116.58681 116.57512 116.56381 116.55262 116.54127 116.52955 116.51728 116.50434 116.49068 116.47637 116.46158 116.44662 116.43194 116.41813 116.40595 116.39627 116.39006 116.38833 116.39207 116.40214 116.41915 116.44335 116.47445 116.51157 116.55304 116.59636 116.63814 116.67407 116.69892 116.70655 116.69 116.64152 116.55272 116.41474 116.21867 115.95613 115.62026 115.20715 114.71789 114.16141 113.55793 112.94305 112.37155 111.91938 111.67996
116.55252 116.50371 116.45786 116.41496 116.37494 116.33775 116.3033 116.27147 116.24213 116.2151 116.19018 116.16715 116.14576 116.12571 116.10669 116.08839 116.07045 116.05251 116.03423 116.01528 115.99533 115.97414 115.9515 115.92732 115.90159 115.87446 115.84624 115.81743 115.7887 115.76096 115.73529 115.71297 115.69536 115.68385 115.67976 115.68417 115.69773 115.72055 115.75193 115.79029 115.83298 115.87625 115.91519 115.94372 115.95464 115.93957 115.88902 115.79239 115.63805 115.41358 115.10623 114.70386 114.19645 113.57846 112.85236 112.0335 111.15647 110.28295 109.50998 108.97416
116.12353 116.06911 116.01769 115.96926 115.92376 115.88112 115.84127 115.80406 115.76934 115.73694 115.70662 115.67813 115.65117 115.62541 115.60049 115.57601 115.55157 115.52671 115.50101 115.47402 115.44534 115.4146 115.3815 115.34583 115.30752 115.26664 115.22348 115.17855 115.1326 115.08669 115.04214 115.00056 114.96373 114.93359 114.91205 114.9008 114.90113 114.91365 114.93808 114.97299 115.01567 115.06203 115.10653 115.14222 115.16073 115.15227 115.10552 115.00758 114.84378 114.59772 114.25148 113.78626 113.18381 112.42887 111.51318 110.44148 109.24006 107.96875 106.73761 105.72826
115.68391 115.62357 115.56627 115.51201 115.46074 115.41238 115.36684 115.32399 115.28366 115.24565 115.20971 115.17554 115.14281 115.11115 115.08013 115.04929 115.01811 114.98608 114.95265 114.91726 114.87937 114.83848 114.79414 114.74603 114.69393 114.63781 114.57789 114.51463 114.44885 114.38173 114.31485 114.25016 114.19 114.13694 114.09366 114.06272 114.04627 114.0457 114.06133 114.09208 114.13526 114.18643 114.23942 114.28632 114.31758 114.32197 114.28641 114.19574 114.03229 113.7755 113.40173 112.88447 112.19534 111.30641 110.19431 108.8472 107.27487 105.52314 103.6961 101.99934
115.2333 115.1667 115.10321 115.0428 114.98543 114.93105 114.87954 114.83078 114.78457 114.74071 114.69892 114.65887 114.6202 114.58246 114.54516 114.50778 114.4697 114.43029 114.38887 114.34476 114.29724 114.24566 114.18938 114.12788 114.06078 113.98786 113.90921 113.82521 113.73666 113.64482 113.55151 113.45908 113.37046 113.28903 113.21847 113.16249 113.12443 113.10683 113.11094 113.13626 113.18022 113.23806 113.30284 113.36558 113.41548 113.4399 113.42421 113.35131 113.20085 112.94839 112.56456 112.01465 111.25892 110.25442 108.95918 107.34007 105.38513 103.11922 100.62089 98.061633
