RAINFALL_MAXIMUM_RP_1000.tif
NCOLS 101
NROWS 90
XLLCORNER -81.15
YLLCORNER -4.25
DX 0.0099207921
DY 0.01
NODATA_VALUE -9999
[rows 0 to 25 of 90, columns 0 to 59 of 101]
555.05796 555.3217 555.59346 555.87303 556.16019 556.45469 556.75627 557.06464 557.37948 557.70047 558.02726 558.35947 558.69671 559.03857 559.38462 559.73441 560.08749 560.44339 560.80162 561.16171 561.52317 561.88551 562.24825 562.61093 562.9731 563.33434 563.69426 564.05252 564.40884 564.76298 565.11481 565.46428 565.81147 566.15655 566.49989 566.842 567.18358 567.52557 567.86914 568.21573 568.56707 568.92522 569.29256 569.67186 570.06625 570.47927 570.91491 571.37756 571.87209 572.40388 572.97882 573.60342 574.28484 575.03109 575.85111 576.75504 577.75443 578.86258 580.09478 581.46863
553.90112 554.15739 554.42164 554.69365 554.97317 555.25993 555.55363 555.85396 556.16056 556.47307 556.79109 557.11421 557.44197 557.77391 558.10955 558.44837 558.78984 559.13342 559.47856 559.82466 560.17116 560.51747 560.863 561.20717 561.54942 561.88918 562.22595 562.55923 562.88858 563.21362 563.53405 563.84966 564.16033 564.46608 564.76707 565.06365 565.35635 565.64593 565.9334 566.22004 566.50746 566.79757 567.09268 567.39546 567.70899 568.03678 568.38276 568.75134 569.14737 569.5762 570.04369 570.55629 571.12108 571.74596 572.43979 573.21265 574.07621 575.04409 576.13232 577.35982
552.726 552.97469 553.23134 553.49571 553.76752 554.04648 554.33226 554.62451 554.92285 555.22686 555.5361 555.85011 556.16839 556.49042 556.81564 557.14347 557.47332 557.80455 558.13652 558.46857 558.8 559.13013 559.45826 559.78367 560.10568 560.42358 560.73671 561.04441 561.34609 561.64118 561.9292 562.20973 562.48247 562.74723 563.00397 563.25281 563.49409 563.72835 563.9564 564.17935 564.39862 564.61599 564.83361 565.05406 565.28033 565.51587 565.76457 566.03079 566.31935 566.63554 566.98515 567.37446 567.81036 568.30045 568.85326 569.47854 570.18767 570.99417 571.91441 572.96825
551.53227 551.77328 552.02225 552.2789 552.54295 552.81407 553.0919 553.37605 553.66611 553.96163 554.26211 554.56704 554.87587 555.18801 555.50285 555.81973 556.13798 556.45688 556.7757 557.09366 557.40999 557.72387 558.03448 558.34097 558.64251 558.93824 559.22734 559.50897 559.78236 560.04674 560.30142 560.54577 560.77926 561.00146 561.2121 561.41104 561.59838 561.77442 561.93974 562.0952 562.24201 562.38178 562.51647 562.64853 562.78085 562.91678 563.06015 563.21529 563.38696 563.58038 563.80118 564.05544 564.34973 564.69115 565.08763 565.54817 566.08335 566.70603 567.43221 568.28209
550.31955 550.5528 550.794 551.04288 551.29912 551.56237 551.83223 552.1083 552.3901 552.67715 552.96891 553.26482 553.56426 553.86659 554.17113 554.47714 554.78387 555.09052 555.39625 555.70019 556.00144 556.29908 556.59213 556.87962 557.16056 557.43392 557.6987 557.95388 558.19847 558.43149 558.65203 558.8592 559.05222 559.2304 559.39318 559.54015 559.6711 559.78606 559.8853 559.96944 560.03941 560.09658 560.14271 560.18008 560.21142 560.23999 560.26957 560.30442 560.34926 560.40922 560.4898 560.59681 560.73637 560.91492 561.13945 561.41775 561.75897 562.17445 562.67886 563.29167
549.08748 549.31286 549.54624 549.78729 550.03569 550.29104 550.55294 550.82093 551.09451 551.37315 551.65627 551.94324 552.23339 552.52603 552.82039 553.11567 553.41102 553.70555 553.99833 554.28837 554.57467 554.85614 555.1317 555.40021 555.66051 555.91141 556.1517 556.38016 556.59557 556.79673 556.98244 557.15158 557.30305 557.43587 557.54915 557.64217 557.71437 557.76544 557.79532 557.80428 557.79296 557.76241 557.71415 557.65024 557.57323 557.48629 557.39309 557.29788 557.20534 557.12057 557.04895 556.99601 556.96737 556.96866 557.0056 557.08424 557.21153 557.39619 557.65018 557.99063
547.83563 548.05307 548.27854 548.51172 548.75224 548.9997 549.25365 549.5136 549.77903 550.04934 550.32391 550.60206 550.88308 551.16618 551.45053 551.73526 552.01943 552.30205 552.58208 552.85843 553.12995 553.39545 553.65368 553.90333 554.14308 554.37154 554.5873 554.78891 554.97491 555.14384 555.29422 555.42461 555.53361 555.61989 555.68219 555.71942 555.73063 555.7151 555.67238 555.60233 555.50521 555.38171 555.23304 555.06098 554.86788 554.65675 554.43121 554.19549 553.95431 553.71279 553.47628 553.25012 553.03944 552.84897 552.68291 552.54506 552.43925 552.37025 552.34542 552.37719
546.56357 546.77297 546.99047 547.21573 547.44836 547.68793 547.93397 548.18594 548.44328 548.70537 548.97152 549.24102 549.51307 549.78683 550.06141 550.33582 550.60907 550.88005 551.14761 551.41055 551.66759 551.91739 552.15855 552.38959 552.60899 552.81518 553.0065 553.18129 553.33782 553.47432 553.58902 553.68015 553.74595 553.78468 553.79471 553.77449 553.72263 553.63793 553.51946 553.36662 553.17919 552.95742 552.70214 552.41476 552.09738 551.75285 551.38471 550.99721 550.5952 550.18396 549.76895 549.35551 548.94845 548.55162 548.16762 547.79755 547.4412 547.09783 546.76783 546.45567
545.2708 545.47208 545.68155 545.89886 546.12359 546.35528 546.59344 546.83751 547.08687 547.34086 547.59876 547.85979 548.12309 548.38777 548.65283 548.91723 549.17987 549.43955 549.69501 549.94491 550.18785 550.42233 550.64679 550.85958 551.05898 551.2432 551.41036 551.55851 551.68566 551.78974 551.86863 551.9202 551.94227 551.9327 551.88938 551.81027 551.69346 551.5372 551.34 551.10069 550.81847 550.49306 550.12478 549.71461 549.26433 548.77653 548.2547 547.70315 547.12697 546.53176 545.92339 545.30747 544.68884 544.0708 543.45443 542.83794 542.21634 541.58176 540.92484 540.23784
543.95681 544.14988 544.35127 544.56058 544.7774 545.00125 545.23159 545.46783 545.70933 545.95539 546.20522 546.458 546.71281 546.96868 547.22456 547.47931 547.73172 547.98052 548.22431 548.46163 548.69095 548.9106 549.11886 549.3139 549.49379 549.6565 549.79992 549.92182 550.0199 550.09177 550.13494 550.14687 550.12496 550.06659 549.96912 549.82996 549.64658 549.41662 549.13792 548.80861 548.42722 547.9928 547.50501 546.9643 546.37198 545.73035 545.04278 544.31369 543.5485 542.75341 541.93501 541.09971 540.25291 539.39801 538.5351 537.65975 536.76183 535.825 534.82725 533.74355
542.62105 542.80582 542.99905 543.20034 543.40925 543.62528 543.84786 544.07639 544.31017 544.54846 544.79044 545.03522 545.28184 545.52924 545.77631 546.02181 546.26446 546.50285 546.7355 546.9608 547.17707 547.38251 547.5752 547.75312 547.91413 548.05597 548.17626 548.27249 548.34203 548.38214 548.38993 548.36244 548.29659 548.18921 548.03711 547.83705 547.58583 547.28035 546.91766 546.49509 546.01033 545.46158 544.84772 544.16846 543.42449 542.61769 541.75121 540.8296 539.85872 538.84561 537.79804 536.72387 535.62997 534.52083 533.39669 532.25141 531.07021 529.82764 528.48664 526.99961
541.26293 541.43929 541.6243 541.81753 542.01853 542.22677 542.44167 542.66259 542.8888 543.11953 543.3539 543.59097 543.82972 544.06904 544.30771 544.54445 544.77785 545.00641 545.22851 545.44245 545.64636 545.83831 546.01619 546.17777 546.32071 546.44249 546.54046 546.61181 546.65358 546.66263 546.63568 546.56928 546.45985 546.30363 546.09679 545.83539 545.51545 545.13302 544.68426 544.1655 543.57345 542.90526 542.15879 541.3328 540.42712 539.443 538.38324 537.25239 536.05684 534.80471 533.50546 532.1692 530.80546 529.42138 528.01919 526.59302 525.12513 523.58186 521.91008 520.03535
539.88179 540.04965 540.22636 540.41149 540.60457 540.80506 541.01236 541.22579 541.44461 541.66798 541.895 542.12469 542.35594 542.58759 542.81835 543.04685 543.27158 543.49095 543.70321 543.90652 544.09889 544.27819 544.44215 544.58835 544.71419 544.81691 544.89358 544.94108 544.95609 544.93509 544.87433 544.76989 544.6176 544.4131 544.15185 543.82912 543.44007 542.97978 542.44334 541.82597 541.12312 540.33071 539.44529 538.46434 537.38657 536.21224 534.94351 533.58477 532.14285 530.62711 529.0492 527.42238 525.76031 524.07485 522.37295 520.6523 518.89567 517.06434 515.09087 512.87259
538.47697 538.63619 538.80452 538.9815 539.16666 539.35944 539.55922 539.76529 539.97689 540.19314 540.4131 540.63573 540.85989 541.08434 541.30771 541.52856 541.74528 541.95617 542.15938 542.35292 542.53465 542.70229 542.85337 542.98527 543.09516 543.18003 543.23665 543.26158 543.25112 543.20136 543.10807 542.96681 542.77282 542.52106 542.20622 541.82271 541.36473 540.82626 540.20119 539.48339 538.66687 537.74598 536.71565 535.57171 534.3113 532.93324 531.43863 529.83128 528.1182 526.30996 524.42072 522.46782 520.47061 518.44827 516.41608 514.38002 512.32919 510.22604 507.99468 505.50811
537.04771 537.19818 537.35802 537.5268 537.70402 537.88912 538.08145 538.2803 538.48486 538.69423 538.90744 539.12339 539.34088 539.55863 539.77519 539.98903 540.19846 540.40167 540.59669 540.78141 540.95354 541.11062 541.25002 541.36888 541.46417 541.53259 541.57064 541.57453 541.5402 541.4633 541.33913 541.16269 540.92859 540.63108 540.26403 539.82092 539.29485 538.67862 537.96472 537.14549 536.21322 535.16038 533.97987 532.6654 531.21196 529.61636 527.87792 525.99922 523.98689 521.85233 519.61224 517.28863 514.90815 512.50004 510.09236 507.70565 505.34356 502.97978 500.54124 497.88785
535.59325 535.73479 535.88604 536.04654 536.2158 536.39324 536.5782 536.76995 536.96767 537.17042 537.37719 537.58684 537.79814 538.00971 538.22008 538.42761 538.63053 538.82694 539.01474 539.19169 539.35536 539.50313 539.63217 539.73944 539.82165 539.87526 539.89646 539.88112 539.82481 539.72274 539.56972 539.36017 539.08806 538.74687 538.3296 537.82873 537.23621 536.54348 535.7415 534.82084 533.77181 532.58461 531.24968 529.75804 528.10182 526.27501 524.27421 522.09978 519.75692 517.25699 514.61865 511.86868 509.04211 506.18091 503.33068 500.53404 497.81993 495.18738 492.58343 489.87475
534.11273 534.24518 534.3877 534.53983 534.70108 534.87087 535.04853 535.23332 535.42437 535.62076 535.82141 536.02518 536.23076 536.43674 536.64157 536.84354 537.0408 537.23134 537.41296 537.5833 537.73978 537.87961 537.9998 538.09708 538.16795 538.2086 538.21491 538.18245 538.10638 537.98147 537.80204 537.56192 537.25441 536.8722 536.40739 535.85138 535.19488 534.42789 533.53967 532.5188 531.35332 530.03079 528.53867 526.86463 524.99715 522.92633 520.64484 518.14936 515.44209 512.53272 509.44043 506.19587 502.84253 499.43699 496.04683 492.74486 489.59797 486.64856 483.8872 481.21584
532.60527 532.72843 532.86205 533.0057 533.15889 533.32102 533.49142 533.66935 533.85393 534.0442 534.23909 534.43738 534.63775 534.83873 535.03871 535.23592 535.42843 535.61412 535.7907 535.95568 536.10634 536.23975 536.35272 536.44181 536.50326 536.53303 536.52671 536.47951 536.38623 536.2412 536.03824 535.77058 535.43082 535.01089 534.50193 533.89423 533.1772 532.33927 531.36788 530.24945 528.96944 527.51241 525.86229 524.00271 521.91754 519.59176 517.01258 514.17104 511.06412 507.69726 504.08754 500.267 496.28605 492.21594 488.14924 484.19642 480.47594 477.0948 474.11655 471.51535
531.06992 531.18355 531.30809 531.44311 531.58814 531.74258 531.90576 532.07693 532.25521 532.43962 532.62906 532.8223 533.01798 533.21458 533.41044 533.60373 533.79243 533.97436 534.14711 534.30808 534.45442 534.58305 534.69061 534.77347 534.82765 534.84886 534.8324 534.77317 534.66559 534.50355 534.28037 533.9887 533.62047 533.16678 532.61782 531.96276 531.18964 530.28529 529.23521 528.02347 526.63273 525.0442 523.23778 521.1923 518.88603 516.29744 513.40643 510.19605 506.65497 502.78081 498.58428 494.09442 489.36433 484.47703 479.55 474.73629 470.21862 466.19176 462.82765 460.21921
529.50567 529.6095 529.72472 529.85095 529.98769 530.13438 530.29035 530.45483 530.62696 530.80574 530.99006 531.17868 531.37018 531.56304 531.75553 531.94577 532.13167 532.31098 532.48119 532.63959 532.78322 532.90884 533.01296 533.09173 533.14099 533.15619 533.13239 533.06414 532.94552 532.77 532.5304 532.2188 531.82646 531.34367 530.75967 530.06249 529.23881 528.27381 527.15097 525.85195 524.35641 522.64191 520.68387 518.45569 515.92899 513.07431 509.86218 506.26485 502.25899 497.82953 492.97493 487.71414 482.09533 476.20591 470.18294 464.22154 458.5772 453.55501 449.47633 446.61282
527.91146 528.00516 528.11081 528.22802 528.35633 528.49516 528.64388 528.80172 528.96782 529.14119 529.32071 529.5051 529.69296 529.88271 530.0726 530.26069 530.44484 530.62272 530.79175 530.94912 531.09174 531.21627 531.31904 531.39605 531.44295 531.45496 531.42687 531.35296 531.22695 531.0419 530.79016 530.46327 530.05181 529.5453 528.93204 528.19893 527.33131 526.31271 525.1246 523.74617 522.15402 520.32188 518.22038 515.81692 513.07563 509.95773 506.42228 502.42772 497.93444 492.90882 487.32931 481.19497 474.53714 467.43436 460.0301 452.55178 445.32671 438.78676 433.44675 429.83547
526.28614 526.36937 526.46513 526.57306 526.69271 526.82355 526.96495 527.11616 527.27632 527.44446 527.61945 527.80002 527.98475 528.17203 528.36008 528.54695 528.73043 528.90812 529.07739 529.23533 529.37876 529.50422 529.60791 529.68568 529.73298 529.74486 529.71585 529.63997 529.51059 529.32042 529.06136 528.7244 528.29949 527.77539 527.13949 526.37761 525.47377 524.4099 523.16552 521.7174 520.03911 518.10056 515.86748 513.30095 510.35701 506.98643 503.13495 498.74424 493.7539 488.10524 481.74748 474.64731 466.80298 458.26397 449.157 439.71818 430.32876 421.54714 414.11884 408.92751
524.62853 524.70087 524.78637 524.8847 524.99545 525.1181 525.25205 525.39658 525.55086 525.71391 525.88462 526.06173 526.24381 526.42924 526.61624 526.80281 526.98671 527.1655 527.33648 527.49667 527.64282 527.77135 527.87836 527.95956 528.01027 528.02532 527.99906 527.92525 527.79698 527.60659 527.34556 527.00438 526.57239 526.03763 525.3866 524.60408 523.67282 522.57323 521.28301 519.77665 518.02486 515.99393 513.64487 510.9325 507.80457 504.20079 500.05225 495.28135 489.8028 483.52628 476.36189 468.22963 459.07471 448.89089 437.75418 425.8689 413.62731 401.68087 391.01137 382.95667
522.93739 522.99836 523.07316 523.16151 523.26303 523.37723 523.50356 523.64131 523.78969 523.94774 524.11438 524.28835 524.46824 524.65243 524.83913 525.02631 525.21174 525.39292 525.56712 525.73131 525.88215 526.01601 526.12889 526.21638 526.27368 526.29549 526.27596 526.20864 526.08638 525.90119 525.64417 525.30534 524.87344 524.33581 523.6781 522.88407 521.93527 520.81068 519.48631 517.93461 516.1238 514.01694 511.57082 508.73458 505.44807 501.64011 497.2267 492.10955 486.17536 479.29663 471.3351 462.14958 451.61062 439.62544 426.17718 411.38313 395.5767 379.42027 364.06124 351.32448
521.21138 521.26044 521.32406 521.40198 521.49387 521.5993 521.71774 521.84855 521.99095 522.14403 522.30673 522.47784 522.65594 522.83944 523.02656 523.21527 523.40332 523.5882 523.76715 523.93711 524.09471 524.23624 524.35764 524.45444 524.52175 524.55414 524.54565 524.48967 524.3788 524.20483 523.95849 523.62935 523.20562 522.67391 522.01904 521.22374 520.26838 519.13058 517.78482 516.20179 514.34767 512.183 509.66123 506.72689 503.3132 499.33924 494.70678 489.29701 482.96748 475.55009 466.85133 456.65658 444.74181 430.89726 414.96966 396.92999 376.97272 355.65341 334.10163 314.43585
519.44915 519.48568 519.53752 519.60448 519.68628 519.78253 519.89276 520.01636 520.15263 520.30069 520.45952 520.62795 520.80461 520.98793 521.17614 521.36723 521.55897 521.74885 521.9341 522.11163 522.27807 522.42969 522.56239 522.67167 522.75258 522.79966 522.80685 522.76744 522.67392 522.51783 522.28964 521.9785 521.57209 521.05632 520.41509 519.63008 518.68039 517.54227 516.18875 514.58904 512.70779 510.50392 507.92887 504.92431 501.41892 497.3245 492.53114 486.90179 480.2664 472.41638 463.10034 452.02313 438.85202 423.23612 404.84947 383.47014 359.10268 332.12887 303.4653 274.94606
