RAINFALL_MAXIMUM_RP_20.tif
NCOLS 101
NROWS 90
XLLCORNER -81.15
YLLCORNER -4.25
DX 0.0099207921
DY 0.01
NODATA_VALUE -9999
[rows 52 to 77 of 90, columns 0 to 59 of 101]
137.22972 136.59488 135.94234 135.26929 134.57251 133.84845 133.09324 132.30283 131.47329 130.60121 129.68452 128.72368 127.72351 126.69578 125.66239 124.65853 123.73429 122.95211 122.37714 122.0599 122.016 122.21308 122.5749 123.00325 123.40791 123.73159 123.96214 124.12983 124.29006 124.49324 124.74864 124.99593 125.09804 124.85718 124.04141 122.40929 119.7455 115.97723 111.51944 107.85665 107.38121 111.12466 117.18643 122.92007 126.93906 128.92056 128.95326 127.28145 124.4332 121.64284 120.92064 123.532 128.8452 135.53236 142.37934 148.44459 153.08081 155.8705 156.72727 156.43901
136.08358 135.41386 134.72393 134.01026 133.26873 132.49457 131.68234 130.82599 129.91896 128.95454 127.92657 126.83068 125.66654 124.44136 123.17519 121.90743 120.70308 119.65388 118.86741 118.43873 118.40985 118.73829 119.29966 119.92857 120.47513 120.84904 121.04003 121.11603 121.20058 121.42607 121.86851 122.49121 123.13483 123.56386 123.53988 122.88623 121.541 119.63023 117.59303 116.27491 116.65626 119.06501 122.75234 126.51756 129.46823 131.20059 131.6777 131.13133 130.06155 129.26721 129.69396 131.94934 135.95013 141.11831 146.714 152.03717 156.5417 159.90935 162.15707 163.79925
134.92025 134.2163 133.48991 132.73686 131.95212 131.12968 130.26245 129.34213 128.35916 127.30281 126.16156 124.92413 123.58167 122.13195 120.58676 118.98335 117.39899 115.96261 114.84887 114.23585 114.22521 114.7666 115.6519 116.59584 117.3453 117.7535 117.80706 117.62611 117.44275 117.53645 118.11275 119.17631 120.50115 121.73528 122.5567 122.78267 122.41546 121.65746 120.90775 120.69632 121.49059 123.4193 126.14504 129.03865 131.48863 133.11071 133.81137 133.77646 133.43778 133.40506 134.3114 136.57594 140.22746 144.9288 150.14213 155.30492 159.96316 163.86068 166.99924 169.65601
133.7395 133.00226 132.2408 131.45027 130.62479 129.75718 128.83872 127.85886 126.80491 125.66167 124.41138 123.03395 121.50848 119.81713 117.95375 115.94041 113.85468 111.86332 110.2389 109.31003 109.30973 110.19434 111.60768 113.05099 114.10164 114.52626 114.29761 113.5944 112.80686 112.47686 113.07668 114.70007 116.96074 119.23546 120.99868 121.98778 122.2087 121.89743 121.48349 121.51243 122.4604 124.47692 127.26098 130.21432 132.73101 134.403 135.08534 134.88979 134.19006 133.68608 134.37243 136.96899 141.30313 146.67708 152.42191 158.0269 163.13684 167.56124 171.28371 174.45078
132.54052 131.77116 130.97636 130.15079 129.28784 128.37933 127.41513 126.38267 125.26629 124.04652 122.69913 121.19436 119.49674 117.56709 115.36978 112.89197 110.18453 107.43201 105.02835 103.5568 103.5268 104.94771 107.19805 109.4053 110.89258 111.31823 110.62311 109.0175 107.0786 105.79688 106.21322 108.638 112.31605 116.04976 118.94849 120.62515 121.061 120.49568 119.45729 118.83144 119.6265 122.25069 126.08524 130.02737 133.19546 135.1128 135.59595 134.6524 132.52574 130.10813 129.66216 133.16871 139.46596 146.63656 153.70605 160.24447 166.04099 170.99714 175.09684 178.42381
131.32183 130.5216 129.69539 128.83755 127.94098 126.99675 125.99368 124.91763 123.75066 122.4698 121.04536 119.43878 117.60022 115.46689 112.96559 110.02812 106.63901 102.94713 99.450029 97.103374 96.943607 99.144012 102.61938 105.88388 107.93999 108.35876 107.02843 104.09283 100.2424 97.143101 97.016329 100.69906 106.59903 112.39438 116.68608 119.01318 119.33675 117.80185 114.94868 112.3049 112.35332 116.34481 122.6227 128.68114 133.1302 135.53277 135.78254 133.83086 129.74141 124.23922 121.51347 126.98519 136.26199 145.78496 154.54462 162.23095 168.78536 174.19937 178.43505 181.50673
130.08113 129.2512 128.39551 127.50828 126.58216 125.60785 124.57357 123.46429 122.26079 120.93806 119.46315 117.79186 115.86416 113.59848 110.88702 107.60063 103.62869 99.014643 94.271359 90.762065 90.328769 93.484154 98.439875 102.87724 105.51631 105.93037 103.9453 99.480008 93.079385 87.155171 86.010418 91.574363 100.58229 108.90244 114.69133 117.60864 117.62654 114.61392 108.74704 102.18944 100.4527 106.98823 117.54699 126.83177 133.03219 136.11486 136.26601 133.55135 128.25554 121.55567 117.58154 124.05795 134.47829 145.57278 155.71416 164.3674 171.51009 177.15318 181.1314 183.2492
128.81532 127.95655 127.07304 126.15907 125.20734 124.20852 123.15072 122.01881 120.79338 119.44928 117.95328 116.26049 114.30877 112.01052 109.24251 105.8398 101.61873 96.505676 90.930453 86.492601 85.77173 89.664333 95.702303 100.89023 103.86182 104.28191 101.93019 96.445702 87.987002 79.356499 77.115624 84.565496 96.375937 106.6828 113.54848 116.88855 116.68885 112.4699 103.74107 92.77271 88.698563 98.293246 113.5197 125.87041 133.60801 137.33995 137.60351 134.60458 128.80346 122.03743 118.67539 124.52117 135.20704 147.06155 157.87805 166.98172 174.32525 179.8405 183.09444 183.43182
127.52037 126.63316 125.72296 124.78437 123.81038 122.79195 121.71758 120.57262 119.33852 117.99164 116.50145 114.8276 112.91521 110.68749 108.03557 104.80994 100.83478 96.017413 90.719516 86.44687 85.748053 89.523549 95.307984 100.22256 103.04008 103.48517 101.33173 96.153525 87.956874 79.389928 77.137304 84.642956 96.449865 106.73853 113.67077 117.1608 117.1327 113.01845 104.22187 92.988703 88.785149 98.747899 114.54983 127.39568 135.52507 139.59091 140.17347 137.4709 131.64525 123.55551 119.00089 126.70661 138.81684 150.76403 161.36783 170.25807 177.36409 182.50436 185.09409 184.40134
126.19139 125.27538 124.33885 123.37689 122.38303 121.3488 120.26334 119.1129 117.88035 116.54454 115.07943 113.45269 111.62353 109.53906 107.12964 104.30704 100.98199 97.153378 93.171924 90.158342 89.797966 92.579136 96.829156 100.5617 102.82063 103.32041 101.87552 98.253676 92.669311 87.183341 86.154214 91.721204 100.62936 108.94093 114.99049 118.3992 118.97258 116.36861 110.56437 103.74258 101.99568 109.34951 121.19603 131.72606 138.99967 143.03538 144.11902 142.42098 138.24843 133.02299 131.16185 136.62475 146.36471 156.66966 166.10569 174.21675 180.80967 185.64723 188.35418 188.88577
124.82265 123.87654 122.91296 121.92774 120.91512 119.86739 118.77448 117.62358 116.39893 115.08173 113.65031 112.08061 110.34694 108.42335 106.28603 103.91977 101.33776 98.638412 96.129799 94.458605 94.394729 96.06959 98.649845 101.08138 102.72353 103.31061 102.72872 100.95968 98.347742 96.151206 96.426921 100.15123 106.01903 112.03852 116.96461 120.24382 121.61245 120.97162 118.69513 116.38622 116.95872 122.06007 129.90668 137.64168 143.68535 147.57347 149.27267 148.93085 147.04208 144.94758 145.0352 148.96976 155.8472 163.80111 171.61837 178.70542 184.73734 189.47689 192.79956 194.99466
123.40762 122.42892 121.43627 120.42644 119.39462 118.33402 117.23535 116.08654 114.87254 113.57568 112.17655 110.65589 108.9979 107.19542 105.25776 103.22205 101.16923 99.245969 97.687576 96.806723 96.868102 97.857423 99.401366 100.98644 102.2182 102.90485 103.01552 102.6461 102.09366 101.99187 103.17175 106.04381 110.19001 114.73965 118.90788 122.18118 124.30202 125.28039 125.52165 125.98442 127.94448 132.06344 137.74437 143.73531 148.994 152.92465 155.28495 156.14936 155.99871 155.81261 156.85782 159.94954 164.90353 170.9383 177.29798 183.4431 189.00314 193.73636 197.56391 200.60035
121.93916 120.92391 119.89853 118.86099 117.80773 116.73305 115.62854 114.48248 113.27966 112.00154 110.62744 109.13691 107.51416 105.7551 103.878 101.93766 100.04041 98.352013 97.083825 96.442408 96.544699 97.332722 98.552227 99.846579 100.92398 101.67588 102.17237 102.58227 103.13114 104.12518 105.9089 108.67339 112.28577 116.32993 120.29674 123.76361 126.50369 128.54718 130.21573 132.0888 134.80841 138.73415 143.71183 149.17471 154.41864 158.80275 161.87359 163.54787 164.27632 164.89865 166.24263 168.79429 172.59445 177.36042 182.67975 188.13546 193.36292 198.08388 202.1275 205.3516
120.4096 119.35209 118.28835 117.21786 116.13872 115.04676 113.93466 112.79099 111.5995 110.33887 108.98328 107.50427 105.8745 104.07438 102.10295 99.994747 97.843788 95.831012 94.236832 93.393178 93.528042 94.566958 96.099452 97.598451 98.712282 99.419088 99.965316 100.64688 101.65125 103.13292 105.32127 108.39361 112.2667 116.58272 120.87389 124.74136 127.96788 130.57244 132.8249 135.20472 138.26192 142.38397 147.59449 153.53771 159.60746 165.0337 168.96272 170.95629 171.66222 172.283 173.549 175.69919 178.8042 182.81241 187.51189 192.57611 197.64564 202.38248 206.48695 209.69873
118.81106 117.70351 116.59329 115.4819 114.36967 113.25469 112.13144 110.9892 109.81056 108.57016 107.23412 105.76025 104.09966 102.2002 100.01394 97.514007 94.732532 91.838987 89.257744 87.705578 87.860041 89.685688 92.259439 94.469217 95.722825 96.143076 96.364854 96.988371 98.098359 99.622311 101.94917 105.55453 110.30268 115.55326 120.63878 125.09513 128.68343 131.38414 133.44729 135.48651 138.41563 142.96737 149.17454 156.49371 164.213 171.40939 176.53017 178.23951 177.92259 178.03315 179.12481 180.97012 183.6401 187.25491 191.69797 196.66906 201.80549 206.72542 211.00784 214.23407
117.13582 115.96798 114.80014 113.63635 112.48004 111.33273 110.19204 109.04933 107.88697 106.67579 105.37278 103.9192 102.23885 100.23617 97.795398 94.788004 91.112472 86.827957 82.469343 79.416954 79.441103 82.796419 87.421054 90.946761 92.347851 92.017554 91.409381 91.913166 93.160149 94.169001 96.03557 100.35082 106.67838 113.53436 119.8275 125.01434 128.83053 131.14805 132.10474 132.60264 134.635 139.92699 148.11359 157.68547 167.57157 176.90409 183.50046 184.39866 182.38247 182.12868 183.23505 184.79647 187.18579 190.72056 195.23791 200.39223 205.84243 211.25631 216.20091 219.99004
115.37683 114.13566 112.89535 111.66303 110.44637 109.25199 108.0829 106.93506 105.79314 104.62619 103.38343 101.99036 100.34394 98.305099 95.686802 92.241647 87.676164 81.79319 75.019371 69.476452 68.94743 74.626602 82.38752 87.764758 89.227047 87.487154 85.260765 85.938595 88.070895 87.569706 87.844741 93.337739 102.17305 111.19175 118.90488 124.8425 128.75543 130.29352 129.18426 126.48543 126.40737 133.07417 144.60522 157.05649 168.74331 179.03435 185.93596 186.4346 184.33551 184.84074 186.02164 187.13171 189.48153 193.33197 198.23233 203.76368 209.67391 215.8259 222.04619 227.59067
113.52858 112.19802 110.86598 109.54309 108.24245 106.978 105.76144 104.59741 103.47731 102.37252 101.22808 99.95739 98.436575 96.494911 93.896052 90.308066 85.282388 78.353856 69.655626 61.687978 60.32461 68.158826 78.809646 85.767311 87.221043 83.97791 79.62862 80.621833 84.703375 81.746329 79.883606 87.247848 98.768195 109.67128 118.49083 124.97807 128.91879 129.71044 126.4896 120.08338 117.35229 125.82725 140.95049 155.65945 167.88159 177.30898 182.99318 184.44425 184.88382 186.49485 187.13854 187.94325 190.88464 195.48227 200.94046 206.85772 213.11359 219.77806 227.01277 234.30108
111.58815 110.14923 108.70131 107.2585 105.84032 104.47064 103.17424 101.97063 100.86493 99.837355 98.833873 97.76014 96.478574 94.803986 92.490075 89.201705 84.489899 77.877976 69.45411 61.645678 60.304209 68.054417 78.590596 85.526922 87.067152 83.93101 79.626235 80.62749 84.735222 81.775256 79.901977 87.352165 99.027806 110.1098 119.10434 125.73368 129.74106 130.46513 126.99694 120.25493 117.40209 126.0067 141.15131 155.50395 166.87522 175.13611 180.3482 183.24769 185.4239 187.01369 187.30336 188.71201 192.59816 197.90556 203.76851 209.85649 216.10038 222.55716 229.26287 235.49413
109.55659 107.98814 106.39545 104.79502 103.21305 101.68576 100.25665 98.968908 97.852286 96.90612 96.083752 95.284938 94.359319 93.116335 91.331158 88.740409 85.046521 80.025882 74.005966 68.939907 68.511232 73.993509 81.525561 86.917938 88.649107 87.230599 85.197147 85.967996 88.204869 87.782589 88.132087 93.860408 103.10165 112.61551 120.83698 127.21357 131.38417 132.85965 131.28219 127.91208 127.52566 134.38704 145.94849 157.58708 167.26475 174.62342 179.87468 183.59849 186.35169 188.07306 189.15938 191.47913 195.77472 201.22694 207.0984 213.06038 218.97145 224.71314 230.03141 234.25903
107.44038 105.72082 103.951 102.147 100.34006 98.580007 96.935134 95.484723 94.300647 93.418887 92.810074 92.365123 91.907734 91.229033 90.125205 88.423635 86.010527 82.920904 79.595865 77.246093 77.526399 80.8123 85.381569 89.138083 91.043489 91.277916 91.109684 91.930082 93.464702 94.74808 96.906295 101.64775 108.58915 116.20391 123.32018 129.28647 133.693 136.24945 137.01574 137.0844 138.89174 144.3044 152.46756 161.23414 169.1845 175.80209 181.07215 185.21121 188.41355 190.81953 193.02093 196.06621 200.37377 205.55802 211.13997 216.81198 222.34743 227.49677 231.95066 235.43225
105.25273 103.36329 101.38391 99.324672 97.216684 95.121095 93.135695 91.391866 90.031887 89.161197 88.788268 88.787896 88.922993 88.920903 88.559417 87.722041 86.422797 84.835003 83.352125 82.613244 83.260178 85.389369 88.340051 91.181627 93.290132 94.61284 95.633207 96.929291 98.640215 100.73082 103.63516 107.91436 113.50137 119.7687 126.00983 131.6684 136.35909 139.89357 142.42083 144.63536 147.68007 152.38279 158.56989 165.40892 172.11792 178.23785 183.58796 188.14911 191.96911 195.20874 198.293 201.7802 205.9543 210.74651 215.96132 221.38856 226.77917 231.82456 236.21846 239.83023
103.01396 100.9438 98.728702 96.36366 93.868875 91.307245 88.804328 86.560288 84.831426 83.855665 83.728143 84.301314 85.2099 86.026808 86.436491 86.322799 85.768792 85.019221 84.434652 84.419429 85.287288 87.093928 89.571715 92.257486 94.733584 96.831697 98.674829 100.51865 102.56569 104.99461 108.07736 112.07452 117.00783 122.60627 128.43486 134.04892 139.10146 143.42117 147.08653 150.46437 154.10669 158.4691 163.66329 169.47209 175.53998 181.53725 187.22609 192.45025 197.11135 201.2061 204.9014 208.51109 212.35964 216.67544 221.55237 226.93064 232.58913 238.16663 243.24008 247.48151
100.74997 98.503121 96.042405 93.335293 90.373365 87.199712 83.950311 80.90062 78.478923 77.17127 77.273831 78.62698 80.614921 82.493263 83.743614 84.201159 83.995258 83.446062 82.982014 83.058295 84.031522 86.007591 88.779234 91.932213 95.046358 97.862182 100.33219 102.56212 104.74044 107.13906 110.11103 113.96228 118.77018 124.3326 130.27292 136.18614 141.74394 146.75081 151.17122 155.14221 158.96703 163.04737 167.71858 173.09163 179.05041 185.36948 191.81056 198.128 204.01911 209.13259 213.25081 216.55998 219.66706 223.26451 227.80174 233.39743 239.88471 246.83906 253.56505 259.1612
98.487742 96.090755 93.403634 90.352792 86.878274 82.968058 78.724734 74.472385 70.862299 68.814609 69.071901 71.526304 75.091918 78.423941 80.661604 81.575859 81.360124 80.437365 79.39491 78.96645 79.852281 82.308455 85.962262 90.133191 94.215471 97.82782 100.80384 103.13953 105.00306 106.84564 109.4016 113.28594 118.54437 124.74635 131.35882 137.94972 144.2123 149.92765 154.92955 159.14526 162.77611 166.40993 170.71738 176.03208 182.32481 189.42021 197.12699 205.18171 213.03661 219.70095 224.16433 226.46906 227.99545 230.34041 234.42094 240.51033 248.52245 258.05033 268.07046 276.58299
96.246673 93.754922 90.902326 87.564658 83.610182 78.93164 73.529458 67.692595 62.282687 58.874559 59.094319 63.068552 68.879351 74.146389 77.540612 78.825604 78.31463 76.542567 74.264361 72.651934 73.161011 76.392229 81.482893 87.161169 92.52076 97.042028 100.43389 102.52945 103.39728 103.80482 105.44754 109.69522 116.23634 123.87827 131.72137 139.32581 146.47753 152.98097 158.52132 162.72671 165.7128 168.56834 172.5506 178.10566 185.09854 193.34958 202.80461 213.36547 224.34963 233.72406 238.64704 238.7234 237.21988 237.48133 240.89065 247.69572 257.92385 271.48527 287.35695 301.88199
