RAINFALL_MAXIMUM_RP_1000.tif
NCOLS 101
NROWS 90
XLLCORNER -81.15
YLLCORNER -4.25
DX 0.0099207921
DY 0.01
NODATA_VALUE -9999
[rows 26 to 51 of 90, columns 0 to 59 of 101]
517.64926 517.67255 517.71196 517.76735 517.83848 517.92505 518.02663 518.14269 518.27257 518.41546 518.5704 518.73627 518.91174 519.0953 519.28521 519.4795 519.67595 519.87209 520.06514 520.25206 520.42946 520.59363 520.74048 520.86552 520.96382 521.02992 521.05777 521.04065 520.97097 520.84019 520.63856 520.35489 519.97633 519.48806 518.87299 518.11153 517.18133 516.05706 514.71019 513.10858 511.21588 508.9904 506.38327 503.33568 499.77498 495.60952 490.72214 484.9624 478.13762 470.00329 460.25355 448.51365 434.3381 417.22259 396.6453 372.16361 343.59418 311.25594 276.0747 239.2344
515.81021 515.81948 515.8457 515.88879 515.9486 516.02487 516.11727 516.22533 516.34846 516.48593 516.63685 516.80016 516.97461 517.15874 517.35086 517.54907 517.75119 517.95477 518.15711 518.35518 518.54565 518.72485 518.88875 519.03293 519.15254 519.24222 519.29603 519.30734 519.26866 519.17146 519.00591 518.7606 518.42219 517.97508 517.40101 516.67882 515.78424 514.68982 513.365 511.77608 509.886 507.65351 505.03142 501.96354 498.38009 494.19136 489.27941 483.48796 476.61029 468.37555 458.43398 446.34226 431.55217 413.41091 391.19331 364.21038 332.07474 295.21134 255.45435 215.433
513.93048 513.92483 513.937 513.96697 514.01467 514.07993 514.16249 514.26197 514.37786 514.50953 514.65617 514.8168 514.99026 515.17516 515.3699 515.57264 515.78127 515.99342 516.20644 516.41737 516.62297 516.81965 517.00349 517.17023 517.31516 517.43315 517.5185 517.56483 517.56493 517.51051 517.39188 517.19758 516.91393 516.5245 516.00963 515.34609 514.50685 513.46129 512.17569 510.61388 508.73789 506.50773 503.88008 500.80514 497.22133 493.04779 488.17432 482.44895 475.66287 467.53318 457.68364 445.6241 430.73039 412.2303 389.21423 360.72013 326.01001 285.27871 241.153 200.75126
512.00846 511.98691 511.98405 511.99996 512.03465 512.08805 512.15997 512.25015 512.35817 512.48351 512.62545 512.78313 512.95548 513.14122 513.33885 513.5466 513.76247 513.98417 514.20914 514.43454 514.65722 514.87375 515.08038 515.27305 515.44734 515.59845 515.7211 515.8094 515.85668 515.85522 515.79582 515.66733 515.45598 515.14464 514.71204 514.13213 513.37385 512.40147 511.17584 509.65624 507.80248 505.57613 502.94008 499.8554 496.27531 492.13631 487.34635 481.77012 475.2114 467.39284 457.93394 446.3278 431.91675 413.86801 391.15819 362.59762 326.97706 283.51689 232.97717 180.75072
510.04254 510.00396 509.98499 509.98577 510.00642 510.04694 510.10729 510.18728 510.28664 510.40495 510.54162 510.6959 510.86686 511.05333 511.25392 511.467 511.69066 511.92274 512.16079 512.40211 512.64369 512.88229 513.11441 513.33626 513.54385 513.73285 513.89862 514.03606 514.13942 514.20201 514.21569 514.17025 514.05244 513.84483 513.52449 513.06179 512.41969 511.55422 510.41664 508.95732 507.13062 504.89892 502.23372 499.11259 495.5118 491.39551 486.70194 481.32661 475.10225 467.77601 458.98634 448.24138 434.89944 418.14837 396.98243 370.18601 336.36266 294.10661 242.65552 185.62958
508.03103 507.97421 507.9379 507.92235 507.92776 507.95426 508.00191 508.07068 508.16039 508.27078 508.4014 508.55164 508.72072 508.9076 509.11105 509.32956 509.56137 509.80445 510.05651 510.31499 510.57708 510.83977 511.09983 511.3539 511.59847 511.82991 512.04447 512.23819 512.40674 512.54513 512.64716 512.70459 512.70586 512.63429 512.46588 512.16684 511.69176 510.98349 509.97637 508.60347 506.80676 504.54665 501.80616 498.58722 494.9001 490.74908 486.11633 480.94365 475.11009 468.4061 460.50871 450.96518 439.18878 424.46247 405.94271 382.66762 353.61829 318.02184 276.60987 236.20977
505.97226 505.89584 505.84083 505.80758 505.79641 505.80757 505.84124 505.89752 505.9764 506.07776 506.20133 506.34666 506.51313 506.69988 506.90583 507.12964 507.36973 507.62421 507.89095 508.16758 508.45152 508.74001 509.03017 509.3191 509.60393 509.88191 510.15045 510.40716 510.64975 510.87583 511.08238 511.26476 511.41514 511.51987 511.55578 511.48557 511.25304 510.78082 509.97382 508.7318 506.97005 504.64051 501.7422 498.31453 494.418 490.11231 485.438 480.39902 474.9396 468.91262 462.04798 453.93931 444.06308 431.82604 416.62398 397.91197 375.34641 349.1958 321.47544 298.16069
503.86451 503.76701 503.6918 503.63935 503.61008 503.60437 503.62256 503.6649 503.73154 503.82253 503.93779 504.07707 504.23994 504.42573 504.63356 504.86229 505.11048 505.37646 505.65828 505.95377 506.26056 506.57618 506.89815 507.22409 507.55185 507.87973 508.20658 508.53204 508.85656 509.18144 509.50844 509.83896 510.17215 510.50159 510.80959 511.05887 511.18206 511.07278 510.58603 509.55781 507.8468 505.38243 502.18916 498.36979 494.0623 489.40071 484.49587 479.42757 474.22697 468.83519 463.04924 456.49646 448.67879 439.08245 427.30717 413.18901 396.95658 379.52538 363.03086 351.34787
501.70606 501.58585 501.4888 501.41546 501.3664 501.34213 501.34313 501.36982 501.42255 501.50157 501.60699 501.73879 501.89676 502.08047 502.28925 502.52216 502.778 503.05527 503.35223 503.6669 503.99716 504.34083 504.6958 505.06023 505.43278 505.81288 506.20108 506.59941 507.01179 507.44439 507.90571 508.40623 508.95687 509.56533 510.22852 510.91907 511.56454 512.0227 512.06751 511.41331 509.79804 507.09703 503.38358 498.88153 493.85692 488.53961 483.11102 477.72928 472.53833 467.61595 462.862 457.9133 452.20296 445.16721 436.47042 426.157 414.76073 403.43267 394.05849 389.16432
499.49519 499.35053 499.22983 499.13377 499.06303 499.01827 499.00014 499.00924 499.04612 499.11125 499.20498 499.32755 499.47899 499.65913 499.86757 500.1036 500.36625 500.65425 500.96604 501.29986 501.65379 502.02591 502.41446 502.81813 503.23632 503.66966 504.12046 504.59344 505.09652 505.64179 506.24643 506.93348 507.73155 508.67231 509.78251 511.06552 512.46543 513.81051 514.75516 514.78552 513.37743 510.27735 505.6674 500.02704 493.8482 487.47365 481.12077 474.99378 469.37282 464.57361 460.71326 457.43138 453.91915 449.32534 443.16054 435.45041 426.75465 418.21224 411.60269 409.23057
497.23021 497.0592 496.9129 496.79209 496.69759 496.63021 496.59077 496.58005 496.59885 496.64786 496.72771 496.83892 496.98181 497.15652 497.36292 497.6006 497.86885 498.16661 498.49255 498.84506 499.22241 499.62289 500.04499 500.4878 500.95141 501.43747 501.95 502.49638 503.08875 503.74569 504.49449 505.37368 506.43556 507.74716 509.38589 511.42074 513.86161 516.55182 519.00442 520.30144 519.34885 515.58023 509.43816 501.96836 494.06596 486.17366 478.43366 470.98248 464.22123 458.89415 455.66153 454.25766 453.30453 451.24004 447.14882 440.8163 432.52069 423.06203 414.19417 409.25428
494.90945 494.71007 494.53606 494.38832 494.26779 494.17542 494.11222 494.07918 494.07732 494.10763 494.17103 494.26833 494.40022 494.56718 494.76941 495.00683 495.27902 495.58517 495.92413 496.29448 496.69458 497.12281 497.57783 498.05892 498.5666 499.1033 499.67437 500.28951 500.96466 501.72469 502.60708 503.66708 504.98423 506.66996 508.87282 511.77045 515.51815 520.08731 524.91066 528.44849 528.43391 523.5567 514.87517 504.64585 494.42016 484.63659 475.13926 465.75549 456.8539 449.85133 446.7296 447.72001 450.19437 451.11617 448.91432 443.02944 433.09629 418.82712 401.15437 385.41649
492.53129 492.30139 492.09742 491.92039 491.77135 491.6514 491.56173 491.50356 491.47815 491.48678 491.5307 491.61111 491.72907 491.88546 492.08089 492.31564 492.58963 492.90233 493.2528 493.63971 494.06148 494.51646 495.00323 495.52107 496.07054 496.65437 497.27865 497.95455 498.70075 499.54695 500.53915 501.74724 503.27629 505.28244 507.99273 511.72056 516.84093 523.61166 531.58945 538.52112 540.11916 533.56008 521.16533 507.36924 494.53947 482.86781 471.64451 460.09884 448.1865 437.99176 434.08745 438.24105 445.32916 449.78347 449.4753 443.66393 431.06158 409.18409 375.66893 336.25766
490.09415 489.83147 489.59517 489.38633 489.20611 489.05577 488.93666 488.85022 488.79798 488.78154 488.80253 488.86254 488.96309 489.10553 489.29094 489.52006 489.79319 490.11012 490.47012 490.87195 491.31398 491.79436 492.31141 492.86401 493.45234 494.0788 494.74934 495.47534 496.27644 497.18461 498.2504 499.55252 501.21263 503.41797 506.45447 510.74696 516.87491 525.42448 536.257 546.63359 550.00072 541.59106 525.44355 508.50065 493.70533 480.82806 468.62174 455.74055 441.47925 428.0123 422.74997 429.89174 441.23771 448.67463 450.02625 444.58803 430.23844 402.12186 352.83977 283.69065
487.59653 487.29872 487.02758 486.78427 486.57004 486.38627 486.23448 486.11632 486.03361 485.98827 485.98233 486.01787 486.09692 486.22138 486.39291 486.61279 486.88181 487.20013 487.56726 487.98202 488.44263 488.94692 489.49262 490.07789 490.70198 491.36621 492.07534 492.83945 493.67685 494.61826 495.7133 497.0405 498.72299 500.95287 504.02768 508.39738 514.69202 523.58652 535.03703 546.1857 549.83998 540.77753 523.69033 506.15706 491.15442 478.34798 466.46328 454.16651 440.66588 427.80757 422.71486 429.77732 441.15347 449.0758 451.38442 447.13115 433.88918 406.46944 356.99765 286.1435
485.03702 484.70164 484.39308 484.11252 483.86129 483.64086 483.45289 483.29925 483.18201 483.10347 483.06609 483.07246 483.12522 483.22694 483.37996 483.58626 483.84721 484.16349 484.53488 484.96026 485.43765 485.96434 486.53725 487.15336 487.81048 488.50807 489.24861 490.03929 490.89469 491.84052 492.91948 494.20002 495.78986 497.85611 500.65302 504.55188 510.0378 517.54094 526.74967 535.07763 537.07162 529.2248 514.9859 499.94565 486.63035 475.0935 464.61185 454.46855 444.45467 435.97797 432.84251 437.01993 444.51993 450.72202 453.4697 451.33935 442.20386 422.76583 389.92192 349.26541
482.41426 482.03884 481.69021 481.36955 481.0782 480.81772 480.58986 480.39667 480.24049 480.12396 480.05 480.0218 480.0427 480.11605 480.24506 480.43254 480.68069 480.9908 481.36309 481.79651 482.28881 482.8366 483.43568 484.08152 484.7699 485.49774 486.26425 487.07236 487.9308 488.85708 489.88183 491.05529 492.45652 494.2057 496.47771 499.50676 503.54772 508.70035 514.43266 518.85509 518.90798 512.9405 502.73675 491.34054 480.51243 470.68562 461.78745 453.77189 446.91009 442.03578 440.39683 442.4226 446.82818 451.6642 455.23037 455.97884 452.33318 442.95532 428.21149 413.89806
479.72701 479.30906 478.91769 478.55403 478.2194 477.91535 477.64371 477.40665 477.20673 477.04692 476.93065 476.86172 476.84429 476.88264 476.98106 477.14346 477.37307 477.67209 478.04131 478.47989 478.98528 479.55325 480.17822 480.85375 481.57312 482.33014 483.12003 483.94047 484.79296 485.68471 486.63121 487.65987 488.81461 490.16078 491.78704 493.79512 496.25405 499.07538 501.77486 503.25418 502.09688 497.62177 490.52351 482.12377 473.4161 464.91174 456.92283 449.81373 444.09614 440.36606 439.11725 440.53464 444.33232 449.64622 455.13397 459.32202 461.02649 459.83347 456.85045 455.52892
476.97407 476.51115 476.0744 475.66486 475.28377 474.93261 474.61318 474.32773 474.07895 473.87013 473.70516 473.58852 473.52527 473.52084 473.58081 473.71054 473.91467 474.19663 474.55811 474.99866 475.51542 476.10322 476.75481 477.46142 478.21343 479.00112 479.81532 480.64805 481.49314 482.34688 483.20888 484.08307 484.97859 485.90972 486.89252 487.93353 489.00198 489.97549 490.56439 490.27728 488.55247 485.05877 479.87516 473.35296 465.89092 457.86299 449.68004 441.88056 435.17476 430.40856 428.45807 430.01434 435.15378 442.97275 451.82607 460.03196 466.4823 470.97411 474.34417 478.2581
474.15429 473.64405 473.15939 472.7012 472.27055 471.86877 471.49755 471.15907 470.85609 470.59211 470.37142 470.19922 470.08154 470.02516 470.03728 470.12512 470.29524 470.55285 470.90099 471.33988 471.8665 472.47455 473.15476 473.89561 474.68414 475.50676 476.34987 477.20006 478.04396 478.86787 479.65695 480.39424 481.05905 481.62435 482.05275 482.29152 482.26951 481.90237 481.10909 479.81647 477.90137 475.10146 471.05999 465.51733 458.43069 449.95276 440.40112 430.31492 420.59468 412.66389 408.50598 410.13426 418.11577 430.61776 444.61726 457.64693 468.44195 476.83145 483.43998 489.23334
471.26657 470.70676 470.17181 469.66238 469.17927 468.72355 468.29665 467.90056 467.53794 467.21234 466.92838 466.69188 466.50994 466.39084 466.34381 466.37846 466.504 466.72816 467.05606 467.48913 468.02434 468.65408 469.36658 470.14691 470.97819 471.84271 472.7226 473.59978 474.45513 475.26707 476.00949 476.64926 477.14311 477.43399 477.44765 477.09354 476.28028 474.96406 473.23352 471.34265 469.4795 467.32739 464.065 458.92919 451.5533 441.86554 429.95899 416.19402 401.55726 388.11808 379.39018 380.11745 392.55304 412.56905 433.9088 452.73195 467.68137 478.75312 486.65107 492.55988
468.3097 467.69831 467.11095 466.54797 466.00981 465.49714 465.01099 464.55294 464.12534 463.73158 463.37638 463.06605 462.8087 462.6143 462.4945 462.462 462.52962 462.70877 463.00774 463.42998 463.97283 464.62711 465.37777 466.20539 467.08823 468.00402 468.93092 469.84738 470.73069 471.55453 472.28579 472.88101 473.28259 473.41476 473.1805 472.46418 471.15393 469.21472 466.84212 464.58763 462.98775 461.59565 458.95722 453.85248 445.76311 434.4517 419.68161 401.42804 380.63038 360.00143 343.82828 341.08907 360.22651 391.24461 421.78696 446.86848 465.57037 478.19826 485.46202 489.16545
465.28241 464.61765 463.97606 463.35761 462.76227 462.19016 461.64171 461.11786 460.62036 460.1521 459.71756 459.32325 458.9781 458.69383 458.48485 458.36785 458.3605 458.47958 458.73827 459.14344 459.69341 460.37709 461.17483 462.06097 463.00722 463.98575 464.97099 465.93947 466.8677 467.72851 468.48666 469.0945 469.48819 469.5844 469.27815 468.44495 466.96088 464.77863 462.12917 459.79131 458.6665 458.06988 455.77507 450.34008 441.37114 428.5448 411.22657 388.80733 362.05513 335.4 312.78148 301.78052 331.0598 373.76906 412.29326 442.30283 463.64315 476.63213 481.09877 478.40061
462.18317 461.46353 460.76629 460.09095 459.43691 458.80359 458.1906 457.59796 457.02643 456.47799 455.95636 455.4677 455.02137 454.63058 454.31282 454.08961 453.98521 454.02413 454.22718 454.60703 455.16417 455.8851 456.74349 457.70433 458.72977 459.78454 460.83918 461.87018 462.85678 463.77559 464.59437 465.26678 465.72932 465.90054 465.68237 464.96501 463.64583 461.69731 459.3639 457.46913 456.9347 456.65636 454.03347 447.94941 438.30107 424.70391 406.20088 381.58778 350.88215 319.65555 304.52398 296.42303 326.13668 369.61168 409.57845 440.9268 463.06784 475.62327 476.6776 465.05745
459.01009 458.23439 457.48051 456.74745 456.03394 455.33856 454.65989 453.99671 453.34838 452.71537 452.09993 451.50708 450.94576 450.43007 449.98042 449.62394 449.39358 449.32497 449.45087 449.79377 450.35871 451.12928 452.06902 453.12834 454.25459 455.40151 456.53505 457.63384 458.68447 459.6731 460.57596 461.35222 461.94186 462.26931 462.25179 461.81217 460.90292 459.5656 458.06829 457.02951 456.78466 455.90969 452.41997 445.81461 436.12326 422.9473 405.35165 382.11386 352.83913 321.83671 307.46498 320.0551 344.33326 379.37789 414.24343 443.10066 464.24915 476.50892 477.38562 465.37132
455.76076 454.92812 454.11708 453.32611 452.55324 451.79609 451.05201 450.31824 449.59229 448.87242 448.15854 447.45334 446.76397 446.1041 445.49617 444.9732 444.57896 444.36489 444.3824 444.67089 445.24459 446.08395 447.13689 448.3304 449.58814 450.8468 452.06598 453.2293 454.33719 455.39336 456.38929 457.29253 458.04475 458.5713 458.79945 458.68102 458.21944 457.50697 456.76186 456.23161 455.6616 453.87571 449.81952 443.30275 434.32424 422.61937 407.68193 389.03061 367.16641 346.38427 337.61958 347.02903 368.07594 395.21494 423.0291 447.56047 466.79319 479.34903 483.78869 480.75501
