RAINFALL_MEAN_RP_100.tif
NCOLS 101
NROWS 90
XLLCORNER -81.15
YLLCORNER -4.25
DX 0.0099207921
DY 0.01
NODATA_VALUE -9999
[rows 26 to 51 of 90, columns 0 to 59 of 101]
224.7937 224.67092 224.55099 224.43363 224.31851 224.20522 224.0933 223.98222 223.87135 223.75998 223.64729 223.53237 223.41421 223.29165 223.16345 223.02824 222.88453 222.73075 222.56521 222.38617 222.19185 221.98046 221.7503 221.49975 221.22747 220.93239 220.61396 220.27224 219.90808 219.52334 219.12103 218.70542 218.28211 217.85787 217.44027 217.03703 216.65507 216.29925 215.97104 215.66718 215.37869 215.09039 214.78093 214.42304 213.98382 213.42435 212.69839 211.74981 210.50892 208.88802 206.77689 204.03899 200.51012 196.002 190.31586 183.27453 174.7826 164.90897 153.92604 142.19617
223.96398 223.83068 223.70026 223.57243 223.44687 223.32314 223.20078 223.07921 222.95776 222.83568 222.71209 222.58598 222.45624 222.3216 222.18064 222.03182 221.87343 221.70362 221.52041 221.3217 221.10532 220.86902 220.61058 220.32785 220.01887 219.68199 219.31606 218.92059 218.49603 218.04405 217.5678 217.07221 216.56415 216.05246 215.54761 215.061 214.60378 214.18513 213.81022 213.47831 213.18118 212.90258 212.61855 212.29851 211.90639 211.40092 210.73436 209.84918 208.67285 207.11114 205.04081 202.30287 198.6978 193.98548 187.89622 180.16677 170.62804 159.37498 146.97072 134.25812
223.11758 222.97338 222.83213 222.69353 222.55723 222.42281 222.28978 222.15753 222.02538 221.89251 221.75799 221.62074 221.47952 221.33294 221.17943 221.01725 220.84445 220.6589 220.45828 220.24009 220.00169 219.74031 219.4531 219.13724 218.79001 218.40893 217.99199 217.53786 217.04624 216.51822 215.95677 215.36717 214.75748 214.13878 213.52512 212.93275 212.37877 211.87872 211.44361 211.07678 210.77141 210.50962 210.26339 209.99712 209.67044 209.24009 208.65913 207.87299 206.81229 205.38328 203.45734 200.86099 197.36786 192.69463 186.50607 178.44427 168.21964 155.84312 142.12229 129.36486
222.25393 222.09845 221.94599 221.79626 221.6489 221.5035 221.35956 221.21644 221.07345 220.92971 220.78425 220.6359 220.48335 220.32506 220.15931 219.98414 219.79737 219.59656 219.37902 219.14182 218.88179 218.59553 218.2795 217.93002 217.54343 217.11618 216.64508 216.12758 215.56211 214.94868 214.28943 213.58945 212.8576 212.10717 211.35632 210.62759 209.94637 209.33775 208.82195 208.40912 208.09496 207.85887 207.66585 207.47146 207.22816 206.89003 206.41354 205.75295 204.85052 203.62305 201.94706 199.64561 196.4783 192.13514 186.23576 178.34145 168.00521 154.9175 139.26579 122.73662
221.37244 221.20525 221.04117 220.87991 220.72115 220.56445 220.40931 220.2551 220.1011 219.9464 219.78999 219.63064 219.46692 219.29721 219.1196 218.93195 218.73181 218.51644 218.28274 218.02732 217.74642 217.43597 217.09158 216.7086 216.2822 215.80751 215.27979 214.69475 214.04898 213.34057 212.56997 211.74108 210.86264 209.94963 209.02451 208.1176 207.26574 206.50837 205.88061 205.40442 205.08029 204.88318 204.76549 204.66653 204.5251 204.2899 203.9233 203.39637 202.67517 201.70106 200.36944 198.51239 195.88911 192.18367 187.00686 179.90027 170.35138 157.84939 142.09092 124.17435
220.47249 220.29312 220.11695 219.94374 219.77316 219.60479 219.43813 219.27257 219.10736 218.94159 218.77421 218.60393 218.42926 218.24845 218.05946 217.85995 217.64721 217.41818 217.16937 216.89688 216.59633 216.26289 215.89125 215.47564 215.00988 214.48746 213.90171 213.24604 212.51443 211.70205 210.80635 209.82847 208.77531 207.66205 206.51482 205.37278 204.28811 203.32175 202.53343 201.96636 201.63098 201.49544 201.48943 201.52174 201.50462 201.37454 201.10175 200.68506 200.13238 199.4305 198.51192 197.22987 195.3511 192.56688 188.51356 182.79376 175.00668 164.84621 152.49913 140.12116
219.55342 219.36134 219.17259 218.98693 218.80406 218.62359 218.44504 218.2678 218.09114 217.91414 217.73573 217.55459 217.36918 217.17764 216.97781 216.76716 216.54275 216.30119 216.0386 215.75055 215.43204 215.07742 214.68038 214.23393 213.73034 213.16121 212.51752 211.78983 210.96861 210.04491 209.01142 207.86426 206.60566 205.2479 203.81827 202.36441 200.95769 199.69074 198.66422 197.96087 197.61302 197.57966 197.74977 197.97494 198.11623 198.08382 197.85613 197.47512 197.01863 196.55282 196.07536 195.47213 194.51129 192.8798 190.24237 186.29991 180.85266 173.93175 166.15534 159.44136
218.61456 218.40918 218.20726 218.0086 217.81292 217.61986 217.42896 217.23965 217.05122 216.86277 216.67322 216.48126 216.28528 216.08338 215.87329 215.65231 215.41728 215.16452 214.88976 214.58806 214.25376 213.8804 213.46064 212.98615 212.44755 211.83433 211.13479 210.33606 209.42426 208.38495 207.204 205.86947 204.3747 202.72368 200.93903 199.07273 197.217 195.50883 194.11656 193.19788 192.83455 192.9767 193.44029 193.96978 194.32997 194.3787 194.09953 193.59822 193.06683 192.7108 192.64549 192.80546 192.93013 192.64615 191.59551 189.54361 186.45435 182.57684 178.59885 175.80376
217.65518 217.43586 217.22014 217.00785 216.79874 216.5925 216.38872 216.18686 215.98625 215.78604 215.58517 215.38233 215.17593 214.96401 214.74423 214.51377 214.26929 214.00683 213.72175 213.40865 213.06123 212.67223 212.23324 211.73462 211.16527 210.51244 209.76151 208.8958 207.89632 206.74188 205.40941 203.87535 202.11856 200.12647 197.90618 195.50246 193.02244 190.65858 188.68719 187.40852 187.01693 187.46431 188.43406 189.46927 190.15938 190.26745 189.77289 188.86794 187.92455 187.3977 187.63305 188.65243 190.09522 191.39595 192.05419 191.81348 190.71799 189.1169 187.65986 187.23903
216.67456 216.44059 216.21036 215.98371 215.76048 215.54038 215.32307 215.10806 214.89475 214.68234 214.46984 214.25598 214.03919 213.81753 213.5886 213.34952 213.09679 212.82624 212.53292 212.21098 211.85354 211.45258 210.99871 210.48097 209.88659 209.2006 208.40543 207.48038 206.40101 205.13846 203.65899 201.92402 199.89178 197.52245 194.7906 191.71055 188.38112 185.04683 182.1421 180.23215 179.76644 180.74101 182.59257 184.4825 185.69544 185.84382 184.8849 183.10548 181.13481 179.87571 180.16348 182.21985 185.42617 188.74054 191.30943 192.75067 193.12436 192.83042 192.54102 193.12218
215.67196 215.42255 215.177 214.9352 214.69703 214.46228 214.23066 214.00177 213.77509 213.54991 213.32532 213.10015 212.87287 212.64161 212.40398 212.15707 211.8973 211.62033 211.32096 210.99297 210.62899 210.22028 209.75658 209.22575 208.61346 207.9027 207.07312 206.10023 204.9542 203.59845 201.98781 200.06666 197.76758 195.01287 191.72368 187.84753 183.42319 178.70311 174.31187 171.2748 170.60255 172.46434 175.82446 179.12095 181.14982 181.33353 179.58365 176.22932 172.18193 169.1089 168.94038 172.43054 178.32364 184.47493 189.35494 192.40277 193.68573 193.61379 192.92826 192.86445
214.64662 214.38091 214.11915 213.86129 213.60726 213.35693 213.11008 212.86642 212.62553 212.38682 212.1495 211.9125 211.67445 211.43355 211.18751 210.93343 210.66773 210.38599 210.08281 209.7517 209.38487 208.97304 208.50515 207.96808 207.34619 206.62072 205.76901 204.76331 203.56921 202.14333 200.43011 198.35745 195.83132 192.73053 188.90622 184.1996 178.51163 171.99032 165.39412 160.43361 159.25277 162.51978 168.29808 173.71351 176.89446 177.12863 174.27032 168.50889 160.83288 154.01085 152.38042 158.15784 168.49417 178.81456 186.57741 191.20987 192.8758 191.86196 188.749 185.41061
213.59781 213.31485 213.03589 212.76096 212.49002 212.22304 211.95988 211.70038 211.44423 211.19099 210.94004 210.69048 210.4411 210.19027 209.93585 209.67506 209.40437 209.11936 208.81455 208.48327 208.11742 207.70729 207.24123 206.70534 206.08297 205.35407 204.49427 203.47353 202.25423 200.78825 199.01265 196.84311 194.1645 190.81779 186.5857 181.18802 174.32749 165.90125 156.59925 148.87716 146.73291 151.91206 160.95661 168.97925 173.45828 173.76274 169.71432 161.07283 148.29826 135.14104 130.43379 139.91234 157.09068 172.87141 183.82676 189.9226 191.59352 188.74613 181.0372 170.40184
212.52477 212.22354 211.92632 211.63317 211.34415 211.05929 210.77856 210.50193 210.22923 209.96021 209.69445 209.43126 209.16968 208.90831 208.64522 208.37785 208.10282 207.81581 207.51136 207.18272 206.82162 206.41804 205.95995 205.43289 204.81955 204.09907 203.2461 202.22947 201.01011 199.53803 197.74753 195.5497 192.82058 189.38315 184.9819 179.25619 171.74887 162.08775 150.71182 140.50112 137.30431 144.19825 156.04887 166.04933 171.40575 171.76654 166.96642 156.26094 139.11275 119.3387 110.85202 124.50267 148.58672 168.97936 182.27865 189.3806 191.0074 186.57169 174.24295 154.48
211.42681 211.1062 210.78954 210.47694 210.16852 209.86438 209.56463 209.26934 208.97854 208.69218 208.41008 208.13183 207.85676 207.58379 207.31132 207.03709 206.75797 206.46986 206.16743 205.84397 205.49115 205.09882 204.65468 204.14399 203.54907 202.84873 202.01736 201.02371 199.82909 198.38462 196.62693 194.47142 191.80127 188.45007 184.17614 178.63216 171.36194 161.95635 150.75553 140.5532 137.32671 144.27544 156.0608 165.85556 171.04966 171.40455 166.78061 156.3868 139.4918 119.6121 110.94717 124.88003 149.12679 169.4752 182.82741 190.13926 192.0395 187.80738 175.44318 155.19914
210.30324 209.96207 209.62472 209.29132 208.96204 208.63707 208.31661 208.00091 207.69015 207.38454 207.08417 206.78896 206.49863 206.2125 205.92939 205.64745 205.36397 205.07515 204.77593 204.45977 204.11838 203.74159 203.31701 202.82977 202.26211 201.59286 200.79667 199.8431 198.69514 197.30727 195.62248 193.56773 191.04676 187.92917 184.03523 179.1222 172.90206 165.19697 156.49234 149.04087 146.93899 152.0453 160.69298 168.10961 172.16016 172.44828 168.85459 161.0516 149.14911 136.37041 131.69908 141.35961 158.46033 174.08862 185.3195 192.14344 194.71368 192.59551 185.14332 174.19731
209.15343 208.79047 208.43108 208.07542 207.7237 207.37617 207.03314 206.69498 206.3621 206.03494 205.71391 205.39934 205.09138 204.78987 204.49419 204.20303 203.91422 203.62443 203.32901 203.02166 202.69429 202.33679 201.93677 201.47937 200.9469 200.31841 199.56916 198.66986 197.58579 196.2757 194.69051 192.77168 190.44917 187.63929 184.24386 180.15748 175.30537 169.77149 164.11253 159.7725 158.7531 161.70186 166.75306 171.34902 174.00042 174.20941 171.89165 167.17256 160.76341 154.95193 153.76783 159.47575 169.51701 179.92491 188.56733 194.7396 198.16313 198.66068 196.5185 193.66906
207.9768 207.59076 207.20793 206.82847 206.45261 206.08064 205.71295 205.35005 204.99253 204.6411 204.29652 203.95956 203.63093 203.31107 203.00006 202.69732 202.40136 202.10954 201.81771 201.51999 201.20854 200.87337 200.50216 200.08008 199.58959 199.01006 198.31735 197.4833 196.4752 195.25544 193.7816 192.00733 189.88487 187.37019 184.43319 181.0774 177.37833 173.55524 170.07775 167.71208 167.23733 168.77262 171.4698 174.09205 175.70209 175.8499 174.48757 171.92203 168.91063 166.79054 167.16329 170.80465 176.975 184.18731 191.16005 197.04121 201.3346 203.90473 205.15003 206.24188
206.77281 206.36238 205.95468 205.54982 205.14803 204.74961 204.355 203.9648 203.57979 203.20092 202.82935 202.46632 202.11315 201.77107 201.44099 201.12326 200.81732 200.52138 200.23201 199.94387 199.64944 199.33885 198.99983 198.61756 198.17462 197.65065 197.02203 196.26136 195.33708 194.21336 192.85087 191.209 189.25069 186.95156 184.31529 181.39757 178.33821 175.39321 172.94162 171.41987 171.14463 172.08477 173.77845 175.51331 176.62868 176.73348 175.7871 174.1024 172.31483 171.28472 171.86334 174.55794 179.29813 185.45816 192.10677 198.34296 203.5543 207.54141 210.54374 213.13598
205.541 205.10488 204.67084 204.23897 203.8094 203.38242 202.95847 202.53821 202.12253 201.71264 201.31002 200.91648 200.53404 200.16479 199.81071 199.47332 199.15328 198.84991 198.56077 198.28117 198.00397 197.71938 197.41503 197.07602 196.68491 196.22159 195.66283 194.98163 194.14658 193.12139 191.86529 190.33498 188.48916 186.29742 183.75559 180.91023 177.89276 174.95656 172.49153 170.96242 170.71871 171.73842 173.53463 175.35786 176.52042 176.61323 175.57213 173.66572 171.45938 169.75929 169.51985 171.63036 176.42734 183.29325 190.99045 198.34918 204.6426 209.62917 213.45658 216.47795
204.28097 203.81786 203.35607 202.89556 202.43638 201.9787 201.52291 201.06964 200.61985 200.1749 199.73662 199.30734 198.88983 198.48723 198.1028 197.73954 197.3997 197.08413 196.79166 196.51847 196.25781 195.99981 195.73176 195.43837 195.10205 194.7029 194.21816 193.62123 192.88031 191.95696 190.80514 189.37123 187.59572 185.41772 182.78459 179.67198 176.12596 172.34738 168.82568 166.41394 166.01607 167.79654 170.8158 173.71152 175.47804 175.64069 174.122 171.14786 167.27825 163.501 161.3088 162.63635 168.59445 177.85944 187.98871 197.24119 204.82046 210.53943 214.588 217.43903
202.99233 202.50101 202.01011 201.51943 201.02885 200.53838 200.04824 199.55894 199.07139 198.58702 198.1079 197.63682 197.17736 196.7338 196.31096 195.91372 195.54643 195.21202 194.91108 194.64097 194.39528 194.1638 193.93294 193.6865 193.40643 193.07308 192.66462 192.15555 191.51418 190.69974 189.65921 188.32426 186.60823 184.4029 181.57572 177.97377 173.45846 168.04175 162.25327 157.68586 156.70544 160.14196 165.84467 170.94566 173.89883 174.27425 172.07317 167.48934 161.10944 154.26204 148.91766 148.59924 156.86687 170.33076 184.03994 195.67319 204.58364 210.72747 214.32406 216.12475
201.67473 201.15408 200.63283 200.11057 199.58695 199.06172 198.53483 198.00652 197.47752 196.94915 196.42354 195.90385 195.39438 194.90066 194.42932 193.98763 193.58274 193.2205 192.90403 192.63231 192.39935 192.19398 192.00081 191.80173 191.57758 191.30901 190.97609 190.55606 190.01951 189.32531 188.41474 187.20511 185.58162 183.38549 180.39488 176.29991 170.69581 163.20812 154.09916 145.7801 143.41695 149.58406 159.60436 167.88435 172.41243 173.13742 170.28786 164.00506 154.85631 145.00238 137.0948 133.66464 145.59593 163.86448 180.96434 194.63418 204.53923 210.68684 212.98226 212.04705
200.32779 199.77681 199.22414 198.6691 198.11103 197.54932 196.98353 196.41348 195.83948 195.2625 194.68451 194.10875 193.5401 192.98528 192.45298 191.95344 191.49757 191.09539 190.75381 190.47435 190.25145 190.07214 189.91753 189.7657 189.59498 189.38622 189.1228 188.78776 188.35811 187.79692 187.0444 186.00839 184.55305 182.48171 179.50651 175.19783 168.92589 159.91395 147.9239 135.74224 131.61956 140.61589 154.88871 165.94967 171.75733 172.83445 169.66374 162.28079 150.90911 137.93841 131.59006 131.44242 143.73082 162.7588 180.73018 195.02716 205.19277 210.99806 211.66484 206.84922
198.95106 198.36892 197.78395 197.19519 196.60158 196.00207 195.39565 194.78156 194.15943 193.52957 192.89339 192.25381 191.61587 190.9873 190.37889 189.80446 189.27997 188.82146 188.44179 188.14665 187.93132 187.77963 187.66627 187.56198 187.43981 187.27999 187.07112 186.80674 186.47703 186.057 185.49332 184.69211 183.50758 181.72751 179.04622 175.01543 168.98245 160.13291 148.16876 135.86017 131.66589 140.83794 155.32994 166.54018 172.48185 173.73196 170.80019 163.69519 152.43746 138.91699 132.17783 139.71963 151.62593 167.81557 183.88257 197.15495 206.79804 212.27603 212.56708 207.22594
197.54396 196.92998 196.31211 195.68901 195.0592 194.42105 193.77292 193.11319 192.44056 191.7543 191.05471 190.34379 189.62608 188.90966 188.20718 187.53648 186.92007 186.38281 185.94704 185.62584 185.41654 185.2978 185.23291 185.17889 185.09817 184.96801 184.7844 184.55818 184.30331 184.01876 183.66826 183.16398 182.35818 181.04035 178.93067 175.66241 170.77083 163.80227 154.92102 146.54434 144.16519 150.63806 161.06338 169.69005 174.57889 175.78083 173.59967 168.18584 159.95947 151.12334 147.46465 152.64005 163.16878 176.19523 189.28206 200.63453 209.33319 214.76414 216.34097 214.52177
