RAINFALL_MEAN_RP_5.tif
NCOLS 101
NROWS 90
XLLCORNER -81.15
YLLCORNER -4.25
DX 0.0099207921
DY 0.01
NODATA_VALUE -9999
[rows 0 to 25 of 90, columns 0 to 59 of 101]
91.646718 91.662388 91.679738 91.698762 91.719453 91.741802 91.765797 91.791424 91.818665 91.847502 91.877912 91.909871 91.943353 91.978328 92.014764 92.052626 92.091877 92.132477 92.174383 92.217548 92.261923 92.307452 92.35408 92.401743 92.450375 92.499903 92.550249 92.601329 92.65305 92.705316 92.758021 92.81105 92.864283 92.91759 92.970834 93.023871 93.076549 93.128709 93.180189 93.23082 93.280433 93.328855 93.375912 93.421434 93.465251 93.507198 93.547115 93.584848 93.620253 93.653192 93.68354 93.711187 93.736039 93.758024 93.777099 93.793258 93.80654 93.817039 93.824913 93.830387
91.455546 91.47013 91.486428 91.504438 91.524151 91.545559 91.568649 91.593407 91.619816 91.647856 91.677504 91.708737 91.741527 91.775843 91.811655 91.848927 91.88762 91.927696 91.969109 92.011815 92.055762 92.100897 92.147161 92.194493 92.242825 92.292083 92.342188 92.393054 92.444588 92.496689 92.549247 92.602143 92.655251 92.708434 92.761546 92.814434 92.866934 92.918878 92.970087 93.020381 93.069573 93.117476 93.163901 93.20866 93.251569 93.292446 93.331116 93.367409 93.401165 93.432231 93.460466 93.485741 93.507944 93.526985 93.542806 93.555386 93.564763 93.571042 93.574413 93.575169
91.260065 91.27349 91.288666 91.30559 91.324255 91.344651 91.366765 91.390584 91.41609 91.443262 91.472078 91.502513 91.534539 91.568126 91.603241 91.639849 91.677911 91.717388 91.758235 91.800405 91.84385 91.888515 91.934341 91.981268 92.029226 92.078142 92.127936 92.178522 92.229803 92.281676 92.334027 92.386734 92.439664 92.492672 92.545604 92.598296 92.650573 92.702252 92.753141 92.803043 92.851754 92.89907 92.944783 92.988688 93.030582 93.070266 93.107546 93.142236 93.174158 93.20314 93.22902 93.251648 93.270887 93.28662 93.298759 93.307256 93.312125 93.313463 93.311476 93.306506
91.060147 91.072337 91.086315 91.102078 91.119619 91.138928 91.159992 91.182797 91.207324 91.233553 91.261462 91.291023 91.322208 91.354988 91.389328 91.425193 91.462544 91.501341 91.541539 91.583093 91.625951 91.670062 91.715367 91.761805 91.809307 91.8578 91.907204 91.957431 92.008385 92.059959 92.112037 92.164491 92.217182 92.269959 92.322658 92.375103 92.427106 92.47847 92.528987 92.57844 92.626608 92.673264 92.718183 92.761136 92.801902 92.84026 92.875998 92.908911 92.9388 92.965473 92.988747 93.008443 93.024394 93.036443 93.044459 93.048348 93.048074 93.043696 93.035401 93.023553
90.855658 90.866533 90.879233 90.893756 90.910093 90.928235 90.94817 90.969882 90.993351 91.018558 91.045477 91.074083 91.104347 91.136236 91.169716 91.204752 91.241305 91.279333 91.318793 91.359638 91.401819 91.445283 91.489973 91.535828 91.582781 91.630759 91.679682 91.729463 91.780005 91.831198 91.882925 91.935054 91.987439 92.039921 92.092327 92.144469 92.196146 92.247142 92.297231 92.346177 92.393736 92.439659 92.483696 92.525595 92.565111 92.602002 92.636035 92.666983 92.694626 92.718753 92.739155 92.755623 92.767953 92.775941 92.779396 92.778149 92.772086 92.761183 92.745561 92.725554
90.646462 90.655937 90.667275 90.680473 90.695523 90.712415 90.731136 90.75167 90.773998 90.798097 90.823942 90.851506 90.880759 90.911668 90.944198 90.978313 91.013973 91.051136 91.089759 91.129795 91.171196 91.213909 91.257879 91.303046 91.349344 91.396703 91.445043 91.494278 91.544309 91.595029 91.646317 91.698037 91.750038 91.802155 91.854202 91.905981 91.957273 92.007845 92.05745 92.105829 92.152712 92.197824 92.240888 92.281625 92.319762 92.355034 92.387182 92.415961 92.441129 92.462453 92.479701 92.492634 92.501008 92.504562 92.503029 92.496142 92.483664 92.465434 92.441436 92.411894
90.432416 90.440402 90.450289 90.462074 90.475748 90.491302 90.508721 90.527989 90.549084 90.571985 90.596665 90.623095 90.651244 90.681077 90.712559 90.745653 90.780317 90.81651 90.854187 90.893304 90.933812 90.975659 91.018793 91.063153 91.108678 91.155299 91.202938 91.251511 91.300921 91.351061 91.401807 91.453024 91.504553 91.556223 91.607838 91.659186 91.710031 91.76012 91.809183 91.856933 91.903073 91.947296 91.989291 92.028751 92.065371 92.098858 92.128928 92.155311 92.177748 92.195989 92.209778 92.218853 92.222929 92.221686 92.214767 92.201781 92.182325 92.156029 92.122643 92.082162
90.213374 90.219777 90.228119 90.238397 90.250602 90.264724 90.280748 90.298655 90.318425 90.340033 90.363451 90.388648 90.415592 90.444248 90.474577 90.506541 90.540099 90.575207 90.611822 90.649898 90.689387 90.730241 90.772406 90.815828 90.860445 90.906192 90.952996 91.000775 91.049435 91.098871 91.14896 91.199562 91.250519 91.30165 91.35275 91.403592 91.453923 91.503468 91.551929 91.598989 91.644318 91.687571 91.728403 91.766466 91.801421 91.832941 91.860715 91.884449 91.903869 91.918708 91.9287 91.933565 91.932986 91.92659 91.913927 91.894459 91.86757 91.832604 91.788956 91.736221
89.989185 89.993906 90.000605 90.009277 90.019915 90.032506 90.047036 90.063484 90.081828 90.102041 90.124095 90.147956 90.17359 90.200958 90.230023 90.260742 90.293073 90.326972 90.362396 90.399297 90.437631 90.477348 90.518399 90.560731 90.604288 90.649009 90.694824 90.741657 90.789419 90.838007 90.887301 90.937163 90.98743 91.037915 91.088406 91.13866 91.188405 91.23734 91.285139 91.331451 91.375903 91.41811 91.457681 91.494223 91.527354 91.556709 91.581943 91.602741 91.61881 91.629878 91.635681 91.635935 91.630313 91.618404 91.599675 91.573436 91.538822 91.49481 91.440295 91.374257
89.759692 89.762626 89.767577 89.77454 89.783507 89.794464 89.807396 89.822281 89.839094 89.857807 89.878388 89.900803 89.925013 89.950979 89.978658 90.008008 90.038984 90.07154 90.105632 90.141214 90.178239 90.216661 90.256434 90.297509 90.339833 90.383352 90.428003 90.473716 90.520407 90.567981 90.616322 90.665293 90.714734 90.764452 90.814225 90.863798 90.912877 90.961136 91.008215 91.05372 91.097235 91.138323 91.176538 91.211434 91.242575 91.269547 91.291968 91.309494 91.321821 91.328678 91.329818 91.32498 91.313857 91.296039 91.270942 91.237743 91.195316 91.142206 91.076663 90.996789
89.524732 89.52577 89.528863 89.534008 89.541195 89.550409 89.561634 89.574845 89.590017 89.607118 89.626113 89.646965 89.669633 89.694073 89.72024 89.748088 89.77757 89.808639 89.841247 89.875348 89.910898 89.947851 89.986163 90.025791 90.066687 90.108805 90.152089 90.196479 90.2419 90.288265 90.335466 90.383373 90.431827 90.480634 90.529565 90.578351 90.626678 90.674191 90.720491 90.765139 90.807665 90.847571 90.884344 90.917471 90.946449 90.970804 90.990103 91.003969 91.012085 91.014192 91.010076 90.999538 90.982336 90.958119 90.926319 90.886039 90.835929 90.77408 90.697976 90.604572
89.284138 89.283163 89.284284 89.287495 89.292787 89.300144 89.309546 89.32097 89.334384 89.349755 89.367045 89.386212 89.407212 89.429997 89.454517 89.480722 89.508562 89.537987 89.568946 89.601394 89.635284 89.670573 89.707222 89.745189 89.784437 89.824926 89.866611 89.909443 89.953361 89.998289 90.044132 90.090769 90.138045 90.185772 90.233715 90.281592 90.329071 90.375764 90.421231 90.464981 90.50648 90.545155 90.580416 90.611661 90.638305 90.659794 90.675628 90.685385 90.688727 90.685414 90.675289 90.658249 90.634186 90.602892 90.563923 90.516428 90.458935 90.389145 90.30374 90.198313
89.037735 89.034625 89.033651 89.034808 89.038084 89.043463 89.050924 89.060438 89.071973 89.085492 89.100951 89.118306 89.137506 89.158498 89.181229 89.205642 89.231683 89.259296 89.288429 89.319034 89.351063 89.384475 89.419233 89.455302 89.492651 89.531251 89.57107 89.612074 89.654216 89.69744 89.741665 89.786785 89.832659 89.879103 89.925885 89.972712 90.019233 90.065028 90.109612 90.152435 90.192886 90.230308 90.264009 90.293283 90.317435 90.335804 90.347802 90.352933 90.350831 90.341267 90.32416 90.299547 90.267528 90.228153 90.18126 90.126228 90.061678 89.985108 89.892516 89.778076
88.785343 88.779969 88.776772 88.775747 88.776881 88.780156 88.785547 88.793026 88.802555 88.814092 88.827591 88.843 88.860262 88.879319 88.90011 88.922574 88.946647 88.972271 88.999388 89.027945 89.057894 89.089193 89.121809 89.155711 89.190879 89.227294 89.26494 89.3038 89.343849 89.385051 89.42735 89.470661 89.514861 89.55978 89.605191 89.650799 89.696235 89.741048 89.784704 89.826586 89.865998 89.902178 89.934314 89.961565 89.983095 89.998106 90.005876 90.005809 89.997473 89.980639 89.955304 89.921682 89.880161 89.831189 89.775084 89.711734 89.640184 89.5581 89.461139 89.34229
88.526773 88.518999 88.513444 88.510102 88.50896 88.509998 88.51319 88.5185 88.52589 88.535313 88.546715 88.560038 88.575219 88.592192 88.610888 88.631236 88.653166 88.676611 88.701507 88.727796 88.755426 88.784355 88.81455 88.845988 88.878655 88.912547 88.947666 88.984016 89.021599 89.060406 89.100411 89.14156 89.183757 89.226856 89.270643 89.314826 89.359026 89.402762 89.44545 89.486398 89.524814 89.559811 89.590432 89.61567 89.634507 89.645957 89.649119 89.643239 89.627771 89.602443 89.567311 89.522784 89.469606 89.40877 89.341316 89.267996 89.188753 89.102002 89.00371 88.886318
88.261831 88.251513 88.243457 88.237658 88.234099 88.232761 88.233613 88.236617 88.24173 88.248898 88.258062 88.269156 88.282108 88.296842 88.313279 88.331339 88.350942 88.372009 88.394468 88.418253 88.443307 88.469583 88.497051 88.52569 88.555497 88.586482 88.618668 88.652083 88.686761 88.72273 88.760002 88.798563 88.838358 88.879273 88.921122 88.963628 89.006406 89.048954 89.090635 89.13068 89.168186 89.202124 89.23136 89.254683 89.270845 89.278614 89.276838 89.264529 89.240947 89.205705 89.158856 89.100981 89.033218 88.957231 88.875039 88.788676 88.699596 88.607772 88.510471 88.40071
87.990313 87.977299 87.966592 87.958185 87.952062 87.948201 87.946568 87.947123 87.949814 87.954584 87.961363 87.970079 87.980649 87.992985 88.006996 88.02259 88.039673 88.058154 88.077947 88.098977 88.121177 88.144496 88.168899 88.19437 88.220914 88.248556 88.277341 88.307328 88.338587 88.371191 88.405202 88.440659 88.47756 88.515843 88.555363 88.595873 88.636997 88.678217 88.718851 88.758048 88.794783 88.827864 88.855951 88.877583 88.891225 88.895324 88.888393 88.869103 88.836407 88.789677 88.728852 88.654593 88.568404 88.472685 88.370661 88.266088 88.162644 88.062897 87.966762 87.869448
87.712008 87.696137 87.682619 87.671446 87.662604 87.656066 87.651796 87.64975 87.64987 87.652091 87.656336 87.662521 87.670551 87.680326 87.691741 87.704685 87.71905 87.734729 87.751619 87.769629 87.78868 87.808711 87.829682 87.851577 87.874407 87.898212 87.923061 87.949046 87.976282 88.004895 88.03501 88.066734 88.100138 88.13523 88.171929 88.210036 88.249205 88.288915 88.328449 88.366874 88.403036 88.435561 88.462868 88.483199 88.494666 88.495313 88.483205 88.456545 88.413819 88.353977 88.276655 88.182408 88.07296 87.951406 87.822296 87.691494 87.565663 87.451173 87.352292 87.268556
87.426696 87.407796 87.391297 87.377193 87.365466 87.356088 87.349022 87.344217 87.341611 87.341128 87.342684 87.346182 87.351513 87.358562 87.367205 87.377315 87.388761 87.401415 87.415155 87.429869 87.44546 87.461851 87.478992 87.496862 87.515476 87.534887 87.555187 87.576507 87.599011 87.62289 87.648344 87.675569 87.70473 87.73593 87.769181 87.804361 87.841177 87.879131 87.917483 87.955228 87.991078 88.023458 88.050515 88.070146 88.080039 88.07774 88.060743 88.02662 87.973188 87.898733 87.802299 87.684027 87.545557 87.390436 87.224461 87.05582 86.894836 86.752998 86.640977 86.565369
87.134146 87.112036 87.092377 87.075163 87.060377 87.047989 87.037959 87.03023 87.024735 87.021389 87.020097 87.020748 87.023219 87.027375 87.033072 87.04016 87.048484 87.05789 87.068229 87.079361 87.091166 87.103544 87.116427 87.129784 87.143627 87.158019 87.173075 87.188963 87.205905 87.224165 87.244037 87.265825 87.289817 87.316246 87.345247 87.376815 87.410749 87.446602 87.483639 87.520796 87.556653 87.589422 87.61695 87.636739 87.645983 87.641629 87.620466 87.579252 87.514895 87.424707 87.306748 87.160283 86.98635 86.788431 86.573157 86.350908 86.136062 85.94647 85.801582 85.718597
86.834119 86.808604 86.785593 86.765081 86.74705 86.731472 86.7183 86.707475 86.698922 86.692548 86.688245 86.685888 86.685336 86.686433 86.689011 86.692893 86.697894 86.703828 86.710513 86.717774 86.725457 86.733432 86.741603 86.74992 86.758385 86.767061 86.776084 86.785659 86.796068 86.80766 86.820839 86.836045 86.853718 86.874261 86.897984 86.925044 86.95538 86.988646 87.024146 87.060782 87.097013 87.130833 87.159763 87.180866 87.190775 87.185744 87.161718 87.11445 87.039675 86.933362 86.792102 86.613654 86.397687 86.146742 85.86739 85.571484 85.277253 85.009735 84.799655 84.679437
86.526363 86.497236 86.470668 86.446657 86.425185 86.406222 86.389722 86.37562 86.363833 86.35426 86.346779 86.341251 86.337512 86.335386 86.334676 86.335172 86.336655 86.338899 86.341681 86.344782 86.348005 86.351175 86.35416 86.356874 86.359299 86.361491 86.363593 86.365847 86.368594 86.372276 86.377427 86.384647 86.394571 86.40782 86.424937 86.446308 86.472081 86.502068 86.535669 86.571789 86.608789 86.644442 86.675928 86.699833 86.712171 86.708415 86.683549 86.632142 86.548484 86.426812 86.261689 86.048595 85.784805 85.470639 85.111106 84.717968 84.312041 83.925313 83.601771 83.39472
86.210617 86.177656 86.147312 86.119585 86.094461 86.071909 86.051881 86.034309 86.019104 86.006154 85.995325 85.986459 85.979374 85.973863 85.969701 85.96664 85.964419 85.962767 85.961406 85.960068 85.958494 85.956456 85.953764 85.950287 85.945965 85.940831 85.935024 85.928809 85.922586 85.916896 85.912414 85.909932 85.910327 85.914497 85.923294 85.937418 85.957314 85.983043 86.014173 86.04967 86.087825 86.126202 86.161623 86.190166 86.207181 86.207301 86.184456 86.131891 86.042225 85.907591 85.71995 85.471643 85.156334 84.770457 84.31533 83.800047 83.245228 82.687515 82.184125 81.814771
85.886607 85.849572 85.815216 85.783541 85.754538 85.728177 85.704409 85.683164 85.664346 85.647834 85.633482 85.621111 85.610518 85.601468 85.593698 85.58692 85.580825 85.575085 85.569362 85.563319 85.556628 85.548985 85.540126 85.52985 85.518035 85.504667 85.48986 85.473886 85.457191 85.440409 85.424374 85.410099 85.398748 85.391576 85.389833 85.39465 85.406888 85.426979 85.454761 85.48934 85.528983 85.571056 85.612005 85.647372 85.671809 85.679077 85.662017 85.612482 85.521281 85.378166 85.17199 84.891121 84.524323 84.062269 83.499986 82.840461 82.099738 81.313904 80.54873 79.911605
85.554048 85.512681 85.474057 85.438184 85.405057 85.37465 85.346914 85.321776 85.299139 85.278871 85.260813 85.244769 85.23051 85.21777 85.206248 85.195609 85.185488 85.175494 85.165215 85.154232 85.142127 85.128503 85.112999 85.095314 85.075237 85.052674 85.027684 85.000514 84.971633 84.94176 84.911885 84.883269 84.85742 84.836029 84.820872 84.813653 84.815818 84.828334 84.851458 84.884546 84.925898 84.972689 85.020961 85.065675 85.100751 85.11908 85.112447 85.071364 84.984836 84.840135 84.622688 84.316236 83.903486 83.367535 82.694465 81.877514 80.923189 79.859754 78.750233 77.717409
85.212641 85.166663 85.123494 85.083152 85.045635 85.010924 84.978972 84.949708 84.923029 84.898799 84.876845 84.856955 84.838873 84.8223 84.806895 84.79227 84.777998 84.763613 84.748619 84.732499 84.714728 84.694787 84.672191 84.646508 84.617397 84.584645 84.54821 84.50827 84.465276 84.420001 84.373581 84.327538 84.283775 84.24452 84.212216 84.18934 84.17815 84.180385 84.196935 84.227559 84.270666 84.32323 84.380819 84.437721 84.48707 84.520908 84.530082 84.503961 84.429978 84.293095 84.075316 83.755447 83.309364 82.711167 81.935806 80.963886 79.789132 78.427714 76.928158 75.394196
