RAINFALL_MAXIMUM_RP_5.tif
NCOLS 101
NROWS 90
XLLCORNER -81.15
YLLCORNER -4.25
DX 0.0099207921
DY 0.01
NODATA_VALUE -9999
[rows 26 to 51 of 90, columns 0 to 59 of 101]
94.78718 94.730206 94.676307 94.625505 94.577802 94.533175 94.491573 94.452912 94.41707 94.383883 94.353141 94.324581 94.297889 94.27269 94.248549 94.224973 94.201406 94.177238 94.15181 94.12442 94.094345 94.060851 94.023227 93.980814 93.933047 93.879507 93.819983 93.754544 93.68362 93.608087 93.529349 93.449406 93.37088 93.296984 93.231399 93.178036 93.14067 93.122467 93.125455 93.150025 93.194571 93.255359 93.326635 93.400924 93.469368 93.521927 93.54728 93.532336 93.46138 93.314981 93.068863 92.693032 92.151493 91.403138 90.404824 89.118407 87.523883 85.637911 83.524643 81.273786
94.389444 94.32667 94.267042 94.210596 94.157345 94.107276 94.060348 94.016481 93.975556 93.937405 93.901808 93.868486 93.837095 93.807224 93.778386 93.750019 93.721484 93.692068 93.660985 93.627389 93.590382 93.549037 93.502423 93.449639 93.389861 93.3224 93.246778 93.16282 93.070761 92.97137 92.866085 92.75714 92.647656 92.54167 92.444045 92.360212 92.295708 92.255516 92.243271 92.260473 92.305907 92.375434 92.462235 92.557416 92.650745 92.731177 92.786884 92.80463 92.768485 92.658095 92.446812 92.10004 91.574202 90.816875 89.769302 88.374089 86.593696 84.446892 82.056273 79.624012
93.980963 93.911997 93.846251 93.783773 93.724594 93.668715 93.616104 93.566695 93.520373 93.476972 93.436267 93.397965 93.361699 93.327019 93.293387 93.260172 93.226645 93.191981 93.155256 93.115456 93.071487 93.022192 92.966373 92.90283 92.830404 92.748047 92.654902 92.550417 92.43448 92.307594 92.171073 92.027253 91.879699 91.733336 91.594452 91.470467 91.369376 91.298837 91.264964 91.271042 91.316514 91.396594 91.502708 91.623653 91.74707 91.86062 91.952357 92.009967 92.018908 91.959777 91.805435 91.51845 91.04932 90.335839 89.304448 87.876298 85.985426 83.625555 80.953483 78.453296
93.561361 93.485777 93.413483 93.344548 93.279019 93.216917 93.158228 93.102899 93.050829 93.001859 92.955765 92.912245 92.870913 92.831286 92.792776 92.754684 92.716187 92.676342 92.634074 92.588186 92.53736 92.480174 92.415116 92.340622 92.255121 92.157094 92.045171 91.918256 91.775686 91.617461 91.444513 91.259038 91.064856 90.86774 90.675609 90.498424 90.347597 90.234771 90.169973 90.159458 90.203851 90.297315 90.428258 90.581462 90.740903 90.892191 91.023625 91.125347 91.18663 91.19185 91.116125 90.921646 90.555399 89.948376 89.016103 87.661311 85.782892 83.301763 80.225772 76.843049
93.130252 93.047583 92.96827 92.892404 92.820056 92.75127 92.686056 92.624382 92.566167 92.511266 92.459462 92.410455 92.363846 92.319125 92.275661 92.232686 92.189288 92.144397 92.096782 92.045046 91.987627 91.9228 91.848696 91.763324 91.664607 91.550443 91.418794 91.26781 91.096022 90.902595 90.687695 90.452957 90.20206 89.941366 89.680472 89.432451 89.213403 89.040936 88.9314 88.896194 88.938228 89.050043 89.214776 89.410004 89.613068 89.805827 89.977057 90.121586 90.236222 90.313435 90.334488 90.264073 90.047946 89.61355 88.872146 87.720818 86.044648 83.723732 80.665718 77.042153
92.687242 92.596975 92.510123 92.426802 92.347111 92.271123 92.198877 92.130374 92.065556 92.004305 91.946423 91.891617 91.839487 91.789506 91.741006 91.693161 91.644968 91.595236 91.542571 91.485366 91.421793 91.349801 91.267118 91.171262 91.05957 90.929232 90.777372 90.601159 90.397993 90.165789 89.9034 89.61124 89.292124 88.952343 88.602843 88.260186 87.94669 87.68887 87.513457 87.441091 87.479409 87.618663 87.832777 88.086243 88.344151 88.581215 88.786579 88.963052 89.120919 89.267695 89.396617 89.477973 89.456814 89.257511 88.791937 87.967095 86.691846 84.893684 82.593926 80.210427
92.231933 92.133505 92.038538 91.947178 91.859557 91.775781 91.69593 91.620039 91.548092 91.480003 91.415605 91.354629 91.296684 91.241242 91.187609 91.134909 91.08206 91.027754 90.970434 90.908279 90.839186 90.760751 90.670267 90.564712 90.440753 90.294762 90.122857 89.920981 89.685051 89.411222 89.09633 88.738615 88.338843 87.901924 87.43904 86.969961 86.524684 86.142731 85.868003 85.738204 85.771138 85.954437 86.245874 86.586026 86.917384 87.201142 87.425997 87.607656 87.779604 87.976391 88.213193 88.469619 88.686583 88.778515 88.65384 88.234089 87.469324 86.362121 85.033702 83.866239
91.763924 91.656718 91.553001 91.452953 91.35674 91.264515 91.176401 91.09248 91.012787 90.937285 90.86585 90.798253 90.734132 90.67297 90.614068 90.556515 90.499164 90.4406 90.379112 90.312667 90.238881 90.15499 90.057828 89.943792 89.808824 89.648382 89.457434 89.23047 88.961571 88.644583 88.273486 87.84311 87.350423 86.796701 86.190869 85.554031 84.924286 84.359126 83.930573 83.708346 83.732632 83.989694 84.408775 84.886374 85.323723 85.65733 85.873351 86.007329 86.131693 86.329733 86.658009 87.112016 87.618135 88.060411 88.324543 88.334209 88.071304 87.590149 87.040361 86.691142
91.282819 91.16616 91.052991 90.943528 90.837984 90.736558 90.639426 90.546732 90.458571 90.374971 90.295871 90.2211 90.150346 90.083126 90.018756 89.956314 89.894606 89.832129 89.767033 89.697084 89.619623 89.531528 89.429163 89.308333 89.164218 88.991307 88.783318 88.533118 88.232658 87.87297 87.444323 86.936715 86.341051 85.651577 84.870403 84.015011 83.128728 82.291012 81.618199 81.240135 81.246751 81.629344 82.265773 82.970285 83.570248 83.959891 84.118767 84.110312 84.069422 84.167937 84.545418 85.229244 86.107892 86.989419 87.696022 88.127474 88.27863 88.234151 88.157583 88.268414
90.788233 90.661379 90.537984 90.418302 90.302593 90.191111 90.084097 89.981765 89.884288 89.791774 89.704248 89.621618 89.543647 89.469916 89.399783 89.332344 89.266385 89.20034 89.132243 89.059679 88.979732 88.888932 88.783189 88.657718 88.506942 88.324372 88.102449 87.832346 87.503725 87.104468 86.620453 86.035526 85.332078 84.493016 83.506673 82.377155 81.142899 79.9029 78.837203 78.18591 78.149272 78.74471 79.754603 80.837423 81.693076 82.151044 82.178362 81.870132 81.451311 81.252804 81.591081 82.569204 83.985188 85.472235 86.716786 87.563231 88.005459 88.150668 88.19774 88.415116
90.279796 90.141942 90.007468 89.876671 89.749862 89.627357 89.509468 89.396494 89.288699 89.186296 89.089415 88.998073 88.91214 88.831293 88.754967 88.68231 88.612125 88.542818 88.472336 88.398113 88.317004 88.225216 88.118233 87.990711 87.836355 87.647746 87.416109 87.130985 86.779799 86.347258 85.81461 85.1588 84.351823 83.361084 82.152785 80.702777 79.022891 77.211973 75.524348 74.388653 74.243449 75.191779 76.832771 78.528672 79.774873 80.321351 80.118007 79.275881 78.118477 77.245693 77.365612 78.780143 81.068171 83.468409 85.419319 86.695889 87.294019 87.332104 87.05408 86.895124
89.757167 89.607436 89.460949 89.318045 89.179089 89.044463 88.914562 88.789779 88.67049 88.557029 88.449663 88.348549 88.2537 88.164927 88.08179 88.003532 87.929017 87.856664 87.784376 87.709471 87.628611 87.537719 87.431891 87.305278 87.150936 86.960619 86.72448 86.430646 86.064598 85.608263 85.038714 84.326356 83.432595 82.307408 80.888593 79.108127 76.919517 74.374053 71.773086 69.820516 69.428334 70.929249 73.571752 76.178375 77.96286 78.620519 78.08901 76.436469 74.011991 71.796116 71.345892 73.496151 77.27883 81.072952 83.952519 85.686508 86.309492 85.906952 84.683538 83.322154
89.22004 89.057485 88.897965 88.74186 88.589588 88.441603 88.298389 88.160445 88.028276 87.902363 87.783136 87.670933 87.56595 87.468186 87.377372 87.292904 87.213762 87.13843 87.064815 86.990168 86.910997 86.822985 86.72089 86.59842 86.448074 86.260913 86.026234 85.731083 85.35952 84.891506 84.30118 83.554224 82.603919 81.385586 79.81007 77.760572 75.109125 71.800187 68.095719 64.989167 64.153692 66.398963 70.381086 74.093601 76.471362 77.245268 76.360405 73.746445 69.566366 65.128411 63.55215 66.928323 73.040561 78.681329 82.608279 84.781544 85.339843 84.252116 81.425559 77.590821
88.66816 88.491762 88.318102 88.147594 87.98071 87.817975 87.659964 87.507298 87.360623 87.220595 87.087839 86.962915 86.846256 86.738102 86.638425 86.546838 86.462505 86.384039 86.309411 86.235855 86.159775 86.076658 85.98097 85.866039 85.7239 85.545067 85.318215 85.029694 84.662793 84.196584 83.604099 82.849378 81.882719 80.633216 78.997913 76.829625 73.937471 70.155572 65.634176 61.517089 60.217285 63.117502 68.229264 72.763721 75.533434 76.38355 75.281644 71.992731 66.333743 59.617276 56.700891 61.466653 69.915058 77.095526 81.77524 84.242661 84.747003 83.106758 78.752925 71.952508
88.10133 87.910005 87.721011 87.534793 87.351866 87.172823 86.998336 86.82915 86.666071 86.509951 86.36165 86.221994 86.091711 85.971357 85.861218 85.761211 85.670764 85.588701 85.513127 85.441318 85.369622 85.293368 85.206772 85.102832 84.973186 84.807923 84.595298 84.321308 83.969067 83.51782 82.94139 82.205632 81.264208 80.051677 78.472857 76.389479 73.615874 69.975798 65.578362 61.515095 60.219099 63.114251 68.159508 72.583047 75.2747 76.118678 75.087428 71.928704 66.393847 59.684679 56.725888 61.55582 69.994896 77.092623 81.732503 84.226356 84.796388 83.228624 78.919458 72.076965
87.51943 87.312033 87.106433 86.903089 86.702553 86.505475 86.312619 86.124856 85.943166 85.768618 85.602343 85.445486 85.29914 85.164257 85.041537 84.931302 84.833352 84.746819 84.670027 84.600361 84.534162 84.466631 84.391754 84.302216 84.189299 84.042728 83.850452 83.598326 83.269658 82.844558 82.298961 81.603093 80.718991 79.596494 78.167353 76.339149 73.999927 71.074501 67.737303 64.857975 64.080812 66.244641 69.984755 73.398046 75.58377 76.351127 75.653532 73.384661 69.585028 65.36138 63.825193 67.186099 73.117836 78.534188 82.395826 84.682694 85.4512 84.581731 81.914825 78.13538
86.922431 86.697766 86.474215 86.252234 86.032389 85.815376 85.602034 85.393359 85.190507 84.994783 84.807625 84.630553 84.465102 84.312721 84.174643 84.051726 83.944278 83.851866 83.773138 83.70567 83.645836 83.588728 83.528091 83.456283 83.364208 83.241222 83.074974 82.85119 82.553406 82.162671 81.657249 81.012339 80.199827 79.188137 77.942642 76.428744 74.625366 72.57073 70.478587 68.902039 68.632895 69.982557 72.284973 74.544128 76.134615 76.816037 76.527753 75.303845 73.39068 71.581955 71.281888 73.304623 76.797425 80.392358 83.335629 85.368224 86.392024 86.361666 85.401525 84.171028
86.310406 86.067243 85.824341 85.582126 85.341153 85.102135 84.865967 84.63375 84.406809 84.186699 83.975192 83.774242 83.585912 83.412269 83.255227 83.116351 82.996631 82.896239 82.814288 82.748637 82.695739 82.650565 82.606576 82.555731 82.488486 82.39375 82.258776 82.068999 81.807875 81.456816 80.995402 80.40211 79.655933 78.73945 77.644189 76.3797 74.988787 73.572674 72.325857 71.550101 71.556268 72.421311 73.851441 75.36558 76.557943 77.1997 77.228616 76.733438 75.978899 75.441157 75.693356 77.026092 79.199607 81.697673 84.059735 85.972396 87.25576 87.867183 87.949265 87.883439
85.683546 85.420642 85.156956 84.892848 84.628827 84.365583 84.104029 83.845339 83.590987 83.342768 83.102811 82.873554 82.657687 82.458034 82.277374 82.118202 81.982432 81.871068 81.783879 81.719131 81.673397 81.641486 81.616472 81.589782 81.551287 81.48932 81.390592 81.24 81.020411 80.712588 80.295495 79.747409 79.048386 78.18494 77.157969 75.994814 74.764828 73.593595 72.663397 72.181128 72.30277 73.038928 74.209442 75.500902 76.593321 77.269887 77.466485 77.275895 76.929635 76.753283 77.074398 78.095637 79.802377 81.964125 84.22852 86.254565 87.815228 88.842427 89.424568 89.747154
85.042171 84.758295 84.472388 84.1847 83.895642 83.605829 83.316134 83.027753 82.742257 82.461656 82.188432 81.92555 81.676421 81.444787 81.234527 81.049358 80.892446 80.765955 80.670584 80.605179 80.566474 80.549027 80.545331 80.546049 80.540253 80.515542 80.457964 80.351694 80.17857 79.91765 79.545103 79.03483 78.360436 77.499462 76.441255 75.200312 73.836629 72.481231 71.354051 70.739644 70.877941 71.799277 73.254115 74.830019 76.141069 76.946169 77.177216 76.92436 76.411997 75.969076 75.983886 76.810857 78.57804 81.037536 83.702447 86.118078 88.009352 89.297635 90.06014 90.444337
84.386735 84.080706 83.771175 83.458234 83.142129 82.823329 82.50259 82.18104 81.860274 81.542445 81.230354 80.927505 80.638112 80.367017 80.11948 79.900828 79.715943 79.568626 79.460921 79.392516 79.360356 79.358577 79.378752 79.410376 79.44138 79.458448 79.446949 79.390409 79.269563 79.061202 78.737067 78.263149 77.599756 76.703027 75.52935 74.046418 72.25962 70.269581 68.369658 67.114185 67.130165 68.591296 70.95144 73.37666 75.255091 76.305452 76.477623 75.874207 74.744799 73.515908 72.802969 73.357288 75.588978 78.972926 82.550719 85.634954 87.913094 89.328789 90.008231 90.227429
83.717828 83.388551 83.054081 82.714282 82.369165 82.018957 81.664189 81.305805 80.945294 80.584834 80.227449 79.877142 79.538977 79.219071 78.924405 78.662428 78.440392 78.264454 78.138651 78.063939 78.037561 78.052926 78.100093 78.166679 78.238893 78.302244 78.341587 78.340304 78.27867 78.13161 77.866142 77.438691 76.792238 75.853097 74.527761 72.703725 70.270178 67.205448 63.819709 61.130106 60.713963 63.219643 67.357564 71.319637 74.132038 75.551182 75.616399 74.463906 72.386976 69.986715 68.114774 68.089833 71.20529 76.188615 81.117224 85.051839 87.708594 89.06223 89.26211 88.822318
83.036171 82.682684 82.322097 81.953978 81.57801 81.194067 80.802314 80.403349 79.998371 79.589389 79.179466 78.772969 78.375783 77.995433 77.640998 77.322704 77.051105 76.83581 76.683903 76.59835 76.576861 76.611629 76.690145 76.796883 76.915269 77.029177 77.123299 77.182011 77.186792 77.112503 76.922987 76.566158 75.968061 75.024412 73.587508 71.448701 68.331227 63.965253 58.471842 53.351124 51.958137 56.135319 63.051139 69.142374 73.110986 74.962614 74.92546 73.16907 70.000811 66.384194 63.647738 62.597006 67.021246 73.837066 80.074074 84.750645 87.654589 88.710637 87.865438 85.675396
82.342592 81.964116 81.576441 81.178762 80.770335 80.350546 79.919029 79.475823 79.021581 78.557852 78.087431 77.614762 77.146368 76.691203 76.260795 75.868956 75.530839 75.261197 75.071918 74.969314 74.951976 75.010099 75.126788 75.281076 75.451633 75.619764 75.770503 75.891188 75.967549 75.977948 75.886661 75.636807 75.14237 74.276732 72.852864 70.590003 67.073196 61.778595 54.495121 46.915076 44.319396 50.212245 59.833163 67.754935 72.627677 74.821052 74.752849 72.584942 68.480704 63.419323 60.941627 61.735017 66.31947 73.525693 80.170605 85.10436 88.031671 88.699911 86.615341 81.852486
81.638001 81.233987 80.818525 80.390361 79.948215 79.490844 79.017153 78.526363 78.018252 77.493499 76.95415 76.404224 75.850432 75.302923 74.775868 74.287552 73.859491 73.514166 73.271245 73.142877 73.129532 73.218254 73.384612 73.598068 73.828859 74.053793 74.258811 74.437298 74.584241 74.687351 74.717018 74.616982 74.296151 73.618961 72.388242 70.313439 66.968359 61.809076 54.586755 46.969863 44.342787 50.327793 60.066509 68.074341 73.026868 75.311519 75.346949 73.272014 69.156244 63.77754 60.987868 64.442655 69.339601 75.645078 81.668449 86.284675 89.054935 89.591219 87.272953 82.134112
80.92334 80.493518 80.049907 79.590739 79.114094 78.617952 78.100281 77.55919 76.993177 76.401512 75.784812 75.145855 74.490682 73.829917 73.18015 72.564871 72.014167 71.562135 71.241262 71.074271 71.065877 71.198421 71.434518 71.72663 72.029816 72.312604 72.56225 72.782874 72.986714 73.180148 73.347891 73.440016 73.365101 72.9882 72.127383 70.542822 67.927693 63.970295 58.727557 53.67158 52.309127 56.655659 63.799017 70.107878 74.309933 76.433275 76.708234 75.277379 72.361636 68.924438 67.503568 69.751563 74.095892 79.257189 84.215453 88.20182 90.77331 91.578784 90.321541 87.518693
