RAINFALL_MINIMUN_RP_10.tif
NCOLS 101
NROWS 90
XLLCORNER -81.15
YLLCORNER -4.25
DX 0.0099207921
DY 0.01
NODATA_VALUE -9999
[rows 0 to 25 of 90, columns 0 to 59 of 101]
103.87552 103.89875 103.92407 103.95148 103.98098 104.01258 104.04626 104.08205 104.11992 104.15986 104.20189 104.24597 104.2921 104.34027 104.39045 104.44264 104.4968 104.55291 104.61095 104.67088 104.73268 104.7963 104.86171 104.92887 104.99772 105.0682 105.14026 105.21383 105.28883 105.36517 105.44278 105.52154 105.60135 105.68208 105.76362 105.84582 105.92854 106.01163 106.09493 106.17826 106.26147 106.34438 106.42681 106.50859 106.58953 106.66946 106.74821 106.82558 106.90141 106.97552 107.04771 107.11781 107.18563 107.25098 107.31367 107.37351 107.43032 107.48395 107.53425 107.5811
103.65664 103.67855 103.70257 103.72873 103.75701 103.78743 103.81999 103.85467 103.89149 103.93043 103.97148 104.01464 104.05988 104.10721 104.15659 104.20802 104.26147 104.31691 104.37433 104.43369 104.49497 104.55813 104.62312 104.68991 104.75845 104.82869 104.90056 104.97399 105.04892 105.12525 105.2029 105.28176 105.36172 105.44265 105.52443 105.60691 105.68993 105.77334 105.85697 105.94064 106.02416 106.10737 106.19007 106.27206 106.35318 106.43323 106.51203 106.58939 106.66514 106.73909 106.81106 106.88085 106.94827 107.01313 107.07523 107.13437 107.19037 107.24306 107.29234 107.33811
103.43278 103.45326 103.4759 103.50071 103.52768 103.55684 103.58817 103.62167 103.65733 103.69517 103.73515 103.77728 103.82154 103.86792 103.91641 103.96697 104.0196 104.07428 104.13097 104.18965 104.25029 104.31287 104.37733 104.44365 104.51177 104.58165 104.65322 104.72641 104.80116 104.87738 104.95498 105.03384 105.11386 105.19491 105.27684 105.35952 105.44276 105.52641 105.61029 105.6942 105.77795 105.86135 105.9442 106.02631 106.10746 106.18748 106.26618 106.34336 106.41884 106.49244 106.56396 106.63322 106.70001 106.76412 106.82535 106.88346 106.93828 106.98961 107.03733 107.08139
103.20379 103.22275 103.24391 103.26727 103.29284 103.32063 103.35063 103.38285 103.41727 103.45389 103.49271 103.53371 103.57688 103.6222 103.66967 103.71927 103.77097 103.82475 103.8806 103.93848 103.99837 104.06024 104.12406 104.18978 104.25736 104.32675 104.3979 104.47073 104.54519 104.62118 104.69861 104.77738 104.85735 104.93842 105.02041 105.10319 105.18656 105.27037 105.3544 105.43845 105.52233 105.60582 105.6887 105.77077 105.85181 105.93164 106.01004 106.08684 106.16184 106.23485 106.30569 106.37417 106.44006 106.50314 106.56319 106.61995 106.67318 106.72267 106.76827 106.8099
102.96952 102.98686 103.00644 103.02825 103.05232 103.07864 103.10721 103.13803 103.1711 103.20641 103.24395 103.2837 103.32567 103.36983 103.41617 103.46467 103.51532 103.56809 103.62296 103.67991 103.73892 103.79995 103.86297 103.92795 103.99485 104.06362 104.13421 104.20656 104.28059 104.35622 104.43337 104.51191 104.59173 104.6727 104.75465 104.83743 104.92084 105.00469 105.08878 105.17288 105.25676 105.34021 105.42299 105.50487 105.58564 105.66507 105.74297 105.81915 105.89341 105.96558 106.03546 106.10285 106.16755 106.22931 106.28786 106.34291 106.39416 106.44132 106.48417 106.52259
102.72984 102.74545 102.76333 102.7835 102.80595 102.83069 102.85773 102.88705 102.91865 102.95253 102.98867 103.02707 103.06771 103.11058 103.15566 103.20294 103.2524 103.30402 103.35778 103.41365 103.47162 103.53167 103.59375 103.65784 103.7239 103.7919 103.86178 103.93348 104.00693 104.08207 104.15878 104.23697 104.31651 104.39726 104.47905 104.56171 104.64505 104.72885 104.81288 104.8969 104.98068 105.06395 105.14648 105.228 105.30829 105.38711 105.46426 105.53955 105.61278 105.68378 105.75237 105.81836 105.88153 105.94163 105.99835 106.05135 106.10024 106.14461 106.1841 106.21847
102.48457 102.49834 102.51443 102.53283 102.55356 102.57661 102.60199 102.62969 102.65971 102.69204 102.72667 102.76358 102.80277 102.84422 102.88791 102.93383 102.98195 103.03227 103.08476 103.13941 103.19619 103.25507 103.31604 103.37907 103.44413 103.51118 103.58017 103.65105 103.72377 103.79823 103.87436 103.95204 104.03115 104.11154 104.19304 104.27547 104.35861 104.44224 104.5261 104.60993 104.69347 104.77642 104.85852 104.9395 105.01908 105.09705 105.17316 105.24724 105.31908 105.38855 105.45546 105.51966 105.58092 105.639 105.69356 105.74418 105.79036 105.83152 105.86711 105.89663
102.23357 102.24539 102.25956 102.27608 102.29496 102.31621 102.33981 102.36577 102.39409 102.42474 102.45772 102.49302 102.53061 102.5705 102.61266 102.65706 102.70371 102.75257 102.80363 102.85687 102.91228 102.96983 103.0295 103.09128 103.15514 103.22104 103.28895 103.35882 103.4306 103.50421 103.57957 103.65657 103.73509 103.81497 103.89604 103.97809 104.06091 104.14424 104.22781 104.31132 104.39447 104.47695 104.55845 104.63867 104.71731 104.79412 104.86887 104.94135 105.0114 105.07887 105.14364 105.20557 105.26448 105.32013 105.37216 105.4201 105.4633 105.50098 105.53225 105.55628
101.97668 101.98643 101.99855 102.01307 102.02998 102.04929 102.071 102.09509 102.12156 102.15041 102.1816 102.21515 102.25101 102.28919 102.32966 102.37239 102.41739 102.46462 102.51407 102.56572 102.61956 102.67557 102.73375 102.79406 102.8565 102.92104 102.98765 103.05629 103.12691 103.19946 103.27385 103.34997 103.42771 103.5069 103.58738 103.66891 103.75127 103.83416 103.9173 104.00036 104.08299 104.16484 104.24555 104.32478 104.40221 104.47754 104.55053 104.62098 104.68872 104.75366 104.8157 104.87478 104.93078 104.9835 105.03261 105.07758 105.11763 105.15171 105.17854 105.19671
101.71373 101.72127 101.73123 101.74361 101.75843 101.77567 101.79534 101.81743 101.84193 101.86882 101.8981 101.92974 101.96372 102.00003 102.03864 102.07954 102.12271 102.16812 102.21577 102.26563 102.31769 102.37195 102.42839 102.48701 102.54779 102.61072 102.67577 102.74293 102.81216 102.8834 102.95657 103.0316 103.10834 103.18665 103.26635 103.34719 103.42893 103.51126 103.59384 103.67631 103.75827 103.83932 103.91905 103.99706 104.07297 104.14646 104.21726 104.28514 104.34997 104.41169 104.47028 104.52577 104.57814 104.62731 104.67301 104.71471 104.75154 104.78216 104.80478 104.81726
101.44455 101.44975 101.4574 101.46752 101.4801 101.49514 101.51264 101.53259 101.55497 101.57977 101.60697 101.63655 101.66849 101.70276 101.73935 101.77823 101.81938 101.86278 101.90841 101.95626 102.00632 102.05858 102.11304 102.16969 102.22854 102.28958 102.3528 102.4182 102.48574 102.55539 102.62709 102.70075 102.77626 102.85346 102.93217 103.01215 103.0931 103.17471 103.2566 103.33834 103.4195 103.49959 103.57814 103.65468 103.72877 103.80002 103.86811 103.93281 103.994 104.05167 104.10589 104.15682 104.20462 104.24938 104.291 104.32907 104.36266 104.39021 104.40939 104.41709
101.16895 101.17167 101.17689 101.18459 101.1948 101.20749 101.22267 101.24033 101.26044 101.283 101.30797 101.33533 101.36506 101.39713 101.43151 101.46818 101.50711 101.54828 101.59167 101.63727 101.68507 101.73507 101.78727 101.84167 101.89828 101.95712 102.01819 102.08149 102.14702 102.21476 102.28467 102.35667 102.43066 102.5065 102.58399 102.66289 102.74288 102.82362 102.90467 102.98557 103.06579 103.14478 103.22197 103.2968 103.36874 103.43731 103.50213 103.56294 103.61962 103.67221 103.72089 103.766 103.80795 103.8471 103.88367 103.9175 103.94779 103.97289 103.98996 103.99485
100.88676 100.88686 100.88948 100.89463 100.90231 100.91251 100.92522 100.94043 100.95813 100.97827 101.00085 101.02583 101.05317 101.08285 101.11484 101.14909 101.18559 101.2243 101.26522 101.30831 101.35358 101.40102 101.45065 101.50247 101.55651 101.61279 101.67134 101.73218 101.79533 101.86079 101.92854 101.99854 102.07068 102.14486 102.22086 102.29844 102.37728 102.45698 102.53706 102.61699 102.69617 102.77393 102.84961 102.92251 102.99198 103.05743 103.11837 103.17449 103.22562 103.27187 103.31354 103.35118 103.38552 103.41736 103.44739 103.47593 103.5026 103.5259 103.54273 103.54795
100.59779 100.59511 100.59498 100.59742 100.60242 100.60997 100.62006 100.63267 100.64777 100.66535 100.68536 100.70778 100.73256 100.75966 100.78904 100.82067 100.85451 100.89053 100.92871 100.96902 101.01146 101.05603 101.10275 101.15163 101.20271 101.25604 101.31165 101.36961 101.42994 101.49269 101.55786 101.62544 101.69536 101.76751 101.84172 101.91772 101.99517 102.07366 102.15264 102.23152 102.30957 102.38603 102.46007 102.53086 102.59758 102.65946 102.71589 102.76642 102.81083 102.84922 102.88203 102.91006 102.93443 102.95651 102.9777 102.99912 103.0212 103.04304 103.06173 103.07151
100.30184 100.29621 100.29318 100.29275 100.2949 100.29964 100.30694 100.31678 100.32913 100.34397 100.36124 100.38092 100.40294 100.42726 100.45384 100.48263 100.51357 100.54664 100.5818 100.61904 100.65833 100.69968 100.74311 100.78866 100.83636 100.88628 100.93849 100.99306 101.05009 101.10962 101.17172 101.2364 101.30364 101.37335 101.44538 101.51949 101.59531 101.6724 101.75016 101.82789 101.90478 101.97991 102.05228 102.12085 102.18459 102.24253 102.29381 102.33779 102.37415 102.40292 102.42462 102.4403 102.45154 102.46042 102.46931 102.48052 102.49581 102.51556 102.53779 102.55695
99.998699 99.989967 99.98386 99.98038 99.979522 99.981273 99.985614 99.992516 100.00195 100.01386 100.02822 100.04496 100.06403 100.08538 100.10894 100.13464 100.16245 100.1923 100.22416 100.258 100.29379 100.33155 100.37129 100.41305 100.4569 100.5029 100.55117 100.60181 100.65494 100.71067 100.76911 100.83032 100.89433 100.96111 101.03053 101.10237 101.17627 101.25174 101.32815 101.4047 101.48045 101.55429 101.62504 101.6914 101.75206 101.80574 101.8513 101.88781 101.91468 101.93182 101.93973 101.93965 101.93364 101.9246 101.91611 101.91214 101.91642 101.93153 101.95752 101.99027
99.688168 99.676147 99.666786 99.660085 99.656038 99.654628 99.655832 99.659617 99.665942 99.674758 99.686009 99.69963 99.715555 99.73371 99.754022 99.776417 99.800825 99.827181 99.855432 99.885536 99.91747 99.951228 99.98683 100.02432 100.06378 100.1053 100.14901 100.19506 100.24362 100.29486 100.34895 100.40601 100.46615 100.52939 100.59566 100.66478 100.7364 100.81002 100.88495 100.96031 101.03498 101.1077 101.177 101.2413 101.29894 101.34825 101.38766 101.41583 101.43179 101.43512 101.42616 101.40621 101.37774 101.34449 101.31147 101.28473 101.27075 101.2754 101.30226 101.35042
99.370021 99.354525 99.341722 99.331615 99.324193 99.319437 99.317321 99.317804 99.320839 99.326367 99.334321 99.344626 99.357199 99.371951 99.388792 99.407631 99.428377 99.450949 99.475274 99.501295 99.528973 99.558294 99.589275 99.621961 99.656439 99.692828 99.731289 99.772014 99.815226 99.861163 99.910067 99.962164 100.01764 100.0766 100.13906 100.2049 100.27381 100.34529 100.4186 100.49277 100.56653 100.63839 100.7066 100.76921 100.82413 100.86919 100.90228 100.92147 100.92521 100.91252 100.88334 100.83878 100.78149 100.71595 100.64868 100.58816 100.54441 100.52789 100.54757 100.60803
99.044032 99.024861 99.008421 98.994711 98.98372 98.975427 98.969798 98.966788 98.966342 98.96839 98.972853 98.979642 98.988656 98.99979 99.012932 99.027968 99.044785 99.063277 99.083348 99.104917 99.127926 99.152346 99.178181 99.205476 99.234323 99.26486 99.29728 99.331822 99.368774 99.408453 99.451197 99.497341 99.547184 99.60096 99.658792 99.720648 99.786299 99.855268 99.926796 99.999807 100.07289 100.1443 100.21197 100.27351 100.32632 100.36764 100.39462 100.40458 100.3951 100.36438 100.31157 100.23721 100.14372 100.03598 99.921827 99.812345 99.721748 99.666471 99.663095 99.724778
98.70996 98.686906 98.666621 98.649103 98.63434 98.622306 98.612965 98.606265 98.60214 98.600511 98.601285 98.604356 98.609605 98.616904 98.626117 98.637103 98.649721 98.663835 98.679316 98.696055 98.713965 98.732992 98.753122 98.77439 98.796886 98.820766 98.84625 98.87363 98.903261 98.935556 98.970968 99.009965 99.053 99.100461 99.152629 99.209615 99.271298 99.337271 99.406779 99.478676 99.551393 99.622926 99.690831 99.752258 99.803992 99.842526 99.864174 99.865216 99.842127 99.791876 99.712355 99.602935 99.465179 99.303696 99.127067 98.948699 98.787324 98.666648 98.613476 98.653513
98.367558 98.3404 98.31605 98.294507 98.275756 98.259772 98.24651 98.235913 98.227907 98.222399 98.219283 98.218432 98.219709 98.222958 98.228015 98.234707 98.242859 98.252295 98.262849 98.274372 98.28674 98.299861 98.313693 98.328249 98.34361 98.359938 98.377479 98.396574 98.417654 98.441238 98.467915 98.498319 98.533092 98.572831 98.618028 98.668994 98.725783 98.788106 98.85526 98.926057 98.998784 99.071166 99.140367 99.202999 99.25516 99.292497 99.310287 99.303579 99.267396 99.197042 99.088564 98.939409 98.749333 98.521584 98.26436 97.992429 97.728639 97.504755 97.36054 97.33952
98.016566 97.985069 97.956421 97.930623 97.907659 97.8875 97.870099 97.855392 97.843294 97.833701 97.82649 97.821515 97.818612 97.817599 97.818279 97.820439 97.823864 97.828331 97.833626 97.839548 97.845923 97.85261 97.859523 97.866638 97.874015 97.881805 97.890275 97.899806 97.91091 97.924221 97.940485 97.960538 97.985256 98.015507 98.052066 98.095524 98.146186 98.203963 98.268265 98.337911 98.411065 98.485186 98.557017 98.622589 98.677243 98.715674 98.731982 98.719766 98.672281 98.5827 98.444559 98.252459 98.003116 97.696867 97.33969 96.945762 96.540408 96.162955 95.868243 95.724103
97.656713 97.620627 97.587434 97.557135 97.529717 97.505149 97.483379 97.464338 97.447931 97.434041 97.422527 97.413224 97.405939 97.400458 97.396546 97.393948 97.392397 97.391616 97.39133 97.391276 97.391211 97.390931 97.390285 97.389195 97.387675 97.385855 97.383997 97.382518 97.382002 97.383206 97.387054 97.394616 97.407064 97.425605 97.451389 97.485393 97.528284 97.580274 97.64098 97.709293 97.783294 97.860184 97.936267 98.006953 98.066771 98.109388 98.127618 98.113447 98.058093 97.952162 97.786007 97.550365 97.237472 96.842774 96.36747 95.822031 95.230834 94.637849 94.112663 93.753699
97.287716 97.246774 97.20877 97.173711 97.141582 97.112354 97.085973 97.062362 97.041419 97.023014 97.006988 96.993152 96.981285 96.971139 96.962434 96.954865 96.948107 96.941819 96.935653 96.929265 96.922329 96.914555 96.905706 96.895621 96.884246 96.871657 96.858091 96.843976 96.829956 96.816909 96.805952 96.798426 96.795857 96.799884 96.812148 96.834146 96.867056 96.911539 96.967541 97.034126 97.109342 97.190146 97.272383 97.350803 97.419076 97.469803 97.494467 97.483364 97.425513 97.308636 97.119316 96.843462 96.467315 95.979228 95.372549 94.64995 93.829603 92.953779 92.100937 91.401158
96.909279 96.863193 96.820095 96.779995 96.742882 96.708727 96.677475 96.649046 96.623329 96.600183 96.57943 96.560858 96.544215 96.529214 96.515528 96.502797 96.490627 96.478602 96.466286 96.45324 96.439032 96.423262 96.405576 96.385703 96.363481 96.338896 96.312122 96.283565 96.2539 96.224111 96.195512 96.169747 96.148762 96.134731 96.129933 96.136565 96.156517 96.191102 96.240779 96.304914 96.381595 96.467542 96.558104 96.647309 96.72793 96.791491 96.828186 96.826672 96.77379 96.654272 96.450577 96.143037 95.710572 95.13233 94.390717 93.476336 92.39531 91.179551 89.902663 88.710994
96.521093 96.469555 96.421057 96.375613 96.33322 96.293851 96.257451 96.223939 96.193197 96.165073 96.139373 96.115859 96.094251 96.074217 96.055381 96.037319 96.019563 96.001608 95.982917 95.962935 95.941103 95.916878 95.889761 95.859325 95.825257 95.787405 95.745825 95.700847 95.65313 95.603729 95.554139 95.506326 95.462719 95.426148 95.399705 95.386529 95.389499 95.410869 95.451872 95.512365 95.590569 95.682956 95.784287 95.887758 95.985163 96.066968 96.122205 96.138131 96.099685 95.988825 95.783916 95.459385 94.985971 94.331999 93.466418 92.364457 91.016504 89.439266 87.687582 85.881787
