RAINFALL_MEAN_RP_100.tif
NCOLS 101
NROWS 90
XLLCORNER -81.15
YLLCORNER -4.25
DX 0.0099207921
DY 0.01
NODATA_VALUE -9999
[rows 52 to 77 of 90, columns 0 to 59 of 101]
196.10566 195.45938 194.80824 194.15055 193.48434 192.80739 192.11724 191.41127 190.68696 189.94207 189.17521 188.38659 187.57916 186.76021 185.94329 185.15009 184.4112 183.76406 183.24639 182.8848 182.68187 182.6086 182.60854 182.61383 182.56632 182.43523 182.22563 181.97517 181.73807 181.55683 181.42804 181.27613 180.94841 180.23263 178.88391 176.64968 173.30816 168.79724 163.59214 159.32583 158.56913 162.33604 168.44941 173.99202 177.46075 178.51186 177.24681 173.95902 169.34223 165.07829 163.92696 167.61708 175.26604 185.04706 195.29671 204.73789 212.51833 218.10006 221.29687 222.80863
194.63505 193.95614 193.27162 192.57946 191.87721 191.16198 190.43046 189.67891 188.9033 188.09951 187.2638 186.39354 185.48865 184.55367 183.60098 182.65469 181.75407 180.95372 180.31597 179.89247 179.69876 179.6957 179.79336 179.87965 179.85871 179.68178 179.36288 178.97855 178.64874 178.49351 178.57067 178.82309 179.07259 179.06958 178.56782 177.38979 175.48162 172.99235 170.40847 168.64726 168.74446 170.99269 174.50888 177.94802 180.33405 181.24683 180.68994 178.99803 176.85923 175.36251 175.78779 178.94681 184.70876 192.26752 200.59559 208.72502 215.90584 221.69048 226.03077 229.43991
193.13058 192.41883 191.70104 190.97487 190.23741 189.48517 188.71397 187.91889 187.09431 186.23393 185.33108 184.3793 183.37373 182.31355 181.20632 180.07474 178.96486 177.95226 177.13701 176.61658 176.43679 176.5475 176.80265 177.01342 177.01863 176.73477 176.17972 175.48034 174.85948 174.57657 174.80986 175.53446 176.49926 177.33687 177.72103 177.47499 176.61666 175.37407 174.18013 173.59701 174.10109 175.7846 178.23032 180.71845 182.57292 183.39272 183.12574 182.06696 180.83411 180.29006 181.32551 184.50336 189.8043 196.69301 204.37647 212.04977 219.07214 225.08045 230.05835 234.34944
191.59019 190.84543 190.0946 189.33511 188.56371 187.77637 186.96815 186.13305 185.2639 184.35219 183.38809 182.36066 181.25871 180.0731 178.80161 177.4584 176.08924 174.78981 173.713 173.03668 172.8734 173.16697 173.67766 174.08719 174.12975 173.66364 172.69477 171.39971 170.14849 169.45125 169.73886 171.06019 172.99288 174.8953 176.24021 176.77488 176.5235 175.74822 174.91017 174.58201 175.2431 177.00443 179.48743 182.0039 183.87624 184.66138 184.2254 182.75175 180.78589 179.37423 180.02006 183.74458 190.1379 198.03573 206.40372 214.49053 221.78752 228.03621 233.25937 237.76509
190.0112 189.23317 188.44952 187.65753 186.8537 186.03364 185.19182 184.3214 183.41395 182.45912 181.44421 180.35386 179.17006 177.87327 176.44651 174.88583 173.22241 171.55981 170.11201 169.18597 169.03033 169.6024 170.5078 171.21927 171.32281 170.59607 168.99915 166.71783 164.29163 162.66458 162.8158 164.9854 168.3651 171.73674 174.21246 175.4168 175.34671 174.26605 172.74367 171.72075 172.24185 174.67379 178.27431 181.80311 184.2771 185.1534 184.20481 181.42574 177.15145 172.74051 171.68717 176.89785 186.3067 196.84463 207.02191 216.20337 224.07554 230.50264 235.55176 239.61664
188.39022 187.57846 186.76204 185.93825 185.10353 184.25327 183.38164 182.48132 181.54314 180.55558 179.50409 178.37016 177.13022 175.75503 174.21105 172.46859 170.52627 168.46753 166.55135 165.25753 165.07749 166.02827 167.47319 168.57979 168.76535 167.72487 165.3194 161.62666 157.27655 153.87475 153.55408 157.0397 162.66327 168.08885 171.93119 173.74023 173.48107 171.31004 167.81631 164.64874 164.43344 168.39295 174.62171 180.36698 184.1031 185.30696 183.77719 179.36063 172.08061 162.99539 158.56586 166.89391 180.76317 194.66643 207.1202 217.66356 226.16261 232.53943 236.78435 239.38721
186.7231 185.87675 185.02726 184.17206 183.30766 182.4295 181.53172 180.6069 179.64575 178.63659 177.56453 176.4103 175.14834 173.74446 172.1539 170.32394 168.21298 165.85431 163.50098 161.79027 161.54027 162.8915 164.89461 166.37141 166.61935 165.28527 162.08227 156.80619 149.91799 143.76096 142.51605 147.93837 156.66835 164.5887 169.88873 172.2333 171.57605 167.76475 161.00743 153.67199 151.64858 158.43362 169.26348 178.41352 183.93663 185.73344 183.87928 178.31376 169.36363 158.67393 152.41291 162.27797 177.65094 193.63132 207.84743 219.47666 228.36527 234.31556 236.8984 236.32506
185.00488 184.12253 183.23908 182.35225 181.45881 180.5544 179.63337 178.68858 177.71115 176.69016 175.61207 174.45971 173.21052 171.83369 170.28635 168.5114 166.4473 164.08181 161.61304 159.71136 159.40215 160.94013 163.17029 164.7444 164.96472 163.4754 159.85384 153.5676 144.67452 135.90131 133.64509 140.96935 152.46272 162.32626 168.6704 171.40419 170.47124 165.33472 155.49431 143.46757 139.04582 149.18626 165.00481 177.39743 184.5369 187.01307 185.26565 179.379 169.9303 159.60268 154.68191 163.04391 178.38458 195.17487 210.117 222.14217 231.00176 236.25773 236.7861 231.76491
183.22978 182.30925 181.39015 180.47064 179.54786 178.61783 177.67525 176.71339 175.72408 174.69765 173.62296 172.48717 171.27509 169.96761 168.53912 166.95486 165.1755 163.19326 161.15563 159.58939 159.33402 160.59614 162.40069 163.63593 163.72305 162.32112 158.97761 153.08581 144.54453 135.9063 133.65553 140.99662 152.44147 162.26614 168.67805 171.57574 170.83546 165.82928 155.94804 143.67653 139.13064 149.63512 166.03484 178.95884 186.5729 189.53061 188.335 183.05562 173.80965 161.78539 155.18504 166.11526 183.21213 199.87766 214.32603 225.91367 234.36172 239.11521 238.92383 232.85282
181.39121 180.42935 179.47189 178.51754 177.56398 176.60768 175.64368 174.66562 173.66582 172.63564 171.56617 170.44915 169.27805 168.04922 166.76251 165.42179 164.03806 162.64623 161.35966 160.4581 160.32431 161.00967 162.00281 162.68238 162.63958 161.57308 159.13034 154.93148 149.08507 143.53648 142.45763 147.82152 156.37435 164.25498 169.83026 172.70844 172.66402 169.32795 162.70217 155.15705 153.14509 160.74789 172.8899 183.38629 190.20547 193.35391 193.073 189.45765 182.82284 175.06951 172.29136 179.8783 193.41069 207.58374 220.28516 230.7615 238.61202 243.36749 244.45352 242.2697
179.48183 178.47431 177.47449 176.48182 175.49465 174.50996 173.5231 172.52774 171.51603 170.47925 169.40903 168.29933 167.14928 165.96701 164.77383 163.60775 162.52438 161.59292 160.88814 160.48118 160.41935 160.66983 161.07133 161.37913 161.34786 160.76073 159.42224 157.2162 154.39541 152.11153 152.2906 155.81739 161.388 167.0497 171.57516 174.40646 175.27185 174.07861 171.24473 168.48153 168.83144 173.92535 181.77788 189.34352 194.97046 198.19147 198.98119 197.49385 194.30689 191.13597 191.14741 196.54055 205.98878 216.8253 227.26721 236.38516 243.63977 248.66793 251.40067 252.60609
177.49361 176.43465 175.38691 174.35082 173.32563 172.30894 171.29636 170.28116 169.25439 168.20547 167.12357 166.00021 164.83318 163.63227 162.4261 161.26825 160.2373 159.42185 158.88498 158.62747 158.59941 158.75305 159.03502 159.3317 159.48976 159.38795 158.97506 158.29415 157.57751 157.38299 158.4639 161.1807 165.10689 169.38108 173.22266 176.1182 177.81749 178.35467 178.17974 178.30711 180.04633 184.02637 189.55303 195.27609 200.11462 203.50945 205.30145 205.64555 205.10019 204.81163 206.33851 210.69884 217.58576 225.85944 234.38643 242.32505 249.08999 254.32126 257.94718 260.20758
175.41797 174.30003 173.19691 172.11033 171.04078 169.98685 168.94447 167.9063 166.86136 165.79522 164.69105 163.532 162.30521 161.0082 159.65759 158.29927 157.01573 155.92171 155.13808 154.7491 154.77192 155.15015 155.74728 156.36618 156.83831 157.11733 157.28594 157.49414 157.9307 158.85692 160.57452 163.24346 166.71283 170.55462 174.25002 177.37347 179.71025 181.32371 182.58643 184.12843 186.61127 190.35771 195.12313 200.23992 204.9655 208.74841 211.34775 212.88556 213.86284 215.07611 217.37714 221.31643 226.902 233.6791 240.98523 248.15066 254.60132 259.90719 263.77663 265.87723
173.24594 172.05937 170.891 169.74433 168.62169 167.52324 166.4458 165.38161 164.31721 163.23283 162.10246 160.89516 159.57793 158.12109 156.50745 154.74779 152.90534 151.12891 149.67785 148.88488 148.99183 149.92784 151.27783 152.53008 153.37592 153.84322 154.21204 154.78501 155.73297 157.18597 159.35321 162.39216 166.19234 170.36413 174.4123 177.92284 180.68414 182.75192 184.47079 186.41916 189.21554 193.20851 198.25549 203.78867 209.08125 213.48912 216.6347 218.6469 220.21041 222.10136 224.82875 228.68795 233.78061 239.93515 246.72376 253.59075 259.97969 265.3917 269.35903 271.3492
170.96848 169.70106 168.45458 167.23491 166.04709 164.89395 163.77437 162.68116 161.59893 160.50218 159.35391 158.10511 156.69519 155.05418 153.10892 150.79994 148.12457 145.23131 142.56701 140.9342 141.11232 143.07603 145.80316 148.08652 149.31838 149.66532 149.8183 150.40851 151.51297 153.04103 155.38197 159.00708 163.74295 168.89255 173.73655 177.77229 180.74232 182.65076 183.85688 185.19779 187.8243 192.45851 198.76536 205.70741 212.2271 217.45859 220.78534 222.49579 224.01905 226.24606 229.23991 233.19051 238.33846 244.58258 251.49888 258.54666 265.19541 270.94398 275.27656 277.66155
168.57697 167.21344 165.87217 164.56214 163.29227 162.06974 160.89751 159.77113 158.67519 157.57974 156.43711 155.17914 153.71454 151.92591 149.66786 146.77431 143.10302 138.68723 134.09344 130.84243 130.90814 134.59734 139.6616 143.52909 145.10959 144.83478 144.23457 144.76038 146.0405 147.06475 148.9541 153.32326 159.68456 166.46693 172.49881 177.1628 180.12343 181.21609 180.68844 179.88488 181.49105 187.38894 196.38104 205.91223 214.23452 220.30074 223.28714 224.0477 225.54682 228.06682 230.89651 234.88753 240.64091 247.71679 255.38208 263.04678 270.26939 276.66884 281.83286 285.25027
166.06394 164.58556 163.1281 161.70439 160.32871 159.01492 157.77314 156.60532 155.49971 154.42525 153.3262 152.11752 150.67974 148.85108 146.415 143.08688 138.52938 132.5056 125.44767 119.61707 119.09285 125.21993 133.63286 139.57282 141.4083 139.86766 137.7206 138.43759 140.61086 140.12041 140.40489 145.95414 154.83437 163.78186 171.20405 176.51314 179.30721 179.06741 175.50909 170.35983 169.494 177.75665 191.44196 204.67373 214.95983 221.51635 223.89944 224.1557 226.21885 228.18574 229.41396 233.49049 240.89344 249.71273 258.66364 267.22182 275.16253 282.33721 288.55847 293.3549
163.42411 161.80838 160.20774 158.63933 157.12441 155.68643 154.3471 153.12029 152.00395 150.9714 149.96347 148.88267 147.58811 145.88718 143.51779 140.11812 135.20379 128.26825 119.41756 111.2205 109.81815 118.04626 129.36776 136.99658 139.00897 136.17892 132.04298 133.03221 137.07753 134.16666 132.32134 139.67959 151.18314 161.98328 170.49344 176.30274 178.96514 177.56384 171.00907 160.85127 156.77535 167.97322 186.75877 203.27146 214.89258 221.69481 224.39023 225.63823 227.59537 226.82667 225.0954 230.26973 240.5505 251.61082 261.94088 271.32455 279.80213 287.39317 293.96561 298.82042
160.6559 158.87676 157.09972 155.34614 153.64547 152.03412 150.55125 149.23079 148.08959 147.11376 146.24668 145.38231 144.36409 142.98444 140.97533 137.98276 133.54002 127.14733 118.858 111.07637 109.74123 117.6881 128.68428 136.23723 138.44255 135.91923 131.99272 132.97068 136.95857 134.12328 132.30936 139.65759 151.21696 162.16257 170.87556 176.89185 179.69834 178.29635 171.52955 161.03473 156.8322 168.21936 187.24202 203.85456 215.47845 222.559 226.33422 228.66208 229.87802 227.59816 225.30383 231.28421 242.8945 255.00626 265.99766 275.74063 284.32229 291.69043 297.45025 300.61136
157.76316 155.792 153.79943 151.80945 149.85989 148.00323 146.30336 144.82596 143.62121 142.70132 142.01982 141.46222 140.85279 139.97227 138.57268 136.37869 133.09076 128.48106 122.8443 118.05273 117.73593 123.29816 131.09148 136.98203 139.36508 138.59961 136.99677 137.83843 140.04586 139.75539 140.18466 145.82099 154.9409 164.3553 172.40348 178.36222 181.65565 181.56703 177.67688 171.90738 170.78808 179.48501 193.81554 207.41858 217.81536 224.95023 229.60708 232.68467 234.18107 233.60795 233.79764 239.4379 249.59143 260.80809 271.39372 280.92088 289.26 296.17581 301.2009 303.94224
154.75713 152.56525 150.31393 148.02589 145.74494 143.54102 141.51071 139.76783 138.41922 137.52651 137.06608 136.90923 136.83956 136.6019 135.95661 134.71608 132.7708 130.16186 127.30481 125.3301 125.824 129.24415 134.05705 138.26012 140.76052 141.59435 141.85864 142.87461 144.50411 145.91488 148.16441 152.90865 159.84814 167.50705 174.65076 180.49522 184.48117 186.2091 185.79845 184.79139 186.42698 192.92295 202.78658 213.02798 221.85901 228.80944 234.07412 237.98644 240.66399 242.45683 245.08122 250.63261 259.01562 268.62454 278.2314 287.25247 295.34411 302.15511 307.37142 311.18461
151.65809 149.22111 146.66836 144.01374 141.29984 138.61072 136.08157 133.89558 132.2542 131.31291 131.09878 131.45869 132.08687 132.62806 132.79507 132.44252 131.5899 130.43032 129.36017 128.9874 129.92837 132.33131 135.6407 138.97542 141.66125 143.5345 144.97109 146.51654 148.37841 150.60452 153.64705 158.0783 163.8796 170.44197 177.00199 182.89951 187.64926 191.0178 193.22772 195.21952 198.47253 203.95809 211.29287 219.29807 226.97033 233.80505 239.67452 244.61902 248.74981 252.45532 256.64546 262.26363 269.4578 277.687 286.34285 294.9641 303.14004 310.45075 316.6045 321.78965
148.49573 145.80045 142.9128 139.82553 136.56544 133.21752 129.95275 127.04568 124.851 123.70354 123.74811 124.79985 126.37298 127.89005 128.91808 129.28845 129.09287 128.62241 128.29367 128.55691 129.76174 131.99918 135.02079 138.33375 141.43906 144.07 146.27981 148.31972 150.46188 152.99307 156.27979 160.64012 166.10936 172.37488 178.91365 185.18112 190.75609 195.44713 199.38616 203.06591 207.18782 212.28951 218.44634 225.33216 232.49215 239.55003 246.26713 252.5057 258.20453 263.45847 268.61012 274.1358 280.39564 287.53076 295.49932 304.0976 312.95336 321.55185 329.35875 336.06522
145.30703 142.36067 139.12716 135.56147 131.65079 127.4518 123.14749 119.11179 115.93024 114.27337 114.55987 116.58923 119.53201 122.37038 124.38247 125.3204 125.3324 124.82479 124.35521 124.52881 125.8283 128.39956 131.965 135.96949 139.84045 143.19661 145.92624 148.15198 150.18261 152.5081 155.71622 160.22872 166.05905 172.8352 180.01023 187.06051 193.59853 199.42264 204.53509 209.1425 213.63472 218.49862 224.12653 230.63992 237.90076 245.65972 253.66495 261.65216 269.27041 276.09339 281.866 286.86604 291.91467 297.9115 305.4012 314.4803 324.87098 335.94716 346.68982 355.76627
142.13001 138.97034 135.41963 131.37717 126.75993 121.54896 115.88006 110.18983 105.36209 102.65313 103.08775 106.53837 111.53748 116.24724 119.47409 120.87842 120.69671 119.48664 118.0488 117.40707 118.54209 121.78935 126.58394 131.93825 136.98229 141.15687 144.20073 146.11863 147.26863 148.55087 151.26318 156.2641 163.32796 171.56431 180.11891 188.42216 196.13858 203.06644 209.07083 214.1212 218.50163 222.94404 228.26732 234.88198 242.76987 251.75015 261.62923 272.10976 282.49567 291.47622 297.71253 301.30875 304.18418 308.52088 315.55223 325.64062 338.67035 354.0561 370.23193 384.04819
138.99211 135.69563 131.91255 127.47403 122.20022 115.94326 108.69974 100.85597 93.575244 88.993775 89.329524 94.774748 102.73841 109.98099 114.67556 116.4757 115.78626 113.32521 110.13088 107.8323 108.4382 112.72871 119.43345 126.73073 133.32044 138.43409 141.61382 142.61898 141.7226 140.51896 142.0174 148.14481 157.77529 168.64792 179.34085 189.31598 198.41156 206.49432 213.27244 218.37973 222.04251 225.64304 230.72006 237.81068 246.76633 257.40919 269.72542 283.62606 298.21765 310.78498 317.56526 318.14878 317.03319 318.74935 325.17429 336.70332 353.4867 375.49514 401.1712 424.67446
