RAINFALL_MINIMUN_RP_100.tif
NCOLS 101
NROWS 90
XLLCORNER -81.15
YLLCORNER -4.25
DX 0.0099207921
DY 0.01
NODATA_VALUE -9999
[rows 26 to 51 of 90, columns 0 to 59 of 101]
158.62559 158.51758 158.41165 158.30765 158.2054 158.10467 158.0052 157.90666 157.80868 157.7108 157.61252 157.51323 157.41229 157.30894 157.20235 157.09161 156.97573 156.85365 156.72425 156.58638 156.43888 156.28061 156.11052 155.92769 155.73144 155.52141 155.2977 155.06099 154.81276 154.55539 154.29241 154.02854 153.76981 153.52341 153.29744 153.10031 152.93993 152.8226 152.75182 152.7271 152.74307 152.78912 152.84946 152.90362 152.92696 152.89086 152.76214 152.50156 152.06138 151.38222 150.38969 148.99134 147.07502 144.51012 141.15485 136.87487 131.57873 125.26606 118.04658 110.07436
158.0175 157.90004 157.78459 157.671 157.55908 157.44859 157.33923 157.23068 157.1225 157.01421 156.90524 156.79493 156.68253 156.56719 156.44793 156.32369 156.19329 156.05546 155.9088 155.75187 155.58316 155.40113 155.20431 154.99129 154.76087 154.51217 154.24475 153.95886 153.65558 153.33717 153.00727 152.67122 152.33621 152.01134 151.70734 151.43606 151.20933 151.03747 150.92751 150.88135 150.89441 150.95503 151.04485 151.13997 151.21227 151.2303 151.15892 150.95748 150.57631 149.95208 149.00256 147.62154 145.67499 143.00003 139.41077 134.71958 128.79015 121.63942 113.54817 104.89174
157.39714 157.26989 157.14459 157.02108 156.89918 156.77862 156.65912 156.5403 156.42171 156.30282 156.18302 156.06158 155.93765 155.81027 155.67833 155.54061 155.39572 155.24214 155.07819 154.90207 154.71188 154.50563 154.28128 154.03684 153.77045 153.48049 153.16579 152.82581 152.461 152.07308 151.66553 151.24402 150.81681 150.39506 149.9928 149.62632 149.313 149.06915 148.90731 148.83335 148.84413 148.92652 149.05819 149.20996 149.34875 149.43982 149.44719 149.33146 149.04506 148.52561 147.68841 146.41914 144.56803 141.94659 138.33039 133.4776 127.18754 119.45022 110.75698 102.46426
156.76419 156.62677 156.49126 156.35749 156.22527 156.09434 155.96439 155.83504 155.70582 155.57616 155.44539 155.31272 155.17723 155.03784 154.8933 154.74222 154.583 154.41383 154.23275 154.03757 153.82592 153.59528 153.34298 153.06629 152.76252 152.42909 152.06378 151.66496 151.23194 150.76545 150.26823 149.74575 149.207 148.66513 148.13794 147.64752 147.21897 146.87755 146.6446 146.53266 146.54129 146.65508 146.84508 147.07323 147.29827 147.48071 147.58473 147.57582 147.41431 147.04575 146.39031 145.33313 143.7172 141.33929 137.95012 133.26407 126.9966 118.9726 109.39831 99.577809
156.11828 155.97031 155.82419 155.67978 155.53688 155.39524 155.25453 155.11438 154.97428 154.83365 154.69178 154.54782 154.40076 154.24943 154.09245 153.92824 153.75497 153.57059 153.37278 153.15893 152.92618 152.67138 152.39116 152.08191 151.7399 151.36138 150.94272 150.48075 149.97308 149.41873 148.81886 148.17783 147.50446 146.81343 146.12644 145.47275 144.88806 144.41115 144.07758 143.91149 143.91768 144.07734 144.35004 144.68198 145.01734 145.30832 145.51994 145.62763 145.60797 145.42443 145.01172 144.26293 143.02241 141.08465 138.19713 134.06641 128.37495 120.83337 111.34829 100.79614
155.45906 155.30011 155.14296 154.98749 154.83351 154.68077 154.52896 154.37769 154.22645 154.07464 153.92153 153.76621 153.60761 153.44445 153.27525 153.09823 152.91137 152.71233 152.49841 152.26661 152.01349 151.73525 151.42769 151.08623 150.70591 150.28151 149.80769 149.27917 148.6912 148.04013 147.32432 146.54559 145.711 144.83528 143.94342 143.07274 142.27316 141.60362 141.12312 140.87665 140.87979 141.10896 141.50367 141.98154 142.46006 142.87583 143.19452 143.40864 143.52383 143.53659 143.40951 143.05219 142.31499 140.99675 138.86049 135.65089 131.11877 125.08931 117.7122 110.33031
154.78615 154.61574 154.4471 154.28012 154.11461 153.95035 153.78704 153.62429 153.4616 153.29837 153.13384 152.96708 152.79696 152.62214 152.44099 152.25159 152.05172 151.83874 151.60962 151.36089 151.08855 150.78811 150.45446 150.08192 149.66417 149.19428 148.66479 148.06782 147.39544 146.64018 145.79604 144.86012 143.83509 142.73282 141.57915 140.41899 139.31989 138.37038 137.66833 137.29721 137.29567 137.6347 138.21847 138.91223 139.58414 140.14145 140.54878 140.82616 141.02859 141.21067 141.38398 141.48362 141.36159 140.81114 139.60875 137.55625 134.52436 130.53518 125.97639 122.02208
154.09915 153.91677 153.73613 153.55712 153.37958 153.20332 153.02805 152.8534 152.6789 152.50395 152.32779 152.14948 151.96786 151.78151 151.58873 151.38746 151.17526 150.94926 150.70608 150.44178 150.15183 149.83097 149.47319 149.07162 148.61846 148.10489 147.52099 146.85579 146.09736 145.23317 144.25093 143.14021 141.8953 140.52014 139.03585 137.49083 135.97151 134.60752 133.56054 132.98647 132.97451 133.49308 134.38338 135.41357 136.36154 137.08108 137.53155 137.77521 137.94907 138.21007 138.65829 139.2682 139.87354 140.22244 140.06751 139.24286 137.7157 135.63945 133.44399 131.92782
153.39765 153.20274 153.00952 152.81792 152.62779 152.43898 152.25122 152.06418 151.87743 151.69038 151.50231 151.31228 151.11912 150.92139 150.71729 150.50468 150.28095 150.04299 149.7871 149.50892 149.20336 148.86445 148.48525 148.05769 147.57243 147.01862 146.38372 145.65326 144.81062 143.83706 142.712 141.41415 139.92421 138.23042 136.33879 134.29014 132.1836 130.19952 128.60075 127.67958 127.63772 128.45526 129.85884 131.43411 132.79653 133.7087 134.11721 134.14447 134.05809 134.19785 134.83575 136.01754 137.51206 138.93079 139.91867 140.28366 140.03789 139.398 138.77741 138.74684
152.68123 152.47318 152.26677 152.06193 151.85857 151.65657 151.4557 151.25569 151.05614 150.85653 150.65617 150.45416 150.24935 150.0403 149.82518 149.60178 149.36735 149.11859 148.85154 148.56144 148.24268 147.88862 147.49144 147.04191 146.52916 145.94036 145.26027 144.47076 143.55019 142.47275 141.20794 139.72048 137.97166 135.92394 133.55222 130.86746 127.9588 125.05271 122.55869 121.02066 120.89078 122.20806 124.48383 126.95474 128.95417 130.10604 130.33511 129.83515 129.06209 128.68049 129.32199 131.19119 133.88745 136.68738 138.98023 140.47738 141.19687 141.39043 141.49406 142.07569
151.94948 151.72763 151.50732 151.28853 151.07122 150.8553 150.6406 150.42691 150.21391 150.00114 149.78798 149.5736 149.35691 149.1365 148.91057 148.67686 148.43257 148.17424 147.89768 147.59783 147.26861 146.90278 146.49171 146.02514 145.4908 144.87399 144.15696 143.31811 142.33085 141.16222 139.77112 138.10632 136.10507 133.69402 130.7972 127.36117 123.41541 119.18862 115.26377 112.61875 112.25041 114.39131 118.13441 122.04537 125.00102 126.45794 126.31794 124.82133 122.63267 120.96191 121.22981 124.04788 128.59151 133.36295 137.26625 139.88093 141.23138 141.58211 141.4201 141.5592
151.20201 150.9656 150.73063 150.49711 150.26503 150.03434 149.80497 149.57677 149.3495 149.1228 148.89616 148.66885 148.43989 148.20793 147.97126 147.72763 147.47424 147.20754 146.92318 146.61586 146.27914 145.90527 145.48495 145.00701 144.45803 143.82172 143.07823 142.20298 141.16517 139.92557 138.43337 136.62197 134.40362 131.66389 128.26037 124.03779 118.89179 112.94464 106.89423 102.36006 101.43144 104.86455 110.94131 116.98974 121.25106 123.07696 122.37249 119.31597 114.63732 110.31481 109.47461 113.81127 121.42737 129.11576 135.05146 138.8008 140.46684 140.24806 138.53327 136.5492
150.4384 150.18666 149.9362 149.68705 149.43927 149.19286 148.94783 148.70412 148.46159 148.22002 147.97901 147.738 147.49612 147.25221 147.00465 146.75131 146.48941 146.21542 145.92493 145.61245 145.27129 144.89332 144.46871 143.98561 143.42969 142.7835 142.02565 141.12947 140.06121 138.77725 137.21991 135.31119 132.94345 129.9666 126.17326 121.29227 115.02833 107.25759 98.596198 91.353879 89.400465 94.592255 103.81994 112.48239 118.18295 120.38013 119.04189 114.09941 105.92258 97.148553 94.043875 100.85591 113.21663 124.73242 132.92643 137.74015 139.48706 138.14138 133.50228 126.8294
149.65831 149.39038 149.1235 148.85775 148.59323 148.33002 148.06818 147.80778 147.5488 147.29116 147.03465 146.77887 146.52318 146.26661 146.00773 145.74458 145.47454 145.19416 144.89902 144.58358 144.24101 143.8629 143.43909 142.95724 142.40244 141.75653 140.99723 140.09686 139.02035 137.72236 136.14267 134.19892 131.77522 128.70443 124.74291 119.54282 112.65542 103.6955 93.0268 83.34379 80.292251 87.073465 99.023975 109.67554 116.34321 118.77418 117.03105 110.73817 99.575947 86.187853 80.350083 89.970132 107.11941 121.86125 131.70818 137.25349 139.03101 136.71241 129.14218 116.61863
148.8614 148.57635 148.29207 148.00866 147.72625 147.44499 147.16504 146.88656 146.6097 146.33453 146.06106 145.78913 145.51836 145.24804 144.97703 144.70364 144.42547 144.13924 143.84066 143.52424 143.18307 142.80866 142.3906 141.91632 141.37061 140.73501 139.98705 139.09901 138.03618 136.75426 135.19525 133.28082 130.90176 127.90095 124.04785 119.0074 112.33213 103.6022 93.087481 83.400614 80.316598 87.165275 99.080041 109.5518 116.05992 118.45533 116.82335 110.75476 99.793066 86.362053 80.412502 90.216539 107.45703 122.1468 132.01609 137.70197 139.67284 137.50637 129.9286 117.09498
148.04738 147.74425 147.44151 147.13927 146.83771 146.53702 146.23746 145.93931 145.64285 145.34839 145.05616 144.76628 144.47872 144.1931 143.90867 143.6241 143.33732 143.04536 142.74415 142.42833 142.09106 141.72381 141.31614 140.85536 140.32621 139.71028 138.98539 138.12455 137.09468 135.85463 134.35233 132.5203 130.2687 127.4744 123.96576 119.50776 113.81528 106.69551 98.572533 91.566505 89.653893 94.814951 103.72344 111.84656 117.1299 119.24106 118.19494 113.85552 106.34008 97.894412 94.845722 101.76489 114.02351 125.38211 133.73223 139.04039 141.4244 140.61731 136.20184 129.36151
147.21602 146.89381 146.57148 146.24917 145.92708 145.60544 145.28459 144.96492 144.64689 144.331 144.01779 143.7077 143.40109 143.09806 142.79832 142.50102 142.20457 141.90641 141.60281 141.28867 140.95729 140.60022 140.20702 139.76504 139.2591 138.67105 137.97927 137.15789 136.17596 134.99634 133.57437 131.85619 129.77663 127.25678 124.20263 120.51087 116.10305 111.04557 105.85092 101.89229 101.13285 104.31361 109.76631 115.0873 118.85321 120.59599 120.25907 117.96225 114.22786 110.67548 110.18257 114.45855 121.81948 129.50962 136.0157 140.82677 143.74045 144.62777 143.66424 142.10942
146.36718 146.02483 145.68175 145.33807 144.99396 144.64971 144.3057 143.96243 143.62052 143.28071 142.94381 142.6107 142.28218 141.95891 141.64121 141.32887 141.02092 140.71537 140.40896 140.09694 139.77283 139.42832 139.05301 138.63433 138.15725 137.60394 136.95337 136.18075 135.25701 134.14839 132.81646 131.21879 129.31116 127.05221 124.41281 121.39443 118.06542 114.6299 111.53276 109.51463 109.3579 111.24639 114.4403 117.79567 120.42024 121.86521 122.04378 121.16309 119.76768 118.82307 119.50123 122.41458 127.10396 132.55581 137.87721 142.46403 145.95295 148.2242 149.52064 150.61774
145.50077 145.13722 144.7722 144.40578 144.03811 143.66947 143.30026 142.93107 142.56267 142.196 141.83222 141.47262 141.11859 140.77142 140.43222 140.10158 139.77936 139.46432 139.15384 138.84362 138.52748 138.1972 137.84245 137.45068 137.00699 136.49386 135.89075 135.17359 134.31438 133.28101 132.0379 130.54791 128.77683 126.70175 124.32562 121.70017 118.95721 116.34127 114.2199 113.02684 113.09793 114.45106 116.69259 119.17103 121.2558 122.54394 122.93531 122.62795 122.08068 121.92868 122.80636 125.10577 128.81421 133.5298 138.62557 143.47426 147.62914 150.91699 153.46542 155.65143
144.61678 144.231 143.84284 143.45231 143.05948 142.66458 142.268 141.87035 141.47251 141.07564 140.6812 140.29097 139.90694 139.53123 139.16587 138.81251 138.47209 138.14438 137.82757 137.51797 137.2097 136.89461 136.56228 136.2001 135.79321 135.32434 134.77332 134.1165 133.32597 132.36917 131.20907 129.80585 128.12105 126.12566 123.81467 121.23051 118.4968 115.85668 113.69218 112.47174 112.57039 114.01593 116.383 118.97442 121.12835 122.42656 122.75674 122.29643 121.47228 120.89644 121.26461 123.19407 126.93646 132.12778 137.96594 143.65064 148.65412 152.76499 156.02593 158.62237
143.71529 143.30627 142.89383 142.47783 142.05824 141.63517 141.20895 140.78014 140.34966 139.91881 139.48935 139.06354 138.64406 138.23396 137.83645 137.45452 137.09052 136.74557 136.419 136.10787 135.80659 135.50692 135.19814 134.86729 134.49942 134.07748 133.58179 132.98907 132.27102 131.39299 130.31289 128.98098 127.34121 125.33506 122.91026 120.03962 116.76193 113.26594 110.0273 107.89553 107.80254 109.98156 113.57549 117.28109 120.11963 121.61953 121.68632 120.50118 118.53164 116.5802 115.73269 117.2001 121.69058 128.47391 136.00793 143.10296 149.17489 154.04693 157.75998 160.47115
142.79645 142.36328 141.92547 141.48272 141.03483 140.58173 140.12356 139.66078 139.19422 138.72525 138.25584 137.78867 137.32717 136.87546 136.43815 136.01997 135.62517 135.25673 134.91554 134.59965 134.30375 134.01921 133.73448 133.4358 133.10782 132.73381 132.29501 131.76913 131.128 130.33467 129.34033 128.08119 126.47513 124.41798 121.77985 118.4076 114.15704 109.02512 103.51422 99.190267 98.440932 102.20691 108.47154 114.43691 118.57714 120.47817 120.16518 117.84452 114.06368 110.04894 107.46697 108.11401 113.93448 123.38282 133.37906 142.25618 149.50614 155.08449 159.0725 161.65431
141.86048 141.40233 140.9382 140.46757 139.98997 139.50508 139.01275 138.51318 138.00701 137.49549 136.98067 136.46554 135.95425 135.45207 134.96532 134.50092 134.06571 133.66531 133.30287 132.97783 132.68514 132.4152 132.15477 131.88832 131.59953 131.27208 130.88901 130.43065 129.87092 129.17244 128.28092 127.11883 125.5772 123.50325 120.6807 116.80316 111.46384 104.27286 95.450556 87.341811 85.107769 91.499144 102.05787 111.25877 117.08456 119.50619 118.81426 115.20727 109.19445 102.76819 99.616826 99.506226 106.66378 118.96781 131.31326 141.7617 149.99218 156.10647 160.16049 162.22298
140.90761 140.42381 139.93259 139.43313 138.92464 138.40642 137.87793 137.33894 136.78969 136.23108 135.665 135.09457 134.52446 133.96112 133.41283 132.88932 132.40093 131.95713 131.56448 131.22462 130.93273 130.67738 130.44195 130.20741 129.9552 129.6693 129.33601 128.94114 128.46456 127.87276 127.11031 126.0907 124.68502 122.70455 119.86973 115.75816 109.7426 101.03417 89.345791 77.361486 73.284196 82.407985 97.194287 109.20707 116.36653 119.2153 118.3165 113.77937 105.67463 95.440581 90.799869 97.830518 104.99574 118.03538 131.17448 142.22153 150.84905 157.14834 161.01855 162.18045
139.93807 139.42816 138.90929 138.38033 137.84008 137.28735 136.72107 136.14038 135.54487 134.93481 134.31153 133.67789 133.03877 132.40163 131.77683 131.17755 130.61892 130.11608 129.68105 129.31913 129.02601 128.78698 128.57924 128.37684 128.15646 127.90171 127.60401 127.25914 126.8593 126.38203 125.77787 124.95865 123.78645 122.0586 119.47986 115.61179 109.80737 101.24379 89.577272 77.47307 73.328018 82.616138 97.599275 109.73203 116.98437 119.9408 119.17339 114.74595 106.52518 95.514618 89.538192 98.809712 109.15374 121.29115 133.41923 143.84944 152.13392 158.19355 161.77477 162.52298
138.95205 138.41575 137.86896 137.31016 136.73768 136.14976 135.54462 134.92058 134.27627 133.61093 132.92485 132.22002 131.5009 130.77542 130.05586 129.35941 128.70761 128.12401 127.62952 127.23615 126.94102 126.72406 126.55136 126.38398 126.18877 125.94696 125.6573 125.33208 124.98585 124.61843 124.1961 123.63638 122.80006 121.4877 119.43165 116.27645 111.5641 104.83483 96.217338 88.054886 85.805228 92.473628 103.38409 112.86026 118.9442 121.6766 121.3743 118.18281 112.37927 105.66718 103.09851 108.11196 116.97878 127.19945 137.36529 146.41803 153.86052 159.44816 162.93894 164.32508
