RAINFALL_MINIMUN_RP_1000.tif
NCOLS 101
NROWS 90
XLLCORNER -81.15
YLLCORNER -4.25
DX 0.0099207921
DY 0.01
NODATA_VALUE -9999
[rows 0 to 25 of 90, columns 0 to 59 of 101]
226.37906 226.45622 226.5381 226.62482 226.7165 226.8133 226.91535 227.02281 227.13584 227.25463 227.37934 227.51018 227.64736 227.7911 227.94162 228.09919 228.26406 228.43651 228.61682 228.80531 229.0023 229.20812 229.42313 229.64769 229.88219 230.12702 230.38259 230.64934 230.92771 231.21815 231.52115 231.83719 232.16679 232.51049 232.86883 233.24242 233.63187 234.03781 234.46093 234.90195 235.36162 235.84072 236.34007 236.86049 237.40281 237.96786 238.55641 239.16914 239.80661 240.4692 241.15703 241.86988 242.60714 243.36765 244.14968 244.95075 245.76763 246.5962 247.43138 248.26717
225.93719 226.0095 226.08647 226.16822 226.25488 226.34658 226.44346 226.5457 226.65343 226.76685 226.88614 227.01149 227.14312 227.28125 227.42612 227.57798 227.73711 227.90379 228.07832 228.26102 228.45223 228.65229 228.86159 229.08051 229.30944 229.54882 229.79907 230.06065 230.33403 230.6197 230.91817 231.22997 231.55564 231.89576 232.25095 232.62183 233.00909 233.41344 233.83565 234.27654 234.73697 235.21787 235.72022 236.24505 236.79342 237.36641 237.96508 238.59046 239.24346 239.92485 240.63516 241.37457 242.14285 242.93922 243.76224 244.60967 245.47837 246.36421 247.26195 248.16522
225.48661 225.55382 225.62562 225.70213 225.78346 225.86976 225.96117 226.05784 226.15993 226.26761 226.38108 226.50052 226.62616 226.75822 226.89695 227.0426 227.19545 227.35579 227.52394 227.70023 227.88501 228.07864 228.28152 228.49404 228.71664 228.94975 229.19383 229.44937 229.71686 229.99681 230.28977 230.5963 230.91697 231.25241 231.60326 231.97021 232.354 232.7554 233.17526 233.6145 234.07411 234.55515 235.05878 235.58622 236.1388 236.71788 237.32486 237.96114 238.62806 239.32686 240.05855 240.82383 241.62297 242.45568 243.32093 244.21683 245.14044 246.08766 247.05312 248.03009
225.02725 225.08911 225.15548 225.22646 225.30218 225.38278 225.46838 225.55914 225.65522 225.75678 225.86402 225.97714 226.09634 226.22185 226.35393 226.49283 226.63884 226.79226 226.95341 227.12263 227.30029 227.48677 227.68247 227.88781 228.10324 228.32923 228.56626 228.81482 229.07544 229.34867 229.63507 229.93523 230.24976 230.57931 230.92457 231.28626 231.66516 232.06212 232.47805 232.91397 233.37096 233.85024 234.35314 234.88111 235.43571 236.01863 236.63164 237.27658 237.95529 238.66954 239.42094 240.21084 241.04015 241.90921 242.81756 243.76379 244.74532 245.75819 246.79694 247.85447
224.55906 224.61531 224.67598 224.74116 224.81097 224.88554 224.96501 225.04951 225.13921 225.23426 225.33487 225.44121 225.5535 225.67197 225.79688 225.92848 226.06706 226.21293 226.36643 226.5279 226.69772 226.87628 227.064 227.26133 227.46873 227.68669 227.9157 228.1563 228.40903 228.67446 228.95318 229.2458 229.55297 229.87535 230.21365 230.56865 230.94115 231.33205 231.74233 232.17306 232.62545 233.10083 233.60071 234.12676 234.6808 235.26486 235.88113 236.53192 237.21963 237.9467 238.71544 239.52799 240.38607 241.29083 242.24261 243.24069 244.28299 245.36589 246.48391 247.62961
224.08199 224.13238 224.18707 224.24616 224.30976 224.37799 224.45099 224.52888 224.61181 224.69996 224.7935 224.89262 224.99752 225.10845 225.22564 225.34936 225.47991 225.61759 225.76275 225.91574 226.07696 226.2468 226.42571 226.61415 226.81259 227.02155 227.24154 227.47313 227.71687 227.97337 228.24322 228.52706 228.82556 229.1394 229.46931 229.81609 230.18056 230.56366 230.9664 231.38992 231.8355 232.30461 232.79889 233.32022 233.8707 234.45271 235.06887 235.72203 236.41524 237.15166 237.93449 238.7668 239.65134 240.59032 241.58512 242.63596 243.74158 244.89886 246.10253 247.34486
223.59599 223.64025 223.6887 223.74141 223.7985 223.86008 223.92626 223.99718 224.07298 224.15381 224.23985 224.33128 224.42831 224.53116 224.64007 224.75533 224.8772 225.00602 225.14213 225.28589 225.4377 225.59798 225.76719 225.94579 226.1343 226.33323 226.54315 226.76461 226.99821 227.24455 227.50428 227.77803 228.06649 228.37035 228.69035 229.02729 229.38201 229.75544 230.14863 230.56274 230.99913 231.45932 231.94511 232.45856 233.00204 233.57826 234.19031 234.8416 235.53591 236.27726 237.06986 237.91791 238.82543 239.796 240.83234 241.93601 243.1069 244.34277 245.63879 246.98712
223.10102 223.13891 223.18083 223.22689 223.27716 223.33176 223.39079 223.45437 223.52264 223.59574 223.67384 223.75711 223.84576 223.93999 224.04006 224.14623 224.25878 224.37803 224.50434 224.63807 224.77964 224.92947 225.08803 225.25582 225.43336 225.62119 225.81989 226.03004 226.25227 226.48719 226.73546 226.99774 227.27471 227.56707 227.87556 228.20096 228.54411 228.90592 229.28742 229.68979 230.11439 230.56281 231.03693 231.53896 232.0715 232.63762 233.24083 233.88519 234.57521 235.31591 236.11265 236.97101 237.89656 238.89455 239.96954 241.12484 242.362 243.68015 245.07536 246.53998
222.59706 222.62831 222.66345 222.70255 222.7457 222.793 222.84453 222.90041 222.96077 223.02572 223.09543 223.17007 223.24982 223.33488 223.42551 223.52195 223.62449 223.73345 223.84918 223.97206 224.1025 224.24094 224.38788 224.54381 224.70928 224.88485 225.07113 225.26873 225.47828 225.70043 225.93584 226.18519 226.44915 226.72843 227.02374 227.33583 227.66551 228.01365 228.38124 228.7694 229.17947 229.61304 230.07202 230.55872 231.07594 231.62702 232.21593 232.84732 233.52655 234.25967 235.05338 235.91487 236.85158 237.87089 238.97964 240.18354 241.48648 242.88963 244.39062 245.98256
222.08409 222.10844 222.13651 222.16839 222.20412 222.24379 222.28749 222.3353 222.38734 222.44373 222.5046 222.57011 222.64043 222.71577 222.79634 222.8824 222.97423 223.07214 223.17649 223.28764 223.40603 223.5321 223.66636 223.80933 223.96156 224.12367 224.29626 224.47997 224.67546 224.88341 225.10448 225.33936 225.58873 225.85327 226.13367 226.43062 226.74488 227.07724 227.4286 227.79999 228.19266 228.60813 229.04826 229.5154 230.01244 230.54295 231.11127 231.72266 232.3833 233.10038 233.88206 234.73739 235.67603 236.70798 237.84299 239.08992 240.45583 241.94493 243.55737 245.28793
221.56207 221.57927 221.60003 221.62438 221.6524 221.68413 221.71964 221.75903 221.80236 221.84976 221.90134 221.95723 222.0176 222.08263 222.15253 222.22754 222.30793 222.394 222.48611 222.58463 222.69 222.80266 222.92314 223.05197 223.18975 223.33708 223.49461 223.66303 223.843 224.03522 224.24039 224.4592 224.69231 224.94039 225.20408 225.48403 225.78088 226.09531 226.4281 226.78011 227.15243 227.54642 227.96381 228.40685 228.87844 229.38224 229.92291 230.50618 231.13905 231.82987 232.58841 233.42575 234.35418 235.38683 236.5371 237.81792 239.24063 240.81373 242.54127 244.42108
221.03101 221.04082 221.05398 221.07055 221.09054 221.11402 221.14102 221.17161 221.20585 221.24384 221.28566 221.33145 221.38133 221.43546 221.49406 221.55732 221.62552 221.69896 221.77795 221.8629 221.95422 222.05238 222.15791 222.27136 222.39336 222.52453 222.66557 222.81717 222.98005 223.15494 223.34254 223.54357 223.75869 223.98853 224.23368 224.49471 224.77214 225.0665 225.37836 225.70838 226.05739 226.42648 226.81712 227.23133 227.67184 228.14228 228.64743 229.19338 229.78785 230.44029 231.16211 231.96666 232.86919 233.88651 235.03652 236.33726 237.80577 239.45643 241.29902 243.33636
220.49089 220.49306 220.49838 220.50688 220.51858 220.53349 220.55164 220.57308 220.59785 220.626 220.65763 220.6928 220.73165 220.77431 220.82095 220.87177 220.92702 220.98697 221.05194 221.12232 221.19853 221.28103 221.37038 221.46713 221.57194 221.68548 221.80846 221.94163 222.08574 222.24156 222.40984 222.59129 222.78658 222.99632 223.22105 223.46122 223.71723 223.9894 224.27805 224.58353 224.90633 225.24713 225.60701 225.98756 226.39116 226.82116 227.28223 227.78064 228.32456 228.92446 229.5933 230.34682 231.20349 232.18443 233.31284 234.61318 236.10976 237.82488 239.77635 241.97459
219.94173 219.93601 219.93325 219.93342 219.93652 219.94257 219.95155 219.96349 219.97841 219.99632 220.01729 220.04137 220.06865 220.09924 220.13328 220.17095 220.21245 220.25805 220.30806 220.36284 220.42281 220.48845 220.5603 220.63895 220.72507 220.81938 220.92263 221.03561 221.15914 221.29403 221.44108 221.60103 221.77457 221.96228 222.16464 222.38201 222.61461 222.86253 223.12578 223.40432 223.69817 224.00747 224.3327 224.67484 225.03562 225.41786 225.82579 226.26548 226.7453 227.27639 227.87311 228.55348 229.33943 230.2568 231.33504 232.60635 234.10423 235.86126 237.90615 240.26008
219.38351 219.36969 219.35859 219.35017 219.34442 219.34131 219.34082 219.34292 219.34761 219.35489 219.36476 219.37726 219.39244 219.41037 219.43115 219.45494 219.4819 219.51228 219.54635 219.58446 219.62702 219.67451 219.72746 219.78651 219.85233 219.92569 220.00739 220.0983 220.19927 220.31121 220.43497 220.57135 220.72107 220.88472 221.06272 221.25532 221.46256 221.68426 221.92008 222.16949 222.43191 222.70679 222.9938 223.29304 223.60529 223.93245 224.2779 224.64705 225.04796 225.49197 225.99442 226.57537 227.2601 228.07955 229.07016 230.27333 231.73382 233.49732 235.60686 238.09813
218.81624 218.7941 218.77443 218.75719 218.74233 218.72978 218.7195 218.71145 218.70556 218.70181 218.70016 218.70061 218.70316 218.70784 218.71472 218.7239 218.73551 218.74976 218.76689 218.78722 218.81115 218.83913 218.87172 218.90955 218.95334 219.00389 219.06208 219.12882 219.20509 219.29185 219.39007 219.50063 219.6243 219.7617 219.91324 220.07907 220.25905 220.4527 220.65926 220.87764 221.10655 221.34456 221.59029 221.84265 222.10114 222.36625 222.63998 222.92647 223.23278 223.56973 223.95294 224.40385 224.95076 225.62965 226.48459 227.56745 228.9366 230.6541 232.78138 235.37314
218.23995 218.20927 218.18082 218.15451 218.13029 218.10804 218.0877 218.06918 218.05238 218.03722 218.02365 218.01158 218.001 217.99186 217.98419 217.97804 217.97349 217.97069 217.96985 217.97126 217.97527 217.98232 217.99298 218.00787 218.02776 218.05348 218.08598 218.12628 218.17545 218.23459 218.30476 218.387 218.48217 218.59098 218.71383 218.85083 219.00165 219.16554 219.34127 219.52711 219.72093 219.92025 220.12239 220.32474 220.52506 220.72193 220.91532 221.1073 221.30301 221.51174 221.74829 222.03443 222.40055 222.88715 223.54603 224.44067 225.64536 227.24237 229.3166 231.94752
217.65462 217.61521 217.57777 217.54219 217.50837 217.47618 217.44551 217.41623 217.3882 217.3613 217.3354 217.31039 217.28618 217.26267 217.23982 217.21762 217.1961 217.17533 217.15549 217.13678 217.11954 217.10418 217.09124 217.08135 217.07531 217.074 217.07844 217.08976 217.10917 217.13791 217.17724 217.22834 217.29228 217.36986 217.4616 217.56758 217.68736 217.81991 217.9635 218.11575 218.27354 218.43316 218.59039 218.74074 218.87979 219.00357 219.10924 219.19589 219.26556 219.32463 219.3855 219.46865 219.6049 219.83795 220.22662 220.8465 221.79002 223.164 225.08342 227.66057
217.06029 217.01195 216.96532 216.92027 216.87664 216.83429 216.79305 216.75274 216.71319 216.67422 216.63564 216.59728 216.55897 216.52056 216.48193 216.44299 216.40369 216.36404 216.32412 216.2841 216.24423 216.2049 216.16659 216.12996 216.09579 216.06503 216.03879 216.01831 216.00496 216.00018 216.00546 216.02222 216.05177 216.09516 216.15307 216.22565 216.31241 216.4121 216.52255 216.64062 216.76218 216.88211 216.99438 217.09229 217.1687 217.21649 217.22915 217.20163 217.13151 217.0205 216.87653 216.71633 216.56859 216.47764 216.5074 216.74482 217.30201 218.31505 219.93762 222.32693
216.45694 216.39951 216.34352 216.28881 216.23518 216.18246 216.13042 216.07886 216.02753 215.97619 215.9246 215.87251 215.81968 215.76588 215.71089 215.65454 215.59668 215.53724 215.4762 215.41364 215.34974 215.2848 215.21927 215.15378 215.08912 215.02628 214.96644 214.91099 214.86148 214.8196 214.78713 214.76582 214.75733 214.76305 214.78395 214.82041 214.872 214.93734 215.01386 215.09771 215.18366 215.26505 215.33385 215.38075 215.39546 215.36701 215.28431 215.13698 214.9165 214.61783 214.24175 213.798 213.30928 212.81649 212.38464 212.10925 212.12181 212.59201 213.72299 215.73487
215.84458 215.77791 215.71239 215.64785 215.58406 215.52079 215.45777 215.39474 215.3314 215.26745 215.20256 215.13641 215.06867 214.99902 214.92715 214.85276 214.7756 214.69549 214.61229 214.52596 214.43658 214.34436 214.24967 214.15308 214.05536 213.95754 213.86087 213.76689 213.67735 213.59425 213.51971 213.45593 213.40504 213.36892 213.34902 213.34612 213.36003 213.38938 213.43134 213.48141 213.53323 213.57854 213.60707 213.60667 213.56341 213.46183 213.28539 213.01713 212.64067 212.14189 211.51124 210.74729 209.86165 208.88557 207.87849 206.93824 206.21183 205.90433 206.2802 207.64799
215.22321 215.14714 215.07196 214.99745 214.92335 214.84937 214.77521 214.70055 214.62501 214.54823 214.4698 214.38931 214.30634 214.22044 214.1312 214.0382 213.94106 213.83944 213.73307 213.62177 213.50547 213.38425 213.25837 213.12831 212.99478 212.85882 212.72174 212.5852 212.45121 212.32209 212.2004 212.08889 211.99032 211.90728 211.84191 211.79562 211.76873 211.76012 211.76688 211.78397 211.80401 211.81703 211.81046 211.76901 211.67475 211.50721 211.24359 210.85919 210.32811 209.62462 208.72536 207.61291 206.28123 204.74363 203.04387 201.27095 199.57726 198.19852 197.46914 197.81863
214.59282 214.50722 214.42225 214.33765 214.25311 214.16831 214.08288 213.99645 213.90857 213.81879 213.72664 213.63159 213.5331 213.43064 213.32363 213.21151 213.09376 212.96987 212.83938 212.70194 212.55729 212.40535 212.24619 212.08017 211.90791 211.73036 211.54889 211.36529 211.18177 211.00103 210.82616 210.66059 210.50789 210.37158 210.25482 210.15998 210.08823 210.03904 210.0097 209.99486 209.9862 209.97213 209.93763 209.86413 209.72946 209.50772 209.16929 208.68079 208.00537 207.1034 205.93422 204.45922 202.64727 200.48353 197.98259 195.20777 192.29772 189.50136 187.21868 186.03146
213.95336 213.85813 213.76327 213.66847 213.5734 213.47768 213.3809 213.2826 213.18228 213.0794 212.97339 212.86362 212.74943 212.63015 212.50505 212.37342 212.23453 212.08768 211.93221 211.76753 211.59316 211.40878 211.21425 211.0097 210.79559 210.57276 210.34254 210.10677 209.86791 209.62902 209.3938 209.16647 208.95165 208.75409 208.57833 208.42815 208.30606 208.21259 208.14563 208.09986 208.06621 208.03153 207.97832 207.88465 207.72392 207.46467 207.07017 206.49791 205.69912 204.61859 203.19534 201.3647 199.06299 196.23608 192.8538 188.93247 184.5687 179.98926 175.62537 172.2137
213.30481 213.19984 213.09499 212.98992 212.88426 212.77756 212.66937 212.55915 212.44635 212.33032 212.21039 212.08582 211.95582 211.81956 211.67616 211.5247 211.36426 211.1939 211.0127 210.8198 210.61444 210.39598 210.16399 209.9183 209.65911 209.38705 209.1033 208.80971 208.50887 208.20422 207.90009 207.60163 207.31474 207.04577 206.80109 206.58651 206.40651 206.26335 206.15614 206.08001 206.02546 205.97784 205.91716 205.81802 205.64937 205.37423 204.94894 204.32198 203.43258 202.20926 200.56889 198.41713 195.65134 192.16803 187.87719 182.7269 176.74143 170.07816 163.12228 156.67741
212.64709 212.53231 212.4174 212.30201 212.1857 212.068 211.94838 211.82625 211.70097 211.5718 211.43796 211.2986 211.15277 210.9995 210.83769 210.66624 210.48398 210.28969 210.08217 209.86023 209.62273 209.36868 209.09724 208.80783 208.50027 208.17483 207.83242 207.47474 207.10442 206.72518 206.34196 205.96097 205.58958 205.23617 204.90955 204.61833 204.36986 204.16906 204.01712 203.91032 203.83902 203.78719 203.73224 203.64507 203.49017 203.22532 202.80054 202.15628 201.22085 199.90728 198.11038 195.70467 192.54486 188.47098 183.32211 176.96343 169.33017 160.48528 150.68805 140.57046
