RAINFALL_MAXIMUM_RP_10.tif
NCOLS 101
NROWS 90
XLLCORNER -81.15
YLLCORNER -4.25
DX 0.0099207921
DY 0.01
NODATA_VALUE -9999
[rows 0 to 25 of 90, columns 0 to 59 of 101]
136.87701 136.90443 136.93433 136.96671 137.00159 137.03894 137.07877 137.12106 137.1658 137.21297 137.26256 137.31454 137.3689 137.4256 137.48462 137.54592 137.60947 137.67525 137.74319 137.81327 137.88544 137.95965 138.03585 138.11396 138.19395 138.27573 138.35923 138.44437 138.53106 138.61922 138.70873 138.79949 138.89138 138.98428 139.07807 139.1726 139.26774 139.36334 139.45927 139.55538 139.65154 139.7476 139.84344 139.93894 140.03398 140.12847 140.22231 140.31541 140.4077 140.49911 140.58956 140.67901 140.76739 140.85464 140.94074 141.02564 141.10935 141.19191 141.2734 141.35398
136.59532 136.62092 136.64906 136.67972 136.7129 136.7486 136.78682 136.82753 136.87073 136.9164 136.96452 137.01507 137.06802 137.12335 137.18103 137.24102 137.3033 137.36782 137.43454 137.50343 137.57443 137.6475 137.72258 137.79961 137.87853 137.95927 138.04175 138.12589 138.2116 138.29878 138.38733 138.47713 138.56806 138.65998 138.75276 138.84625 138.94029 139.03475 139.12945 139.22425 139.31899 139.41352 139.50771 139.60143 139.69455 139.78698 139.87861 139.96937 140.05918 140.14797 140.23569 140.32227 140.40766 140.49179 140.57464 140.65615 140.73633 140.81524 140.89298 140.96979
136.30743 136.33112 136.35738 136.3862 136.41759 136.45153 136.48802 136.52704 136.56859 136.61264 136.65917 136.70817 136.7596 136.81343 136.86965 136.9282 136.98907 137.0522 137.11757 137.18512 137.25481 137.3266 137.40042 137.47621 137.55391 137.63346 137.71477 137.79776 137.88234 137.9684 138.05583 138.14451 138.23431 138.32508 138.41669 138.50896 138.60173 138.69484 138.78811 138.88137 138.97446 139.0672 139.15944 139.25106 139.34191 139.4319 139.52092 139.6089 139.69576 139.78144 139.8659 139.94907 140.03089 140.1113 140.19024 140.26764 140.3435 140.41783 140.49077 140.56258
136.01319 136.03485 136.05911 136.08598 136.11545 136.14752 136.18216 136.21938 136.25916 136.30147 136.34629 136.39361 136.44338 136.4956 136.55021 136.60719 136.66651 136.72812 136.79198 136.85805 136.92628 136.99662 137.06902 137.14341 137.21974 137.29793 137.37791 137.45957 137.54285 137.62761 137.71375 137.80114 137.88965 137.9791 138.06935 138.16023 138.25154 138.3431 138.43471 138.5262 138.61736 138.70802 138.79801 138.88717 138.97537 139.0625 139.14845 139.23315 139.31654 139.39857 139.47918 139.55834 139.63597 139.71199 139.78632 139.85886 139.92952 139.9983 140.06527 140.13068
135.71241 135.73192 135.75408 135.77887 135.80631 135.83637 135.86905 135.90434 135.94222 135.98266 136.02564 136.07115 136.11914 136.16959 136.22246 136.27773 136.33534 136.39527 136.45747 136.52189 136.5885 136.65723 136.72803 136.80085 136.87562 136.95228 137.03073 137.11089 137.19268 137.27596 137.36063 137.44655 137.53357 137.62152 137.71023 137.7995 137.88914 137.97893 138.06867 138.15812 138.24709 138.33536 138.42274 138.50907 138.5942 138.67799 138.76036 138.84123 138.92056 138.9983 139.07443 139.1489 139.22164 139.29258 139.36156 139.42844 139.49304 139.55523 139.61499 139.67249
135.40492 135.42216 135.44208 135.46467 135.48994 135.51788 135.54847 135.5817 135.61754 135.65598 135.69699 135.74054 135.78661 135.83515 135.88613 135.93952 135.99528 136.05336 136.11372 136.17633 136.24112 136.30806 136.37708 136.44814 136.52116 136.59607 136.6728 136.75126 136.83135 136.91296 136.99596 137.0802 137.16553 137.25178 137.33874 137.42621 137.51396 137.60176 137.68936 137.77652 137.86299 137.94854 138.03295 138.11603 138.1976 138.27755 138.35576 138.43217 138.50676 138.57951 138.65041 138.71944 138.78655 138.85163 138.9145 138.97493 139.0326 139.0872 139.1385 139.18647
135.09053 135.10537 135.12292 135.14318 135.16616 135.19184 135.2202 135.25122 135.2849 135.3212 135.36009 135.40154 135.44552 135.492 135.54093 135.59228 135.64601 135.70207 135.76042 135.82102 135.88381 135.94875 136.01578 136.08486 136.15591 136.22887 136.30366 136.38019 136.45837 136.53807 136.61918 136.70153 136.78496 136.86928 136.95428 137.03972 137.12536 137.21093 137.29614 137.38072 137.46439 137.54687 137.62791 137.70728 137.78479 137.86029 137.93369 138.00493 138.07401 138.14094 138.20576 138.2685 138.32912 138.38753 138.4435 138.49669 138.54661 138.59269 138.63438 138.67126
134.76906 134.78135 134.7964 134.81419 134.83474 134.85801 134.884 134.91269 134.94405 134.97806 135.01468 135.05388 135.09562 135.13987 135.18658 135.23572 135.28723 135.34108 135.39722 135.4556 135.51618 135.57891 135.64373 135.71059 135.77944 135.8502 135.9228 135.99716 136.07318 136.15074 136.2297 136.30993 136.39122 136.47339 136.55619 136.63938 136.72266 136.80575 136.88832 136.97004 137.05057 137.12961 137.20685 137.28202 137.35489 137.42531 137.49316 137.55841 137.62107 137.68124 137.73899 137.79443 137.84759 137.8984 137.94663 137.99182 138.03328 138.0701 138.10123 138.12565
134.44031 134.44991 134.46231 134.47749 134.49545 134.51618 134.53965 134.56585 134.59475 134.62631 134.6605 134.69728 134.73662 134.77847 134.82278 134.86952 134.91863 134.97006 135.02378 135.07973 135.13786 135.19813 135.2605 135.32489 135.39127 135.45957 135.52971 135.60163 135.67521 135.75035 135.82691 135.90474 135.98364 136.0634 136.14377 136.22445 136.30514 136.3855 136.46515 136.5437 136.62078 136.696 136.76898 136.83942 136.90705 136.97165 137.03312 137.09142 137.14663 137.19889 137.24839 137.29533 137.33987 137.38203 137.42159 137.45805 137.49049 137.51757 137.53759 137.54865
134.10406 134.11083 134.12043 134.13285 134.14808 134.16611 134.18691 134.21046 134.23673 134.26569 134.29729 134.33149 134.36824 134.40751 134.44923 134.49337 134.53986 134.58867 134.63974 134.69301 134.74846 134.80602 134.86564 134.9273 134.99092 135.05645 135.12384 135.193 135.26384 135.33626 135.41013 135.48527 135.56149 135.63857 135.71624 135.79416 135.87201 135.94937 136.02583 136.10093 136.17422 136.24522 136.3135 136.37865 136.44034 136.49833 136.55247 136.60275 136.64927 136.69226 136.73207 136.76904 136.80353 136.83574 136.86558 136.89254 136.91553 136.93277 136.94174 136.93933
133.76012 133.7639 133.77054 133.78004 133.79238 133.80755 133.82552 133.84627 133.86975 133.89593 133.92476 133.9562 133.99019 134.02668 134.06562 134.10695 134.15061 134.19655 134.24473 134.29508 134.34756 134.40212 134.45872 134.51731 134.57786 134.6403 134.70459 134.77066 134.83842 134.90778 134.97861 135.05074 135.12398 135.19808 135.27275 135.34766 135.42239 135.4965 135.56951 135.64087 135.71003 135.77643 135.83953 135.89882 135.95388 136.00437 136.05013 136.09111 136.12749 136.15959 136.18792 136.21309 136.23572 136.25631 136.27505 136.29161 136.30484 136.31256 136.31135 136.29658
133.40827 133.40888 133.4124 133.41882 133.42811 133.44025 133.45523 133.47299 133.49351 133.51674 133.54263 133.57112 133.60215 133.63567 133.67161 133.70992 133.75052 133.79336 133.83837 133.88552 133.93475 133.986 134.03925 134.09444 134.15155 134.21054 134.27135 134.33394 134.39823 134.46414 134.53156 134.60031 134.67022 134.74101 134.81239 134.88398 134.95533 135.02594 135.09524 135.16258 135.22732 135.28876 135.34621 135.39906 135.44673 135.48879 135.52498 135.55524 135.57976 135.599 135.61367 135.62468 135.63307 135.63981 135.6456 135.6505 135.65357 135.65243 135.64286 135.61849
133.04827 133.04556 133.04579 133.04894 133.05501 133.06396 133.07576 133.09037 133.10775 133.12785 133.15061 133.17596 133.20383 133.23417 133.2669 133.30194 133.33923 133.37871 133.42029 133.46394 133.50959 133.55721 133.60674 133.65816 133.71144 133.76655 133.82346 133.88213 133.94252 134.00454 134.06811 134.13308 134.19925 134.26637 134.33412 134.40208 134.46978 134.53663 134.60197 134.66506 134.7251 134.78124 134.83264 134.87847 134.918 134.95064 134.97598 134.9939 135.00458 135.00858 135.00686 135.00071 134.99171 134.98153 134.97165 134.96292 134.95502 134.9458 134.93054 134.90126
132.6799 132.67368 132.67043 132.67015 132.67281 132.67838 132.68683 132.69811 132.71217 132.72895 132.74838 132.77039 132.79491 132.82185 132.85113 132.88268 132.9164 132.95223 132.9901 133.02992 133.07166 133.11527 133.16069 133.20792 133.25693 133.3077 133.36022 133.41448 133.47046 133.5281 133.58733 133.64802 133.71001 133.77304 133.83677 133.90078 133.96454 134.02738 134.08856 134.14718 134.2023 134.25288 134.29785 134.33616 134.36684 134.38904 134.40217 134.40595 134.40051 134.38646 134.36499 134.33784 134.30728 134.27591 134.24635 134.22075 134.20006 134.18305 134.16523 134.13752
132.30291 132.29299 132.28609 132.28218 132.28125 132.28326 132.28817 132.29592 132.30647 132.31973 132.33564 132.35411 132.37505 132.39837 132.42397 132.45177 132.48166 132.51356 132.54738 132.58305 132.62051 132.6597 132.7006 132.74317 132.78741 132.83332 132.88091 132.9302 132.98118 133.03386 133.08817 133.14404 133.20132 133.25977 133.31906 133.37875 133.43825 133.49685 133.55366 133.60767 133.65773 133.70257 133.74086 133.77124 133.79241 133.80323 133.80276 133.79048 133.76634 133.73095 133.68566 133.63267 133.57505 133.51656 133.46142 133.4137 133.37645 133.35046 133.33262 133.31402
131.91705 131.90323 131.89247 131.88475 131.88003 131.87828 131.87945 131.88349 131.89033 131.89988 131.91206 131.92677 131.94392 131.96339 131.98507 132.00885 132.03463 132.06229 132.09175 132.1229 132.15568 132.19004 132.22593 132.26334 132.30226 132.34273 132.38477 132.42843 132.47376 132.52078 132.56951 132.6199 132.67185 132.72515 132.7795 132.83445 132.88937 132.94347 132.99577 133.04508 133.09003 133.12908 133.16057 133.18277 133.19397 133.19255 133.17715 133.14684 133.10122 133.04074 132.96679 132.88197 132.79016 132.69652 132.60726 132.52912 132.46834 132.42914 132.41158 132.40885
131.52205 131.50414 131.48931 131.47756 131.46885 131.46314 131.46038 131.4605 131.46341 131.46905 131.47729 131.48803 131.50116 131.51655 131.53406 131.55357 131.57494 131.59805 131.62279 131.64905 131.67673 131.70578 131.73616 131.76784 131.80084 131.8352 131.87099 131.90828 131.94718 131.98777 132.03012 132.07425 132.12013 132.16762 132.21643 132.26613 132.31609 132.36545 132.41311 132.4577 132.49761 132.53099 132.55578 132.56979 132.57076 132.55649 132.52502 132.47477 132.40481 132.31513 132.20697 132.08309 131.94811 131.80866 131.67331 131.5522 131.45601 131.39422 131.37242 131.38871
131.11765 131.09541 131.07631 131.06032 131.0474 131.03752 131.03061 131.0266 131.02539 131.02689 131.03098 131.03754 131.04642 131.05749 131.07058 131.08554 131.10221 131.12045 131.14011 131.16107 131.18321 131.20646 131.23077 131.25611 131.28251 131.31002 131.33875 131.36882 131.40039 131.43361 131.46864 131.50559 131.54451 131.58535 131.6279 131.67176 131.71632 131.76065 131.80357 131.84351 131.8786 131.90663 131.92508 131.93119 131.92204 131.8947 131.84634 131.77453 131.67746 131.55434 131.40582 131.23449 131.04539 130.84645 130.64878 130.46655 130.31619 130.21456 130.17581 130.20667
130.70355 130.67676 130.65315 130.63269 130.61535 130.60108 130.5898 130.58144 130.57589 130.57305 130.57277 130.57492 130.57933 130.58583 130.59424 130.60438 130.61605 130.62909 130.6433 130.65855 130.67468 130.6916 130.70923 130.72756 130.74661 130.76645 130.78721 130.80907 130.83226 130.85701 130.8836 130.91225 130.94313 130.97631 131.0117 131.04898 131.08757 131.12655 131.16462 131.20007 131.23071 131.25395 131.26674 131.26566 131.24701 131.20688 131.1414 131.04693 130.9204 130.75976 130.56452 130.33647 130.08042 129.80514 129.52402 129.25558 129.02315 128.8533 128.77242 128.80082
130.27945 130.24787 130.21951 130.19435 130.17234 130.15345 130.13758 130.12465 130.11454 130.10713 130.10227 130.09978 130.09948 130.10118 130.10466 130.10971 130.11608 130.12358 130.13197 130.14107 130.15071 130.16074 130.17106 130.18165 130.19252 130.20375 130.21551 130.22803 130.24162 130.25662 130.27342 130.2924 130.31391 130.33817 130.36526 130.39501 130.42692 130.46011 130.49323 130.52438 130.55112 130.5704 130.57861 130.57156 130.54461 130.49274 130.41071 130.29335 130.13586 129.9343 129.68631 129.39193 129.05478 128.68338 128.29258 127.90488 127.55114 127.26986 127.10403 127.09414
129.84505 129.80841 129.77505 129.74493 129.71802 129.69425 129.67356 129.65582 129.64093 129.62873 129.61905 129.61171 129.60648 129.60314 129.60144 129.60112 129.60191 129.60353 129.60573 129.60826 129.61089 129.61344 129.61578 129.61784 129.61962 129.62121 129.62281 129.62469 129.62725 129.63097 129.63637 129.64403 129.65451 129.66828 129.68563 129.70661 129.73089 129.7577 129.78566 129.81277 129.83629 129.85275 129.85788 129.84667 129.81341 129.75174 129.65484 129.51562 129.327 129.0825 128.77687 128.40725 127.97453 127.48529 126.95406 126.40589 125.87865 125.42424 125.10688 124.99598
129.40001 129.35805 129.3194 129.28406 129.25198 129.2231 129.19732 129.17454 129.15462 129.1374 129.12269 129.11026 129.09988 129.09128 129.08416 129.07821 129.07312 129.06855 129.06418 129.05971 129.05483 129.04931 129.04295 129.03564 129.02736 129.01817 129.0083 128.99806 128.98794 128.97855 128.97062 128.96493 128.96234 128.9636 128.96935 128.97994 128.99532 129.01488 129.03735 129.06064 129.08179 129.09684 129.10088 129.08798 129.05125 128.98287 128.87416 128.71576 128.49782 128.2105 127.84465 127.39296 126.85164 126.22283 125.51787 124.76127 123.99545 123.28512 122.71945 122.40765
128.944 128.89641 128.8522 128.81135 128.77383 128.73955 128.70843 128.68036 128.65517 128.63269 128.61271 128.59498 128.57922 128.56513 128.55236 128.54055 128.52931 128.51825 128.50696 128.49506 128.48217 128.46797 128.45219 128.43464 128.41524 128.39403 128.37121 128.34717 128.32246 128.29784 128.27423 128.25273 128.2345 128.22073 128.21247 128.21052 128.21522 128.22631 128.2427 128.26231 128.28198 128.29733 128.30274 128.29133 128.25496 128.1842 128.06836 127.89553 127.65262 127.32574 126.90067 126.36403 125.70499 124.91809 124.00733 122.99177 121.91297 120.84398 119.89879 119.23705
128.47664 128.42311 128.37303 128.32638 128.28311 128.24315 128.20642 128.17278 128.14207 128.11409 128.08861 128.06536 128.04401 128.02422 128.00558 127.98768 127.97005 127.95221 127.93368 127.91397 127.89259 127.86912 127.84317 127.81447 127.78284 127.74826 127.71091 127.67116 127.62966 127.58729 127.54523 127.50487 127.46783 127.43578 127.41038 127.39301 127.38464 127.38547 127.39479 127.41065 127.42976 127.44734 127.45706 127.45104 127.41983 127.35236 127.23585 127.05568 126.79526 126.43605 125.95781 125.33945 124.56063 123.60472 122.46338 121.14365 119.67781 118.13728 116.65179 115.4338
127.99757 127.93777 127.88148 127.82869 127.77936 127.73342 127.69077 127.65128 127.61479 127.58106 127.54985 127.52085 127.49371 127.46801 127.44332 127.41912 127.39489 127.37004 127.34398 127.3161 127.28579 127.25248 127.21565 127.17489 127.12989 127.08051 127.02686 126.96929 126.90848 126.84544 126.78159 126.7187 126.65886 126.60442 126.55778 126.52118 126.49639 126.48442 126.48508 126.49677 126.51616 126.53808 126.55548 126.55942 126.53914 126.48192 126.37296 126.19501 125.92794 125.54832 125.02926 124.34068 123.45054 122.3275 120.9459 119.29376 117.38473 115.2747 113.08745 111.06436
127.50639 127.43995 127.37709 127.31781 127.26208 127.20982 127.16094 127.11531 127.07274 127.033 126.99582 126.96086 126.92771 126.89594 126.86501 126.83436 126.80335 126.77129 126.73747 126.70112 126.6615 126.61784 126.56947 126.51576 126.45622 126.39058 126.31876 126.24104 126.15808 126.071 125.9814 125.89148 125.80391 125.72182 125.64861 125.58764 125.54187 125.51341 125.50299 125.50955 125.52986 125.55837 125.58723 125.60635 125.6036 125.56471 125.47307 125.30914 125.04962 124.66648 124.12609 123.38879 122.40932 121.13899 119.53061 117.54779 115.1795 112.45839 109.48029 106.44886
