RAINFALL_MEAN_RP_50.tif
NCOLS 101
NROWS 90
XLLCORNER -81.15
YLLCORNER -4.25
DX 0.0099207921
DY 0.01
NODATA_VALUE -9999
[rows 52 to 77 of 90, columns 0 to 59 of 101]
163.4634 162.81807 162.16093 161.48976 160.80199 160.09476 159.36496 158.60934 157.82471 157.00834 156.15853 155.27564 154.36349 153.43137 152.49657 151.58671 150.74086 150.0072 149.43499 149.06058 148.89127 148.89561 149.0077 149.14616 149.2392 149.24557 149.16452 149.03248 148.90594 148.83152 148.81008 148.76878 148.55511 147.95391 146.71427 144.57435 141.30001 136.81679 131.60088 127.33101 126.68906 130.79384 137.46456 143.71479 147.99725 149.9616 149.71483 147.53813 144.04545 140.6848 139.82453 142.96564 149.38193 157.52547 165.977 173.64004 179.77204 183.89873 185.88402 186.46266
162.18469 161.50628 160.81447 160.10649 159.37911 158.62857 157.85056 157.0403 156.19263 155.30227 154.36443 153.37576 152.33612 151.25136 150.13734 149.02507 147.96519 147.02854 146.29691 145.84008 145.68381 145.78582 146.03965 146.30912 146.47499 146.47183 146.30571 146.05311 145.83962 145.79381 145.9819 146.35227 146.72787 146.85608 146.48481 145.42933 143.62882 141.22912 138.72547 137.06759 137.34775 139.90963 143.88317 147.90642 150.98201 152.66981 152.9438 152.08295 150.67638 149.66263 150.15316 152.86464 157.70461 163.99829 170.8782 177.52285 183.29127 187.80202 191.0356 193.4963
160.88107 160.16979 159.44378 158.69981 157.93395 157.14155 156.31708 155.45409 154.54518 153.58207 152.55595 151.45827 150.28249 149.02729 147.70234 146.33704 144.99157 143.76521 142.7907 142.20003 142.06159 142.3224 142.80641 143.28069 143.54347 143.48507 143.11336 142.55825 142.05453 141.87821 142.22359 143.07589 144.18554 145.17988 145.72481 145.63658 144.92871 143.82928 142.77892 142.35903 143.07602 145.05398 147.89841 150.89895 153.37657 154.9133 155.42004 155.1252 154.54133 154.39092 155.4251 158.13748 162.55226 168.25898 174.61346 180.9453 186.7127 191.60441 195.60502 199.01157
159.55142 158.80763 158.04819 157.26946 156.46692 155.63506 154.76722 153.8553 152.88963 151.8587 150.74914 149.54595 148.2337 146.79954 145.23978 143.57255 141.85835 140.22504 138.87886 138.06357 137.94229 138.45989 139.32031 140.12207 140.52886 140.35964 139.60987 138.46557 137.31955 136.71296 137.10728 138.56964 140.67729 142.77577 144.32378 145.0597 145.00436 144.42023 143.77153 143.63858 144.51791 146.55043 149.39413 152.3907 154.87712 156.40843 156.83084 156.28006 155.19854 154.42651 155.16778 158.27984 163.51775 170.00893 176.93586 183.68112 189.81521 195.10815 199.54917 203.3424
158.19402 157.41815 156.62623 155.8143 154.97737 154.10927 153.20233 152.24709 151.23182 150.14203 148.95982 147.66339 146.22695 144.6223 142.82444 140.82597 138.66783 136.49106 134.59119 133.39817 133.27336 134.19004 135.64446 136.94974 137.57207 137.23565 135.89482 133.7559 131.39701 129.81766 130.05687 132.38881 135.99561 139.62574 142.36388 143.82297 143.99895 143.15692 141.86298 141.05264 141.77739 144.4433 148.37006 152.36959 155.4894 157.20557 157.30608 155.78771 152.92598 149.79419 149.15425 153.3899 161.00579 169.62903 178.07293 185.81463 192.59023 198.27505 202.87589 206.5909
156.8065 155.99892 155.17547 154.33201 153.46328 152.56265 151.62177 150.63018 149.57468 148.43851 147.20026 145.83234 144.29934 142.55699 140.55413 138.24432 135.62102 132.79914 130.14759 128.36135 128.17265 129.6575 131.96463 133.95953 134.8688 134.32846 132.20951 128.62493 124.26039 120.81461 120.54002 124.22887 130.17334 135.95542 140.13989 142.26591 142.3056 140.42159 137.19548 134.25105 134.20382 138.33652 144.85065 151.06779 155.49848 157.65513 157.38958 154.60832 149.34927 142.45421 139.04865 145.72052 156.93461 168.33378 178.71536 187.70034 195.19019 201.13954 205.51182 208.49779
155.3857 154.54655 153.69235 152.81893 151.92097 150.99163 150.02227 149.00194 147.91674 146.74888 145.47521 144.06508 142.47726 140.65608 138.52835 136.00719 133.02093 129.61005 126.14955 123.60929 123.26739 125.41674 128.70884 131.43825 132.63549 131.90632 129.0032 123.77051 116.73307 110.37322 109.1021 114.80668 124.01119 132.42325 138.15773 140.8805 140.56799 137.08467 130.62993 123.52264 121.61165 128.48906 139.56529 149.19579 155.45429 158.28238 157.83349 154.12741 147.45675 139.15474 134.2001 142.14944 154.67718 167.86777 179.79977 189.81256 197.82218 203.74935 207.31516 208.46929
153.92766 153.05669 152.1721 151.26991 150.34491 149.39034 148.39762 147.35583 146.25121 145.06626 143.77838 142.35768 140.76349 138.93903 136.80483 134.25491 131.17307 127.52169 123.60985 120.53806 120.03867 122.63951 126.56233 129.69538 131.0296 130.20647 126.87397 120.554 111.36189 102.2006 99.838048 107.55294 119.6947 130.17876 137.03146 140.18358 139.61782 134.82279 125.29082 113.47587 109.10842 119.28642 135.34584 148.23347 156.11651 159.6246 159.28567 155.27273 148.10066 139.96959 136.0399 142.8646 155.48938 169.46268 182.10154 192.55242 200.67669 206.25143 208.55869 206.85692
152.42761 151.52393 150.60868 149.67822 148.72766 147.75055 146.7386 145.68135 144.56577 143.37571 142.09105 140.6863 139.12801 137.37059 135.35025 132.97984 130.1582 126.84088 123.27874 120.45486 119.99318 122.40069 125.99368 128.83597 130.04325 129.29058 126.20458 120.23233 111.32789 102.23598 99.861183 107.63786 119.78531 130.26294 137.19644 140.51228 140.12712 135.43581 125.81966 113.71098 109.20203 119.77584 136.45222 149.87256 158.18715 162.08387 162.1465 158.54231 151.43028 141.82235 136.47696 145.48407 159.68032 173.66766 185.98667 196.13647 203.95112 209.0898 210.68751 207.90911
150.87993 149.94184 148.99478 148.03562 147.05995 146.06178 145.03331 143.96462 142.84358 141.65572 140.38418 139.00962 137.50975 135.85829 134.02322 131.96628 129.65304 127.1037 124.54506 122.65027 122.40358 124.0455 126.50962 128.53137 129.43998 128.9285 126.70239 122.43212 116.29239 110.40644 109.26228 114.9841 124.11248 132.55075 138.58875 141.84485 142.11768 139.04922 132.63166 125.21522 123.28089 131.03061 143.48031 154.44368 161.87605 165.80172 166.51063 164.15917 159.06944 152.8677 150.66518 157.03715 168.41043 180.41941 191.33612 200.56905 207.82986 212.77662 214.93989 214.44099
149.27821 148.30298 147.32183 146.33232 145.3307 144.31158 143.2676 142.18929 141.06503 139.88136 138.62376 137.27788 135.83156 134.27737 132.61616 130.86195 129.05174 127.27002 125.70243 124.68981 124.61425 125.51189 126.89804 128.14189 128.80567 128.64002 127.47667 125.24092 122.25206 119.79269 119.96573 123.73107 129.68841 135.7568 140.64949 143.80025 144.94209 143.98192 141.33142 138.70608 139.19002 144.48535 152.6497 160.63662 166.78082 170.60655 172.08973 171.39017 169.04596 166.56326 166.66612 171.26106 179.28471 188.5406 197.57279 205.64022 212.32064 217.31565 220.51429 222.39795
147.61534 146.59894 145.58002 144.55705 143.52714 142.48562 141.42556 140.33759 139.20977 138.02815 136.77793 135.44574 134.02333 132.51304 130.93523 129.33685 127.79905 126.43929 125.40283 124.83705 124.83788 125.36933 126.22257 127.09032 127.69957 127.88925 127.6127 126.9399 126.15275 125.88796 126.98545 129.84328 134.00304 138.54943 142.66801 145.83218 147.7849 148.55145 148.57409 148.87354 150.78966 154.99361 160.82109 166.93055 172.22725 176.11272 178.37369 179.12092 178.87653 178.70201 179.99933 183.68109 189.52052 196.58908 203.97096 210.9955 217.19589 222.27393 226.14849 228.98647
145.88359 144.82045 143.75837 142.69702 141.63469 140.56766 139.48955 138.39072 137.25801 136.07499 134.82301 133.48368 132.04308 130.49851 128.86824 127.20363 125.60014 124.19864 123.16466 122.64133 122.69256 123.25925 124.14568 125.07451 125.81348 126.28172 126.55291 126.78816 127.20509 128.10676 129.836 132.5754 136.17349 140.19103 144.0992 147.4649 150.06333 151.94191 153.45438 155.21968 157.90819 161.87451 166.92011 172.41734 177.62399 181.91611 184.91365 186.61495 187.50228 188.41487 190.20482 193.39412 198.01548 203.71692 209.98102 216.28161 222.16061 227.26959 231.38217 234.27622
144.07481 142.95746 141.8447 140.73779 139.6367 138.53916 137.43967 136.32842 135.19036 134.0048 132.74575 131.38348 129.88785 128.23433 126.41408 124.45026 122.42252 120.49781 118.94958 118.1149 118.2323 119.22841 120.68511 122.07632 123.06638 123.65406 124.09945 124.70217 125.64784 127.08875 129.25204 132.30949 136.16674 140.45031 144.67623 148.4344 151.50717 153.92931 156.00536 158.26162 161.28375 165.45089 170.72257 176.65197 182.5696 187.7345 191.46138 193.53084 194.62346 195.79733 197.70792 200.62202 204.62638 209.62266 215.30956 221.26184 227.03149 232.20433 236.39984 239.23445
142.18069 140.99939 139.82576 138.66318 137.51401 136.37835 135.25249 134.12713 132.98552 131.80189 130.5405 129.15542 127.59151 125.78719 123.68132 121.23024 118.44908 115.49975 112.82611 111.20257 111.37243 113.3068 116.01832 118.32961 119.62973 120.05721 120.26956 120.88129 121.9818 123.49978 125.82497 129.43047 134.17127 139.39096 144.40259 148.72376 152.1049 154.53413 156.30463 158.11999 160.99326 165.66356 172.02709 179.34311 186.74926 193.32064 197.84052 199.59767 200.03109 201.01846 202.92576 205.69081 209.45701 214.25864 219.85289 225.83619 231.76914 237.20893 241.67617 244.67815
140.19316 138.9355 137.68747 136.45521 135.24449 134.05918 132.89903 131.75698 130.61597 129.44593 128.20098 126.81701 125.20942 123.27043 120.86766 117.85151 114.09816 109.65523 105.08513 101.86872 101.91794 105.52351 110.49426 114.31849 115.91926 115.70236 115.1506 115.68094 116.94366 117.96477 119.84173 124.16609 130.49376 137.32119 143.52908 148.54111 152.05936 153.93615 154.34812 154.3711 156.28308 161.89415 170.52297 180.23821 189.68223 197.88938 203.16804 204.03176 203.40317 204.27923 206.12336 208.7302 212.57678 217.67865 223.63701 230.00055 236.38147 242.41948 247.67083 251.47583
138.10506 136.75552 135.41543 134.09432 132.80265 131.55001 130.3423 129.17773 128.04203 126.90346 125.70802 124.37501 122.79188 120.80618 118.21289 114.74118 110.06957 103.97698 96.902943 91.088022 90.551999 96.599761 104.90509 110.76874 112.58289 111.06758 108.95334 109.65833 111.79799 111.31916 111.60845 117.10327 125.93374 134.92189 142.5394 148.26275 151.7735 152.64488 150.58856 146.9242 146.55087 153.93154 166.46834 179.41503 190.73569 199.71137 204.92002 205.33081 204.88142 205.99082 207.21836 209.5837 214.08863 220.10814 226.83979 233.81575 240.796 247.64428 254.18296 259.73703
135.911 134.45075 132.99603 131.56022 130.15984 128.81279 127.53487 126.33436 125.20494 124.11801 123.0156 121.80461 120.35116 118.47109 115.91093 112.31685 107.21215 100.10008 91.103875 82.819973 81.403084 89.642046 100.93836 108.50273 110.4395 107.55083 103.39101 104.37603 108.40747 105.49969 103.65996 110.99143 122.47993 133.34477 142.06784 148.32548 151.79966 151.74839 147.1995 139.26034 135.97288 145.62705 162.40079 178.03942 190.21267 198.74255 203.32 204.71768 205.78263 206.44128 206.11808 208.7508 214.80889 222.21548 229.86417 237.42644 244.85625 252.22345 259.60083 266.3846
133.60867 132.01569 130.41831 128.83369 127.28556 125.80306 124.41697 123.1527 122.01988 121.00049 120.03816 119.03174 117.83288 116.24292 114.00046 110.75364 106.03351 99.33957 90.745513 82.733448 81.35828 89.428265 100.51981 108.04159 110.11315 107.41709 103.36968 104.35604 108.38395 105.50314 103.66813 111.05575 122.6738 133.71747 142.6368 149.06852 152.64101 152.54214 147.7441 139.44811 136.02935 145.85062 162.74724 178.21369 189.86475 197.78737 202.51018 205.23296 207.05604 207.07871 206.30556 209.64286 216.83166 225.10989 233.28195 241.09954 248.5679 255.71993 262.44201 267.87452
131.20034 129.45027 127.67693 125.9 124.15065 122.47202 120.91623 119.53592 118.36919 117.4202 116.64126 115.92438 115.10601 113.98009 112.30739 109.81322 106.19119 101.20914 95.188419 90.101099 89.714414 95.407048 103.31841 109.17843 111.39205 110.39866 108.62894 109.44829 111.67584 111.32877 111.72535 117.41813 126.62238 136.12875 144.32937 150.59391 154.46394 155.34565 152.84359 148.48888 147.81464 155.50933 168.35003 180.95747 191.08297 198.47831 203.58479 207.11747 209.40906 210.21821 210.95938 214.71513 221.55398 229.55107 237.55885 245.20524 252.35846 258.8597 264.36749 268.28184
128.69457 126.76274 124.7764 122.75446 120.73355 118.77214 116.95063 115.36306 114.09603 113.19599 112.63507 112.29433 111.97835 111.45606 110.50552 108.94463 106.65866 103.68575 100.46773 98.215316 98.60364 102.0607 106.90503 111.02828 113.33928 113.94402 114.033 114.97561 116.57603 117.93754 120.15559 124.91982 131.89186 139.57114 146.75773 152.73964 157.038 159.30919 159.63148 159.2867 161.06448 167.00197 175.9817 185.48916 193.93421 200.80846 206.17893 210.31017 213.36509 215.57211 218.00289 222.16625 228.2799 235.44597 242.86695 250.11734 256.92053 262.98116 267.97533 271.7885
126.10763 123.97285 121.73665 119.41074 117.03118 114.66904 112.43826 110.49255 108.99957 108.08587 107.76711 107.90476 108.23059 108.43484 108.26612 107.59498 106.43863 104.98278 103.63205 103.03003 103.82719 106.14767 109.36064 112.53337 115.0015 116.65318 117.92158 119.37454 121.18876 123.37071 126.36556 130.74376 136.46414 142.90986 149.34966 155.18002 159.96843 163.5019 165.95656 168.13208 171.3222 176.42632 183.18663 190.62071 197.84613 204.37773 210.05181 214.87071 218.90668 222.41648 226.03561 230.49603 236.03362 242.38464 249.18086 256.10582 262.83867 269.01524 274.3205 278.73849
123.4639 121.11432 118.59894 115.91177 113.07591 110.16384 107.3209 104.77951 102.83849 101.77731 101.71177 102.47687 103.65385 104.74961 105.39772 105.46038 105.02691 104.36659 103.87116 103.97361 105.01098 107.05643 109.84518 112.89067 115.72863 118.13922 120.21079 122.19736 124.33435 126.8501 130.06043 134.25467 139.46475 145.40488 151.60314 157.57037 162.92413 167.47967 171.33426 174.90737 178.81799 183.5628 189.24357 195.59944 202.23203 208.78868 215.02659 220.79196 225.99639 230.67379 235.0655 239.5599 244.50609 250.10561 256.40258 263.27896 270.4457 277.46561 283.8519 289.26715
120.79409 118.23513 115.43022 112.34142 108.95844 105.3304 101.6138 98.127007 95.36654 93.898109 94.070016 95.703318 98.088043 100.36051 101.91461 102.55123 102.41089 101.85533 101.37431 101.4938 102.62996 104.90816 108.08849 111.68938 115.21634 118.34962 121.0092 123.30632 125.48114 127.89994 131.01865 135.19737 140.49204 146.63257 153.17147 159.65206 165.71742 171.16434 175.96734 180.28778 184.46426 188.93981 194.08413 200.02213 206.63319 213.68159 220.91964 228.08679 234.84861 240.80715 245.717 249.80456 253.7849 258.46162 264.34216 271.54308 279.8475 288.73273 297.34369 304.5669
118.12997 115.39306 112.32195 108.8313 104.85124 100.36689 95.495524 90.610394 86.46396 84.121973 84.448187 87.323912 91.495504 95.403346 98.042922 99.138974 98.906313 97.830121 96.595517 96.069101 97.080273 99.923574 104.14041 108.90959 113.5022 117.45286 120.54968 122.78967 124.42 126.08171 128.75098 133.15417 139.23161 146.36389 153.88343 161.29875 168.288 174.63419 180.17477 184.84102 188.85884 192.88304 197.66889 203.60386 210.67416 218.70457 227.50089 236.77833 245.90776 253.72703 259.04635 261.92725 264.01935 267.22118 272.6177 280.53205 290.86437 303.11968 316.01359 327.00038
115.4944 112.64411 109.37814 105.55294 101.01601 95.642711 89.432166 82.716127 76.487687 72.565243 72.830061 77.433828 84.163333 90.264227 94.191981 95.663759 95.034402 92.921275 90.208133 88.276375 88.837353 92.578262 98.452566 104.93625 110.94102 115.83263 119.24455 120.97565 121.1771 120.96178 122.58388 127.66482 135.56601 144.64984 153.79551 162.52006 170.63014 177.95273 184.16978 188.88291 192.22316 195.41013 199.86822 206.12361 214.05121 223.47531 234.36047 246.61094 259.43321 270.43464 276.27566 276.52318 275.06717 275.87269 280.58568 289.52803 302.77978 320.27264 340.72625 359.45267
