RAINFALL_MEAN_RP_10.tif
NCOLS 101
NROWS 90
XLLCORNER -81.15
YLLCORNER -4.25
DX 0.0099207921
DY 0.01
NODATA_VALUE -9999
[rows 26 to 51 of 90, columns 0 to 59 of 101]
114.77134 114.69813 114.62807 114.56117 114.49738 114.43664 114.37885 114.32387 114.27152 114.22155 114.17368 114.12755 114.08274 114.03877 113.99506 113.95101 113.90589 113.85896 113.80938 113.7563 113.69884 113.6361 113.56724 113.49149 113.40819 113.31692 113.2175 113.11015 112.99556 112.875 112.75046 112.62469 112.50127 112.38456 112.27949 112.19132 112.12507 112.08493 112.07356 112.09137 112.1361 112.20257 112.28287 112.36668 112.44174 112.49406 112.50778 112.46445 112.3419 112.11264 111.74229 111.1883 110.39934 109.31635 107.8765 106.02262 103.72086 100.98529 97.890471 94.539436
114.29764 114.21743 114.14043 114.06664 113.99605 113.9286 113.86419 113.80268 113.74388 113.68754 113.63336 113.58094 113.52982 113.47947 113.42925 113.37843 113.32621 113.27168 113.21385 113.15168 113.08406 113.00983 112.92787 112.8371 112.73653 112.62538 112.50314 112.3697 112.22552 112.07174 111.91041 111.74461 111.57859 111.41783 111.26884 111.13892 111.03543 110.96499 110.93239 110.93952 110.98462 111.06196 111.16217 111.27301 111.38031 111.46867 111.52143 111.51981 111.44116 111.25658 110.9283 110.40734 109.63187 108.52719 107.00892 104.99344 102.42332 99.317022 95.830063 92.203816
113.8118 113.72416 113.63979 113.55872 113.48093 113.40637 113.33496 113.26656 113.20099 113.13799 113.07723 113.01831 112.96072 112.90387 112.84704 112.78943 112.73009 112.66798 112.60192 112.53065 112.45279 112.36691 112.27152 112.16515 112.04639 111.91398 111.76693 111.60465 111.42714 111.23521 111.03075 110.81701 110.59886 110.38296 110.17777 109.99322 109.83998 109.72824 109.66609 109.65781 109.70249 109.79355 109.91927 110.06431 110.21161 110.34396 110.44443 110.49533 110.47571 110.35778 110.10302 109.65857 108.95461 107.90326 106.4002 104.33323 101.60817 98.21591 94.3775 90.755422
113.31341 113.21788 113.12568 113.03686 112.95141 112.86931 112.79048 112.71481 112.6421 112.57212 112.50451 112.43885 112.37462 112.31115 112.24767 112.18327 112.11688 112.04729 111.97314 111.8929 111.80493 111.70743 111.59851 111.47622 111.33862 111.18384 111.01021 110.81643 110.6018 110.36648 110.11186 109.84104 109.55924 109.2743 108.99686 108.74029 108.51982 108.35098 108.24708 108.21636 108.25953 108.36859 108.52781 108.71649 108.91267 109.09634 109.25075 109.36134 109.41206 109.38006 109.22982 108.90809 108.34065 107.43089 106.06034 104.09263 101.3876 97.842261 93.493838 88.812304
112.80203 112.69811 112.59758 112.50049 112.40689 112.31676 112.23004 112.14665 112.0664 111.98906 111.91429 111.84165 111.77058 111.70038 111.63022 111.55908 111.48577 111.40891 111.32693 111.23806 111.14029 111.03146 110.90921 110.77103 110.61431 110.43642 110.23483 110.00725 109.75191 109.46789 109.15559 108.81738 108.45833 108.0871 107.71661 107.36442 107.05205 106.80303 106.63912 106.57545 106.61578 106.75 106.95538 107.20166 107.45804 107.69942 107.90958 108.07995 108.20429 108.27037 108.25091 108.09635 107.73151 107.05598 105.94663 104.26046 101.83917 98.523658 94.21005 89.190153
112.27722 112.16435 112.05492 111.94902 111.8467 111.74799 111.65286 111.56124 111.47298 111.38787 111.30557 111.22565 111.14753 111.07049 110.99362 110.91583 110.83579 110.75198 110.66259 110.56556 110.45857 110.339 110.20397 110.05034 109.87472 109.67356 109.44322 109.18014 108.88104 108.54337 108.1658 107.74909 107.29721 106.81876 106.32853 105.84877 105.40939 105.04585 104.79381 104.68078 104.71686 104.88894 105.16209 105.48869 105.82165 106.12634 106.38682 106.60482 106.79163 106.95472 107.08273 107.1341 107.03386 106.67914 105.94949 104.71689 102.85583 100.26941 96.998243 93.639194
111.73854 111.61611 111.49717 111.38182 111.27016 111.16224 111.05809 110.95766 110.86086 110.76747 110.67722 110.58966 110.50424 110.4202 110.3366 110.25226 110.16576 110.07539 109.97914 109.87466 109.75926 109.62987 109.48304 109.31491 109.12123 108.89737 108.63836 108.33901 107.99411 107.59875 107.14896 106.64261 106.08096 105.47083 104.82739 104.17727 103.56072 103.03067 102.64581 102.4565 102.48646 102.71917 103.09828 103.54444 103.98058 104.35407 104.64819 104.88133 105.09487 105.33146 105.60864 105.89788 106.1204 106.16266 105.90249 105.23393 104.08854 102.47063 100.5523 98.873037
111.18553 111.05288 110.92373 110.79823 110.67653 110.5587 110.44483 110.33493 110.22893 110.12669 110.02796 109.93234 109.83929 109.74806 109.65767 109.5669 109.47422 109.37778 109.27535 109.1643 109.04159 108.90366 108.74645 108.56536 108.35518 108.11007 107.82355 107.48852 107.09732 106.64197 106.11469 105.50883 104.8206 104.052 103.21525 102.33888 101.47414 100.69812 100.10729 99.794895 99.814661 100.14833 100.70163 101.33664 101.92158 102.37113 102.66504 102.8474 103.01001 103.25863 103.66467 104.2212 104.83266 105.34902 105.62203 105.55205 105.11528 104.38527 103.56831 103.04115
110.61774 110.47413 110.33401 110.19759 110.06504 109.93651 109.81212 109.69195 109.57601 109.46421 109.35637 109.25216 109.15106 109.05235 108.95507 108.85795 108.7594 108.65742 108.54961 108.43308 108.30439 108.15954 107.99386 107.80196 107.57764 107.31379 107.00227 106.63382 106.19796 105.68295 105.07604 104.36411 103.53528 102.58215 101.50788 100.33628 99.125804 97.98324 97.064643 96.543969 96.541628 97.046167 97.894778 98.84003 99.652113 100.18991 100.42461 100.43669 100.39876 100.53071 101.01108 101.87513 102.98088 104.0838 104.95747 105.47473 105.63073 105.53767 105.41307 105.55242
110.03472 109.87934 109.72742 109.5792 109.43491 109.29475 109.15893 109.02758 108.90081 108.77861 108.66089 108.54739 108.43769 108.33111 108.22673 108.12328 108.01913 107.91218 107.79987 107.67907 107.546 107.3962 107.22442 107.02449 106.78922 106.51023 106.17768 105.78007 105.30385 104.73308 104.04909 103.2305 102.25398 101.09688 99.743932 98.2011 96.52052 94.835613 93.388409 92.501169 92.442395 93.235609 94.590147 96.050501 97.217392 97.86465 97.948072 97.590228 97.080336 96.842607 97.282575 98.533767 100.34115 102.23983 103.83291 104.92501 105.51152 105.73182 105.84041 106.17794
109.43605 109.26802 109.10337 108.94238 108.78533 108.63251 108.48419 108.3406 108.20193 108.06831 107.93975 107.81611 107.69707 107.58207 107.47024 107.36037 107.25082 107.13945 107.02356 106.89981 106.76414 106.61166 106.43656 106.23196 105.98974 105.70029 105.35219 104.93176 104.42245 103.80407 103.05169 102.1346 101.01541 99.650528 97.994853 96.016379 93.731709 91.274648 88.988019 87.448474 87.245202 88.516447 90.725026 93.018189 94.723995 95.512711 95.320929 94.29495 92.852216 91.761519 91.929146 93.744431 96.676033 99.758985 102.28256 103.96508 104.80644 104.96015 104.73095 104.65177
108.82131 108.63967 108.46128 108.28644 108.11551 107.94884 107.78679 107.6297 107.4779 107.33163 107.19104 107.05617 106.92683 106.80262 106.6828 106.56624 106.45136 106.33602 106.21745 106.09214 105.95577 105.80311 105.62783 105.42243 105.17793 104.88367 104.52683 104.09186 103.55961 102.90614 102.10087 101.10418 99.864223 98.313731 96.369041 93.938806 90.961061 87.506163 83.981871 81.337972 80.802934 82.823635 86.388906 89.918983 92.365062 93.32883 92.73812 90.690388 87.639026 84.83937 84.281162 87.036579 91.881638 96.758123 100.49196 102.79591 103.72316 103.39025 102.05128 100.53002
108.19014 107.99387 107.80061 107.61073 107.42464 107.24278 107.0656 106.89356 106.72713 106.56672 106.41266 106.26518 106.12431 105.98982 105.86119 105.73743 105.61709 105.49808 105.37761 105.2521 105.11701 104.9668 104.79474 104.59275 104.35118 104.05847 103.70072 103.26098 102.71822 102.04584 101.20925 100.16234 98.842046 97.16091 94.998307 92.196345 88.582476 84.082958 79.054424 74.842449 73.70837 76.742675 82.128885 87.164594 90.426181 91.569602 90.544186 87.278652 81.992632 76.359501 74.361222 78.67654 86.496573 93.741245 98.832329 101.72817 102.62098 101.49119 98.229327 93.704129
107.54223 107.3302 107.12086 106.91463 106.71197 106.5134 106.31948 106.13081 105.948 105.77166 105.60235 105.44054 105.28651 105.14033 105.0017 104.8699 104.74367 104.62105 104.49931 104.37483 104.24296 104.0979 103.93256 103.73843 103.50528 103.2209 102.87064 102.43667 101.897 101.22387 100.38117 99.320415 97.974232 96.246186 93.996108 91.023742 87.069917 81.910586 75.752829 70.153365 68.386879 72.321848 79.256964 85.420618 89.2233 90.481331 89.185116 85.060044 77.887121 69.344933 65.631155 71.714691 82.518276 91.736788 97.802073 101.09257 101.94664 100.16567 95.059201 86.919519
106.87732 106.64833 106.42161 106.1976 105.9768 105.75983 105.54733 105.34007 105.13882 104.94442 104.7577 104.5794 104.41016 104.25038 104.10012 103.95901 103.82605 103.69953 103.57687 103.45447 103.32763 103.19035 103.03527 102.85348 102.63433 102.36514 102.03078 101.61309 101.08996 100.43394 99.610046 98.572187 97.257291 95.575769 93.396971 90.531111 86.723912 81.735226 75.716956 70.1634 68.393476 72.3377 79.206412 85.234346 88.933493 90.175832 88.961121 84.993894 77.971968 69.433519 65.66372 71.831701 82.627808 91.744575 97.762023 101.08849 102.0272 100.33651 95.280565 87.07984
106.19524 105.94804 105.70253 105.45917 105.21853 104.98125 104.74812 104.52001 104.29793 104.08293 103.87616 103.67872 103.49165 103.3158 103.15169 102.9994 102.85836 102.72719 102.60356 102.484 102.36378 102.23678 102.09539 101.93037 101.73069 101.48333 101.17289 100.78119 100.28658 99.662961 98.878389 97.892798 96.654412 95.094024 93.116716 90.593511 87.368194 83.335953 78.737685 74.771939 73.696611 76.652226 81.758305 86.416473 89.41733 90.528537 89.717226 86.869174 82.049194 76.675749 74.723826 79.024423 86.623509 93.591409 98.608166 101.6572 102.82365 101.97077 98.900188 94.426492
105.49591 105.22917 104.9634 104.69903 104.43667 104.17701 103.92091 103.66941 103.42369 103.1851 102.9551 102.73525 102.52706 102.33195 102.15103 101.98499 101.83383 101.69665 101.57149 101.4551 101.3428 101.22837 101.10394 100.95994 100.78499 100.56572 100.28653 99.929305 99.472961 98.893004 98.160995 97.243983 96.10387 94.696815 92.973354 90.882332 88.389783 85.543668 82.637496 80.438677 80.044156 81.877959 85.012786 88.082028 90.246032 91.199561 90.88036 89.345972 86.920291 84.622035 84.247946 86.843331 91.327783 95.963097 99.794319 102.49778 103.95428 104.10774 103.10446 101.74073
104.77936 104.49173 104.20414 103.91701 103.63092 103.34659 103.06496 102.78718 102.51462 102.24891 101.9919 101.74562 101.51221 101.29375 101.09213 100.90884 100.74462 100.59929 100.47139 100.358 100.25455 100.1547 100.05031 99.931408 99.786179 99.600851 99.359541 99.044012 98.633434 98.10426 97.430419 96.584121 95.53775 94.267557 92.760339 91.02523 89.114534 87.15988 85.424099 84.324339 84.293547 85.436141 87.341847 89.353383 90.931379 91.783011 91.836206 91.211524 90.251684 89.567452 89.893071 91.60304 94.396492 97.621035 100.69547 103.22491 104.98142 105.90624 106.16761 106.22829
104.04576 103.73585 103.42486 103.11314 102.8012 102.48976 102.17978 101.87248 101.56942 101.2725 100.98398 100.70642 100.44267 100.19567 99.968296 99.763044 99.581725 99.425073 99.292385 99.181203 99.087102 99.003595 98.922149 98.832264 98.721543 98.575681 98.37833 98.110845 97.75202 97.277996 96.662664 95.879062 94.902468 93.716281 92.322034 90.754756 89.10314 87.528693 86.268067 85.592812 85.709005 86.629067 88.112893 89.750173 91.12914 91.975503 92.21109 91.956116 91.505472 91.273185 91.677192 92.978873 95.164806 97.947248 100.88273 103.5403 105.6303 107.06013 107.93136 108.46834
103.29539 102.96185 102.62586 102.28767 101.94769 101.60656 101.26518 100.92482 100.58715 100.25431 99.928961 99.614275 99.313896 99.031807 98.772108 98.538674 98.334716 98.162271 98.021679 97.911142 97.826435 97.76082 97.705162 97.648171 97.576644 97.475566 97.327974 97.11457 96.813176 96.39825 95.84084 95.109477 94.172759 93.004786 91.595108 89.965384 88.194326 86.448194 85.000551 84.19988 84.33565 85.43994 87.203742 89.118343 90.70618 91.667635 91.917514 91.567429 90.896198 90.314709 90.314221 91.351755 93.599572 96.748184 100.18203 103.32574 105.82921 107.58665 108.68498 109.29948
102.52871 102.17022 101.80768 101.44117 101.07093 100.69742 100.32143 99.944172 99.567331 99.193227 98.824876 98.466063 98.121336 97.795914 97.495445 97.225607 96.991529 96.797078 96.644097 96.531736 96.456022 96.409773 96.382876 96.36281 96.335192 96.284093 96.191919 96.038758 95.801285 95.451446 94.95526 94.272133 93.355186 92.153382 90.617243 88.712554 86.452218 83.964626 81.608338 80.05032 80.038404 81.773735 84.594619 87.493459 89.727437 90.951043 91.099087 90.293018 88.833882 87.241918 86.288867 86.95204 89.777669 94.095395 98.683655 102.67439 105.67493 107.61067 108.62759 109.05005
101.7463 101.36163 100.97108 100.57447 100.17178 99.763226 99.349341 98.931126 98.510172 98.088832 97.67038 97.259164 96.860695 96.48162 96.129514 95.812426 95.538127 95.313111 95.141438 95.023674 94.956181 94.930993 94.936354 94.957728 94.978917 94.982815 94.951382 94.864657 94.698833 94.423668 93.999555 93.374471 92.480733 91.231354 89.516501 87.204776 84.168304 80.387729 76.242793 72.959878 72.430591 75.422001 80.372509 85.102425 88.436698 90.077689 90.067639 88.565127 85.915833 82.82856 80.332091 80.195413 84.157103 90.522547 96.826402 101.89802 105.39565 107.29463 107.77255 107.42879
100.94889 100.53696 100.11709 99.688758 99.251589 98.805404 98.350349 97.887039 97.416755 96.941668 96.46511 95.991844 95.528306 95.082725 94.66502 94.286338 93.958126 93.690714 93.491543 93.3634 93.303158 93.301506 93.343872 93.412297 93.487617 93.55107 93.584618 93.569557 93.48348 93.295953 92.963406 92.423401 91.587632 90.331831 88.480074 85.7838 81.913469 76.549707 69.847037 63.623408 61.92259 66.943384 75.248761 82.538551 87.251086 89.393662 89.238665 86.986881 83.005867 78.429112 74.651029 72.993062 78.767303 87.507039 95.466319 101.47567 105.30706 106.894 106.18328 103.81444
100.13731 99.697253 99.246967 98.785534 98.3121 97.825954 97.326656 96.814209 96.289296 95.753587 95.210128 94.663784 94.121712 93.593746 93.092539 92.633231 92.232386 91.906037 91.666939 91.521562 91.467725 91.493875 91.580583 91.703925 91.839604 91.966224 92.066402 92.124996 92.124516 92.038424 91.823329 91.410708 90.697406 89.53178 87.689672 84.834113 80.466765 73.959782 65.068322 55.854148 52.704955 59.820266 71.407545 80.907867 86.702811 89.245629 89.042665 86.29291 81.214889 75.06635 71.994061 71.924223 77.926385 87.113499 95.551185 101.86812 105.73818 106.89199 104.76724 99.433011
99.312482 98.843673 98.362188 97.866618 97.355521 96.827491 96.281289 95.716017 95.131396 94.528141 93.908479 93.276821 92.640548 92.010838 91.403299 90.838045 90.338705 89.929874 89.632902 89.460671 89.413005 89.474785 89.618195 89.808748 90.01296 90.20475 90.368151 90.495208 90.579137 90.604055 90.533353 90.298846 89.791051 88.847406 87.231204 84.592894 80.419194 74.056362 65.213923 55.931463 52.736662 59.974947 71.717464 81.325038 87.212281 89.859704 89.780435 87.15171 82.08614 75.602116 72.300832 76.045595 81.923083 89.801815 97.390489 103.27408 106.92891 107.91492 105.5171 99.753255
98.475358 97.977472 97.464371 96.934078 96.384448 95.813223 95.218126 94.597039 93.948271 93.27099 92.56585 91.835905 91.087812 90.333298 89.590674 88.885845 88.251946 87.72643 87.3448 87.131549 87.091064 87.202856 87.424648 87.703114 87.988123 88.244794 88.459218 88.636106 88.788626 88.922281 89.016739 89.010914 88.794967 88.207572 87.031044 84.977531 81.678078 76.759451 70.300258 64.10057 62.416033 67.657759 76.256883 83.808013 88.784194 91.233368 91.44506 89.603044 85.99133 81.790785 80.028195 82.654686 87.915027 94.300628 100.50715 105.56275 108.92508 110.18107 108.98204 105.91089
