RAINFALL_MEAN_RP_20.tif
NCOLS 101
NROWS 90
XLLCORNER -81.15
YLLCORNER -4.25
DX 0.0099207921
DY 0.01
NODATA_VALUE -9999
[rows 0 to 25 of 90, columns 0 to 59 of 101]
156.716 156.74687 156.78061 156.81724 156.85678 156.89922 156.9446 156.9929 157.04415 157.09835 157.1555 157.21561 157.27869 157.34473 157.41374 157.48573 157.56068 157.63862 157.71952 157.8034 157.89024 157.98005 158.07281 158.16851 158.26714 158.36869 158.47311 158.5804 158.6905 158.80338 158.919 159.03729 159.15819 159.28164 159.40756 159.53588 159.6665 159.79936 159.93437 160.07145 160.21052 160.35153 160.49442 160.63914 160.78566 160.93395 161.08401 161.23584 161.38943 161.5448 161.70194 161.86085 162.02151 162.1839 162.34798 162.51371 162.68106 162.84999 163.02054 163.19275
156.38577 156.41413 156.44539 156.47955 156.51664 156.55667 156.59964 156.64556 156.69444 156.74628 156.8011 156.85889 156.91965 156.9834 157.05014 157.11985 157.19256 157.26825 157.34693 157.4286 157.51325 157.60088 157.69149 157.78506 157.88159 157.98104 158.08341 158.18866 158.29675 158.40765 158.5213 158.63764 158.7566 158.87812 159.0021 159.12847 159.25713 159.38798 159.52094 159.65592 159.79284 159.93162 160.0722 160.21454 160.35861 160.5044 160.6519 160.80114 160.95213 161.1049 161.25948 161.41588 161.5741 161.73412 161.89591 162.05943 162.22462 162.39147 162.56002 162.73036
156.04861 156.07432 156.10295 156.13451 156.16901 156.20647 156.24689 156.29027 156.33663 156.38596 156.43828 156.49358 156.55186 156.61314 156.67741 156.74467 156.81493 156.88818 156.96443 157.04367 157.12591 157.21115 157.29937 157.39057 157.48475 157.58187 157.68193 157.7849 157.89072 157.99938 158.1108 158.22492 158.34168 158.46099 158.58276 158.70688 158.83326 158.96179 159.09237 159.22488 159.35925 159.49538 159.63321 159.77269 159.91379 160.05652 160.20088 160.3469 160.49465 160.64416 160.7955 160.9487 161.10378 161.26072 161.4195 161.58003 161.74226 161.90614 162.07167 162.23897
155.70433 155.72726 155.75312 155.78193 155.8137 155.84844 155.88615 155.92684 155.97051 156.01716 156.06681 156.11945 156.17507 156.23369 156.2953 156.3599 156.4275 156.4981 156.57169 156.64828 156.72788 156.81047 156.89606 156.98464 157.07621 157.17074 157.26822 157.36863 157.47192 157.57804 157.68696 157.79858 157.91284 158.02965 158.14889 158.27046 158.39424 158.52011 158.64794 158.7776 158.909 159.04203 159.17661 159.3127 159.45026 159.5893 159.72984 159.87196 160.01572 160.16122 160.30855 160.45776 160.60892 160.762 160.91697 161.07373 161.23214 161.39208 161.55349 161.71645
155.35278 155.37278 155.39572 155.42163 155.45051 155.48237 155.51722 155.55505 155.59586 155.63967 155.68647 155.73625 155.78903 155.84479 155.90353 155.96527 156.02999 156.0977 156.1684 156.2421 156.31879 156.39848 156.48117 156.56685 156.65553 156.74718 156.84179 156.93934 157.03979 157.1431 157.2492 157.35802 157.46947 157.58346 157.69986 157.81854 157.93938 158.06222 158.18691 158.31331 158.44129 158.57073 158.70153 158.83363 158.967 159.10166 159.23764 159.37505 159.51399 159.6546 159.79702 159.94136 160.08771 160.23608 160.3864 160.53853 160.69223 160.84727 161.00343 161.16064
154.99379 155.01069 155.03057 155.05342 155.07926 155.10808 155.13989 155.17469 155.21248 155.25325 155.29702 155.34376 155.39348 155.44617 155.50184 155.56048 155.62209 155.68667 155.75423 155.82476 155.89828 155.97479 156.05428 156.13677 156.22225 156.31071 156.40214 156.49651 156.5938 156.69395 156.79691 156.90259 157.0109 157.12173 157.23495 157.3504 157.46793 157.58735 157.70851 157.83121 157.95529 158.08061 158.20704 158.33452 158.46299 158.59247 158.72304 158.85482 158.98796 159.12267 159.25916 159.39761 159.53816 159.68085 159.82561 159.97223 160.12037 160.26956 160.41936 160.56941
154.62716 154.64083 154.65747 154.67711 154.69973 154.72534 154.75395 154.78554 154.82012 154.85768 154.89821 154.9417 154.98816 155.03757 155.08993 155.14524 155.20349 155.26468 155.32882 155.39592 155.46597 155.53899 155.61498 155.69395 155.77589 155.86082 155.94872 156.03956 156.13333 156.22998 156.32944 156.43163 156.53644 156.64376 156.75343 156.86527 156.97911 157.09472 157.21191 157.33044 157.45012 157.57076 157.6922 157.81434 157.93712 158.06056 158.18474 158.30983 158.43605 158.56368 158.69303 158.82438 158.95796 159.09389 159.23211 159.37234 159.51408 159.65661 159.79908 159.94068
154.25273 154.26299 154.27624 154.29249 154.31173 154.33396 154.35918 154.38738 154.41856 154.4527 154.4898 154.52984 154.57281 154.61871 154.66752 154.71925 154.77387 154.8314 154.89184 154.95519 155.02146 155.09066 155.16281 155.2379 155.31596 155.39698 155.48097 155.5679 155.65777 155.75052 155.84609 155.9444 156.04534 156.14876 156.25449 156.36234 156.47208 156.58347 156.69624 156.81013 156.92488 157.04024 157.15601 157.27205 157.38826 157.50467 157.62136 157.73855 157.85653 157.97569 158.09646 158.21927 158.34452 158.47242 158.60298 158.73591 158.87052 159.00574 159.14021 159.27238
153.8703 153.87699 153.88668 153.89936 153.91504 153.93371 153.95536 153.97998 154.00756 154.03809 154.07154 154.10791 154.14717 154.18931 154.23433 154.2822 154.33292 154.3865 154.44293 154.50221 154.56436 154.62939 154.69731 154.76815 154.84192 154.91863 154.99829 155.0809 155.16643 155.25486 155.34612 155.44013 155.53677 155.63588 155.73727 155.84071 155.94595 156.05268 156.16059 156.26934 156.3786 156.48807 156.59746 156.70657 156.81527 156.92354 157.03149 157.13937 157.24756 157.35658 157.46704 157.57957 157.69479 157.81314 157.93476 158.0594 158.18624 158.31381 158.44005 158.56242
153.47969 153.48263 153.48857 153.49751 153.50945 153.52437 153.54226 153.5631 153.58689 153.61359 153.64318 153.67564 153.71095 153.74909 153.79004 153.83379 153.88032 153.92962 153.98171 154.03657 154.09424 154.15471 154.21801 154.28418 154.35322 154.42517 154.50005 154.57786 154.6586 154.74224 154.82873 154.91797 155.00986 155.10422 155.20083 155.29944 155.39974 155.50137 155.60395 155.70707 155.81029 155.91322 156.01549 156.1168 156.21695 156.31587 156.41367 156.51061 156.6072 156.70408 156.8021 156.90219 157.00528 157.11214 157.22322 157.33843 157.45692 157.57684 157.69531 157.80847
153.08068 153.0797 153.08171 153.08673 153.09473 153.10571 153.11965 153.13651 153.15629 153.17894 153.20445 153.23277 153.26388 153.29776 153.33437 153.37369 153.41572 153.46042 153.50782 153.5579 153.61068 153.66618 153.72442 153.78545 153.8493 153.916 153.98559 154.05809 154.13351 154.21183 154.29303 154.37701 154.46365 154.55277 154.64415 154.73747 154.83239 154.92848 155.02528 155.12226 155.21889 155.31465 155.40904 155.50164 155.59213 155.68038 155.76643 155.85058 155.93341 156.01575 156.09873 156.18365 156.27188 156.36474 156.46317 156.56747 156.67695 156.78955 156.90156 157.00748
152.67309 152.66799 152.66589 152.66679 152.67067 152.67751 152.68728 152.69996 152.71551 152.7339 152.75508 152.77903 152.80568 152.83502 152.86701 152.9016 152.93879 152.97855 153.02088 153.06577 153.11325 153.16333 153.21604 153.27143 153.32955 153.39045 153.45419 153.5208 153.59032 153.66276 153.73808 153.81623 153.89708 153.98045 154.06608 154.15365 154.24273 154.33284 154.4234 154.51377 154.60328 154.69126 154.77702 154.85998 154.93967 155.0158 155.08835 155.15758 155.22414 155.28906 155.35377 155.42005 155.48991 155.56537 155.6482 155.73945 155.83895 155.94473 156.05244 156.15487
152.25669 152.24728 152.24088 152.23746 152.23702 152.23951 152.24492 152.2532 152.26431 152.2782 152.29482 152.31413 152.33607 152.36059 152.38765 152.4172 152.44921 152.48366 152.52052 152.5598 152.60152 152.64568 152.69234 152.74155 152.79336 152.84786 152.90511 152.9652 153.02816 153.09405 153.16286 153.23454 153.309 153.38603 153.46539 153.54669 153.62947 153.71314 153.79703 153.88035 153.96226 154.04187 154.1183 154.19071 154.25843 154.32095 154.37808 154.43001 154.4774 154.52144 154.56392 154.60717 154.65399 154.70744 154.77046 154.84534 154.93302 155.03224 155.13849 155.24314
151.83127 151.81736 151.80644 151.79851 151.79354 151.79148 151.79231 151.79596 151.8024 151.81156 151.82338 151.8378 151.85475 151.87416 151.89598 151.92016 151.94663 151.97538 152.00636 152.03958 152.07504 152.11276 152.1528 152.19522 152.24009 152.2875 152.33758 152.3904 152.44608 152.50468 152.56623 152.63074 152.6981 152.76816 152.84064 152.91514 152.99113 153.06794 153.14476 153.22063 153.29452 153.36527 153.43173 153.49277 153.54738 153.59476 153.63445 153.66645 153.69134 153.71044 153.72584 153.74052 153.75822 153.78333 153.82043 153.87373 153.94611 154.03794 154.14555 154.25969
151.39661 151.37798 151.36235 151.34969 151.33997 151.33315 151.32917 151.32799 151.32953 151.33372 151.34049 151.34975 151.36143 151.37544 151.39171 151.41016 151.43073 151.45336 151.47803 151.5047 151.53338 151.56409 151.59689 151.63185 151.66907 151.70865 151.75075 151.7955 151.84305 151.89351 151.94697 152.00347 152.06297 152.12531 152.19025 152.25736 152.32605 152.39556 152.46494 152.53305 152.59859 152.66012 152.71612 152.76508 152.80555 152.83632 152.8565 152.86577 152.86448 152.85392 152.83643 152.81561 152.79628 152.78445 152.78688 152.81049 152.8612 152.94239 153.0528 153.18414
150.95246 150.9289 150.90834 150.89074 150.87606 150.86425 150.85525 150.849 150.8454 150.84438 150.84584 150.84969 150.85582 150.86412 150.87451 150.88689 150.90116 150.91727 150.93514 150.95476 150.9761 150.99919 151.02408 151.05086 151.07963 151.11054 151.14378 151.17952 151.21797 151.25932 151.30371 151.35125 151.40197 151.45577 151.5124 151.57145 151.6323 151.69408 151.7557 151.81581 151.87281 151.92492 151.97017 152.00656 152.03208 152.04492 152.04362 152.02728 151.99583 151.95029 151.89308 151.82829 151.76185 151.70159 151.65702 151.63864 151.65677 151.71965 151.83068 151.98501
150.49857 150.46987 150.44416 150.42139 150.40153 150.38451 150.37026 150.3587 150.34974 150.34326 150.33916 150.33732 150.33761 150.33991 150.34409 150.35003 150.35761 150.36675 150.37735 150.38938 150.40278 150.41759 150.43384 150.45163 150.47109 150.49239 150.51576 150.54144 150.56969 150.60078 150.63497 150.67244 150.71331 150.75755 150.80499 150.85524 150.90763 150.96125 151.01483 151.0668 151.11524 151.15794 151.19243 151.21607 151.22615 151.22008 151.19556 151.15086 151.08514 150.99886 150.89414 150.77529 150.64917 150.52553 150.41699 150.33858 150.30658 150.33636 150.43898 150.61657
150.03471 150.00063 149.96953 149.94137 149.9161 149.89364 149.87391 149.85681 149.84223 149.83005 149.82013 149.81234 149.80651 149.80249 149.80013 149.79926 149.79976 149.80148 149.80431 149.80817 149.81302 149.81884 149.82566 149.83359 149.84277 149.85341 149.86577 149.88017 149.89695 149.91648 149.93912 149.9652 149.99494 150.02845 150.06564 150.10617 150.14942 150.19439 150.23969 150.2835 150.32355 150.35714 150.38121 150.39235 150.38699 150.36152 150.31251 150.23707 150.13318 150.0002 149.83946 149.65495 149.45402 149.24806 149.05296 148.88904 148.78015 148.75148 148.82554 149.01621
149.56059 149.52089 149.48417 149.45038 149.41946 149.39132 149.36587 149.343 149.32257 149.30444 149.28845 149.27443 149.26219 149.25155 149.24232 149.23429 149.22729 149.22113 149.21568 149.2108 149.20642 149.2025 149.19905 149.19617 149.19401 149.19281 149.19288 149.19461 149.19844 149.20486 149.21438 149.22748 149.24456 149.26588 149.29153 149.32127 149.35454 149.39032 149.4271 149.46283 149.49486 149.51998 149.53441 149.53387 149.51372 149.46909 149.39512 149.2873 149.14189 148.95655 148.73102 148.46813 148.17485 147.86352 147.55288 147.26885 147.04427 146.91706 146.92594 147.10285
149.07593 149.03037 148.98778 148.94812 148.9113 148.87724 148.84583 148.81694 148.79041 148.76609 148.74377 148.72326 148.70435 148.68679 148.67035 148.6548 148.63989 148.62541 148.61115 148.59694 148.58264 148.56818 148.55356 148.53884 148.52417 148.50983 148.49616 148.48362 148.47279 148.46429 148.4588 148.45701 148.45956 148.46693 148.47943 148.49701 148.51924 148.54515 148.57316 148.60099 148.62563 148.64327 148.64937 148.63865 148.60521 148.54265 148.44433 148.30366 148.11457 147.87215 147.57358 147.21927 146.81444 146.37093 145.90917 145.46008 145.06617 144.78093 144.66483 144.77648
148.58045 148.52875 148.48004 148.43425 148.39129 148.35106 148.31345 148.27829 148.24542 148.21465 148.18576 148.15851 148.13264 148.10787 148.08392 148.06049 148.03729 148.01403 147.99044 147.96628 147.94136 147.91555 147.88879 147.86112 147.83267 147.80372 147.77467 147.74607 147.71858 147.69302 147.67028 147.6513 147.63702 147.62823 147.62555 147.62924 147.63907 147.65422 147.6731 147.69326 147.71132 147.7229 147.72259 147.70398 147.65976 147.58178 147.46123 147.28895 147.05584 146.7535 146.37524 145.91747 145.38163 144.77674 144.12252 143.45285 142.81916 142.29219 141.96023 141.92004
148.07382 148.01573 147.96062 147.90843 147.85906 147.81241 147.76834 147.72667 147.68722 147.64976 147.61405 147.5798 147.54672 147.51447 147.4827 147.45107 147.41919 147.38671 147.35328 147.31857 147.28232 147.24431 147.20441 147.1626 147.11899 147.07384 147.02758 146.98083 146.93439 146.88925 146.84657 146.8076 146.77364 146.74593 146.72549 146.71302 146.70865 146.7118 146.721 146.73372 146.74623 146.75354 146.74937 146.72609 146.67481 146.5854 146.44661 146.24621 145.97138 145.60923 145.14777 144.5774 143.89314 143.09789 142.20672 141.2524 140.29175 139.4119 138.73366 138.40627
147.55573 147.49095 147.42916 147.37029 147.31425 147.26091 147.21012 147.16169 147.1154 147.07102 147.02825 146.98677 146.94622 146.90623 146.86637 146.82622 146.78532 146.74321 146.69945 146.65361 146.60532 146.55424 146.50017 146.44298 146.38273 146.31962 146.25411 146.18686 146.11881 146.05114 145.98529 145.92291 145.86576 145.81561 145.7741 145.7425 145.72148 145.71091 145.70957 145.71494 145.72303 145.72827 145.72345 145.69967 145.64635 145.55124 145.40037 145.17813 144.86735 144.44969 143.90639 143.21962 142.3749 141.36475 140.19414 138.88802 137.50138 136.13158 134.93154 134.11693
147.02584 146.95406 146.88529 146.81945 146.75644 146.69613 146.63835 146.5829 146.52954 146.47799 146.42793 146.37898 146.33075 146.28278 146.23458 146.18564 146.13539 146.08328 146.02875 145.97123 145.91021 145.84523 145.77593 145.70208 145.62361 145.54067 145.45365 145.36325 145.27052 145.17685 145.08398 144.99402 144.9093 144.83229 144.7654 144.71073 144.66975 144.64299 144.62971 144.62757 144.63241 144.63812 144.63651 144.61738 144.56839 144.47509 144.32072 144.08607 143.74927 143.28578 142.66874 141.87001 140.86232 139.62306 138.14045 136.42288 134.51223 132.50257 130.56652 128.98907
146.48377 146.40467 146.3286 146.25548 146.1852 146.11763 146.05259 145.98986 145.92917 145.87021 145.81263 145.75601 145.69988 145.64372 145.58697 145.52899 145.46914 145.40671 145.341 145.2713 145.19692 145.11723 145.03169 144.93988 144.84157 144.73677 144.62578 144.50929 144.38839 144.26466 144.14018 144.01756 143.89982 143.7903 143.69244 143.60946 143.54398 143.49752 143.47013 143.45986 143.46253 143.47149 143.47759 143.46919 143.43221 143.35 143.20311 142.96879 142.62047 142.1271 141.4529 140.55774 139.39862 137.93321 136.12637 133.96068 131.45236 128.67352 125.78711 123.11486
145.92914 145.84237 145.75866 145.67793 145.60007 145.52493 145.45233 145.38203 145.31375 145.24715 145.18184 145.11733 145.05312 144.98861 144.92312 144.85593 144.78626 144.71326 144.63607 144.55377 144.46548 144.37034 144.26757 144.15653 144.03673 143.90797 143.77039 143.62455 143.47153 143.31306 143.15153 142.99008 142.83253 142.68332 142.5472 142.42892 142.33269 142.26155 142.21672 142.19701 142.19834 142.21356 142.23242 142.24175 142.22562 142.16532 142.03896 141.82078 141.47996 140.97931 140.2741 139.31136 138.03047 136.36587 134.25354 131.64321 128.51747 124.91611 120.96235 116.92431
