RAINFALL_MINIMUN_RP_100.tif
NCOLS 101
NROWS 90
XLLCORNER -81.15
YLLCORNER -4.25
DX 0.0099207921
DY 0.01
NODATA_VALUE -9999
[rows 0 to 25 of 90, columns 0 to 59 of 101]
170.85981 170.90721 170.95827 171.01304 171.07158 171.13396 171.20025 171.27051 171.34482 171.42325 171.50588 171.59278 171.68404 171.77975 171.88 171.98489 172.0945 172.20895 172.32835 172.45281 172.58243 172.71735 172.85768 173.00356 173.1551 173.31245 173.47572 173.64507 173.82062 174.00251 174.19088 174.38587 174.58763 174.79629 175.01201 175.23495 175.46527 175.70314 175.94876 176.2023 176.464 176.73407 177.01276 177.3003 177.59696 177.90298 178.21859 178.544 178.87936 179.22473 179.58009 179.94526 180.31989 180.70344 181.09508 181.49372 181.89794 182.30598 182.71572 183.12466
170.49854 170.54268 170.59047 170.64198 170.69727 170.75639 170.81942 170.88643 170.95748 171.03266 171.11204 171.19569 171.28371 171.37619 171.47321 171.57488 171.68131 171.79258 171.90883 172.03017 172.15672 172.28861 172.42597 172.56893 172.71764 172.87223 173.03285 173.19963 173.37274 173.55232 173.73851 173.93147 174.13135 174.33832 174.55253 174.77417 175.00341 175.24045 175.4855 175.7388 176.00059 176.27116 176.5508 176.83984 177.13862 177.4475 177.76683 178.09695 178.43815 178.79068 179.15466 179.53009 179.91678 180.31432 180.72201 181.13884 181.5634 181.99394 182.42824 182.86368
170.12967 170.17036 170.21471 170.26276 170.31459 170.37025 170.42981 170.49334 170.56092 170.6326 170.70848 170.78863 170.87314 170.96211 171.05562 171.15377 171.25668 171.36446 171.47722 171.5951 171.7182 171.84668 171.98068 172.12032 172.26577 172.41717 172.57469 172.73846 172.90865 173.08543 173.26894 173.45936 173.65684 173.86156 174.0737 174.29344 174.52097 174.75652 175.00033 175.25264 175.51376 175.78402 176.06377 176.35342 176.65342 176.96423 177.28634 177.62025 177.96644 178.32533 178.69727 179.08245 179.48091 179.8924 180.3164 180.75201 181.19789 181.65226 182.11284 182.57685
169.75307 169.79013 169.83083 169.87523 169.92339 169.97538 170.03125 170.09108 170.15493 170.22288 170.295 170.37138 170.45211 170.53727 170.62696 170.72128 170.82035 170.92428 171.0332 171.14722 171.2665 171.39117 171.52137 171.65727 171.79901 171.94677 172.1007 172.26096 172.42774 172.60119 172.78149 172.96881 173.16333 173.36521 173.57465 173.79184 174.017 174.25035 174.49214 174.74267 175.00226 175.27128 175.55018 175.83942 176.13955 176.45116 176.77491 177.11147 177.46153 177.82574 178.20469 178.59887 179.00854 179.43374 179.87415 180.32903 180.79716 181.27677 181.76549 182.26035
169.36859 169.40183 169.43869 169.47924 169.52352 169.57161 169.62357 169.67946 169.73934 169.8033 169.8714 169.94373 170.02038 170.10143 170.18698 170.27714 170.37202 170.47174 170.57642 170.68621 170.80124 170.92166 171.04764 171.17932 171.31688 171.46049 171.61032 171.76656 171.92938 172.09895 172.27546 172.45909 172.65002 172.84843 173.05451 173.26847 173.49051 173.72087 173.95983 174.20768 174.46479 174.73156 175.00849 175.29613 175.59513 175.90623 176.23023 176.56802 176.92052 177.28868 177.67339 178.07545 178.49549 178.93386 179.39054 179.86504 180.3563 180.8626 181.38149 181.90978
168.97612 169.00533 169.03814 169.07462 169.11482 169.15879 169.2066 169.2583 169.31397 169.37367 169.43747 169.50546 169.57773 169.65435 169.73543 169.82108 169.9114 170.00652 170.10658 170.2117 170.32205 170.43777 170.55903 170.686 170.81886 170.9578 171.10299 171.25463 171.41291 171.57801 171.75012 171.92942 172.11611 172.31037 172.51239 172.72236 172.9405 173.16705 173.40227 173.64648 173.90006 174.16343 174.43715 174.72184 175.01826 175.32726 175.64986 175.98715 176.34033 176.71068 177.09946 177.50789 177.93702 178.38764 178.86014 179.35438 179.86956 180.40405 180.95535 181.52001
168.5755 168.60048 168.62905 168.66124 168.69713 168.73675 168.78016 168.82743 168.87862 168.93379 168.99302 169.05637 169.12393 169.1958 169.27206 169.35283 169.43821 169.52833 169.62333 169.72335 169.82854 169.93907 170.05511 170.17684 170.30445 170.43815 170.57811 170.72455 170.87766 171.03764 171.20469 171.379 171.56075 171.75014 171.94733 172.15254 172.36595 172.58779 172.81832 173.05785 173.30675 173.56548 173.8346 174.11482 174.40697 174.71206 175.03128 175.36597 175.71765 176.08797 176.47865 176.89139 177.3278 177.78925 178.27667 178.79043 179.3301 179.89428 180.48046 181.08491
168.1666 168.18715 168.21125 168.23895 168.27029 168.30532 168.3441 168.38668 168.43312 168.48348 168.53783 168.59624 168.65878 168.72554 168.79662 168.87212 168.95216 169.03686 169.12635 169.22079 169.32033 169.42515 169.53542 169.65135 169.77313 169.90096 170.03507 170.17565 170.32293 170.47711 170.6384 170.80699 170.98307 171.16681 171.3584 171.558 171.7658 171.982 172.20682 172.44056 172.68356 172.93628 173.19929 173.47333 173.75932 174.05839 174.37192 174.70151 175.04902 175.41654 175.80629 176.22062 176.66182 177.13199 177.63281 178.16536 178.72978 179.32506 179.94881 180.59702
167.74928 167.76519 167.78461 167.80758 167.83415 167.86435 167.89825 167.93588 167.97729 168.02256 168.07172 168.12486 168.18204 168.24335 168.30887 168.37871 168.45298 168.5318 168.61531 168.70367 168.79703 168.89559 168.99952 169.10903 169.22434 169.34566 169.47323 169.60726 169.74799 169.89564 170.05041 170.21251 170.38212 170.55942 170.74456 170.93769 171.13897 171.34854 171.5666 171.79338 172.02919 172.27444 172.52969 172.79569 173.0734 173.36406 173.66921 173.99073 174.33085 174.69211 175.07739 175.48975 175.93233 176.4082 176.92003 177.46988 178.05876 178.68632 179.35046 180.04702
167.32341 167.33447 167.34898 167.36699 167.38855 167.41368 167.44243 167.47484 167.51096 167.55083 167.5945 167.64204 167.69351 167.74899 167.80857 167.87232 167.94038 168.01286 168.0899 168.17164 168.25827 168.34997 168.44694 168.54938 168.65754 168.77165 168.89194 169.01867 169.15208 169.29239 169.43985 169.59464 169.75696 169.92695 170.10477 170.29053 170.48433 170.68627 170.89647 171.11509 171.34235 171.57861 171.82434 172.08027 172.34736 172.62691 172.92062 173.2306 173.55946 173.91027 174.2866 174.69237 175.1318 175.60914 176.1284 176.69296 177.30512 177.9656 178.67293 179.42302
166.88885 166.89483 166.90421 166.91704 166.93334 166.95314 166.97649 167.00341 167.03393 167.06811 167.10597 167.14758 167.19299 167.24226 167.29548 167.35272 167.41411 167.47975 167.54978 167.62436 167.70366 167.78787 167.87721 167.97189 168.07217 168.17829 168.29052 168.40913 168.53438 168.66651 168.80578 168.95239 169.10652 169.26832 169.43791 169.61536 169.80071 169.99399 170.19522 170.40446 170.6218 170.84747 171.08186 171.32555 171.57949 171.84496 172.12375 172.41818 172.73122 173.06649 173.42831 173.82163 174.2519 174.7249 175.24634 175.82144 176.45433 177.14733 177.90023 178.70942
166.44545 166.44613 166.45015 166.45755 166.46836 166.48258 166.50026 166.52141 166.54606 166.57423 166.60596 166.64129 166.68026 166.72294 166.76938 166.81966 166.8739 166.93218 166.99466 167.06148 167.13282 167.20887 167.28986 167.37603 167.46763 167.56495 167.66826 167.77786 167.89404 168.01707 168.14721 168.28469 168.42969 168.58235 168.74275 168.91093 169.08685 169.27044 169.4616 169.66023 169.86629 170.07979 170.30094 170.53018 170.76826 171.01642 171.27643 171.55075 171.84265 172.1563 172.49681 172.87025 173.28357 173.74436 174.26054 174.83974 175.48867 176.21209 177.01182 177.88556
165.99307 165.98822 165.98666 165.98839 165.99345 166.00184 166.01358 166.02868 166.04715 166.06901 166.09428 166.12298 166.15514 166.19082 166.23005 166.27291 166.31949 166.36989 166.42423 166.48267 166.54538 166.61256 166.68444 166.76128 166.84335 166.93096 167.02442 167.12404 167.23016 167.34308 167.46307 167.5904 167.72526 167.86777 168.01799 168.1759 168.34139 168.51427 168.69428 168.88115 169.07458 169.27437 169.48044 169.69294 169.91239 170.1398 170.37683 170.62595 170.89063 171.17549 171.48645 171.83079 172.21712 172.65524 173.15577 173.72952 174.38668 175.13557 175.98124 176.92385
165.53157 165.52096 165.51357 165.5094 165.50846 165.51076 165.51629 165.52505 165.53705 165.55228 165.57075 165.59247 165.61744 165.64571 165.67729 165.71226 165.75066 165.79261 165.83821 165.88761 165.94098 165.99852 166.06047 166.12711 166.19872 166.27565 166.35822 166.44681 166.54177 166.64346 166.7522 166.86826 166.99187 167.12316 167.26215 167.40878 167.56284 167.72401 167.89185 168.06585 168.24544 168.43007 168.61929 168.81285 169.01089 169.21403 169.42362 169.64198 169.87259 170.12039 170.392 170.69592 171.04257 171.44429 171.91498 172.46949 173.12262 173.88767 174.77457 175.78759
165.06079 165.0442 165.03074 165.02042 165.01323 165.00917 165.00822 165.01036 165.01559 165.02388 165.03521 165.04958 165.06699 165.08742 165.11091 165.13748 165.16719 165.2001 165.23633 165.27599 165.31927 165.36636 165.4175 165.47299 165.53314 165.5983 165.66887 165.74525 165.82785 165.91708 166.01332 166.11689 166.22805 166.34694 166.47359 166.60788 166.74951 166.89801 167.05274 167.21289 167.37756 167.54575 167.71655 167.88916 168.06312 168.23849 168.41608 168.59777 168.7868 168.98817 169.20901 169.45887 169.75007 170.09771 170.51954 171.0354 171.66607 172.43161 173.34891 174.4287
164.58059 164.55777 164.538 164.52128 164.50759 164.49691 164.4892 164.48445 164.4826 164.48363 164.48749 164.49416 164.5036 164.51579 164.53073 164.54841 164.56886 164.59214 164.61833 164.64754 164.67993 164.7157 164.75509 164.79841 164.84598 164.89822 164.95554 165.0184 165.08729 165.16269 165.24504 165.33474 165.4321 165.53732 165.65043 165.77127 165.89946 166.03438 166.17514 166.32062 166.4695 166.62026 166.77136 166.9213 167.06883 167.21316 167.35427 167.49325 167.63272 167.77735 167.93437 168.11413 168.33062 168.60184 168.94986 169.40042 169.98189 170.72324 171.65104 172.78545
164.0908 164.06152 164.0352 164.01183 163.99138 163.97382 163.95909 163.94714 163.93793 163.93138 163.92744 163.92604 163.92713 163.93065 163.93657 163.94485 163.9555 163.96853 163.984 164.002 164.02267 164.04619 164.07282 164.10285 164.13666 164.17467 164.21736 164.26526 164.31892 164.37892 164.44581 164.52009 164.60215 164.69226 164.7905 164.89671 165.01042 165.13087 165.25693 165.38711 165.51961 165.65229 165.78286 165.90889 166.02813 166.13863 166.23915 166.32956 166.41135 166.48825 166.56702 166.65822 166.77708 166.94427 167.1864 167.53601 168.03066 168.71085 169.61629 170.78057
163.59127 163.55527 163.52216 163.4919 163.46443 163.43972 163.41769 163.39828 163.3814 163.36696 163.35489 163.34507 163.33742 163.33186 163.3283 163.32668 163.32695 163.3291 163.33315 163.33915 163.34722 163.35752 163.3703 163.38586 163.40458 163.42694 163.45346 163.48476 163.52148 163.56432 163.61395 163.67101 163.73603 163.80939 163.89127 163.98152 164.07966 164.18479 164.29553 164.41001 164.52588 164.6403 164.75004 164.85162 164.94144 165.01609 165.07266 165.10926 165.12556 165.1236 165.10876 165.09088 165.08556 165.11547 165.21151 165.41353 165.76991 166.33566 167.16808 168.31965
163.08181 163.03887 162.99871 162.9613 162.92657 162.89444 162.86485 162.83768 162.81285 162.79022 162.76968 162.7511 162.73434 162.71928 162.70579 162.69375 162.68308 162.67372 162.66562 162.65881 162.65337 162.64942 162.64719 162.64698 162.64919 162.65432 162.66297 162.67582 162.69365 162.71729 162.74757 162.78532 162.83127 162.88597 162.94973 163.02253 163.1039 163.19283 163.28774 163.38637 163.48575 163.58226 163.67162 163.74904 163.80935 163.84727 163.85774 163.83645 163.78044 163.68906 163.56512 163.41634 163.25722 163.11105 163.01202 163.00707 163.15663 163.53347 164.21813 165.2898
162.56227 162.51212 162.46467 162.41985 162.37759 162.3378 162.30037 162.26518 162.23211 162.20099 162.17167 162.14398 162.11775 162.09278 162.06891 162.04597 162.0238 162.00228 161.98132 161.96087 161.94096 161.92168 161.90321 161.88585 161.86998 161.85615 161.845 161.83733 161.83404 161.83611 161.84462 161.86061 161.88506 161.9188 161.96237 162.01594 162.07913 162.15093 162.22957 162.3124 162.39587 162.47546 162.54573 162.60039 162.6324 162.63424 162.59817 162.51675 162.38347 162.19376 161.94629 161.64479 161.30045 160.93478 160.58309 160.29791 160.1519 160.2385 160.6684 161.55884
162.03244 161.97484 161.91984 161.86736 161.81732 161.76959 161.72407 161.68059 161.63899 161.5991 161.5607 161.52358 161.48751 161.45226 161.41759 161.38325 161.34903 161.31473 161.28017 161.24525 161.2099 161.17417 161.13817 161.10216 161.06653 161.03182 160.99875 160.96819 160.9412 160.91898 160.90283 160.89412 160.89416 160.90415 160.92499 160.95713 161.00044 161.054 161.11591 161.18323 161.25178 161.31614 161.36958 161.40414 161.41067 161.37902 161.29827 161.15712 160.9445 160.65053 160.26787 159.79384 159.23326 158.60232 157.93348 157.28135 156.72869 156.39106 156.41681 156.97683
161.49213 161.42682 161.36401 161.30362 161.24553 161.18962 161.13574 161.08371 161.03332 160.98437 160.9366 160.88975 160.84352 160.79762 160.75173 160.70555 160.65875 160.61105 160.56219 160.51196 160.4602 160.40685 160.35197 160.29574 160.23851 160.18083 160.12345 160.06733 160.0137 159.96397 159.91977 159.88283 159.85491 159.8377 159.8326 159.84055 159.8618 159.89567 159.9403 159.99251 160.04756 160.09908 160.13901 160.15757 160.14328 160.08306 159.96235 159.76531 159.47533 159.07574 158.55117 157.88963 157.08573 156.14535 155.0922 153.97632 152.8847 151.95241 151.37095 151.38471
160.94114 160.86785 160.79697 160.7284 160.66201 160.59766 160.53516 160.47432 160.41489 160.35662 160.29921 160.24233 160.18564 160.12875 160.07128 160.01282 159.95296 159.89129 159.82744 159.76108 159.69192 159.61979 159.54463 159.46652 159.38574 159.30281 159.21847 159.13378 159.05012 158.96914 158.89283 158.82338 158.76313 158.7144 158.67931 158.65947 158.65577 158.66798 158.69449 158.732 158.7753 158.8171 158.84794 158.85614 158.82773 158.74649 158.59387 158.34899 157.98883 157.48862 156.82288 155.96722 154.90161 153.61554 152.11584 150.43797 148.6616 146.93097 145.47832 144.64063
160.37923 160.2977 160.21848 160.14147 160.06652 159.99346 159.9221 159.85219 159.78347 159.71563 159.64833 159.58117 159.51373 159.44557 159.37618 159.30507 159.23169 159.15552 159.07605 158.99277 158.90527 158.8132 158.71634 158.61464 158.50824 158.39758 158.28338 158.16673 158.04914 157.93254 157.81929 157.71215 157.61414 157.52844 157.45811 157.40576 157.37319 157.36097 157.36799 157.39104 157.42458 157.46043 157.48771 157.49275 157.45906 157.36713 157.19429 156.91438 156.49744 155.90962 155.11354 154.06953 152.73846 151.08676 149.09497 146.77104 144.17021 141.42438 138.7858 136.68595
159.80618 159.71611 159.62828 159.54256 159.45878 159.37677 159.29629 159.21707 159.13883 159.06119 158.98375 158.90608 158.82766 158.74796 158.66637 158.58228 158.49501 158.40388 158.3082 158.20731 158.10056 157.98743 157.86747 157.74042 157.60626 157.46525 157.31801 157.16562 157.00968 156.85235 156.69642 156.54525 156.40275 156.27315 156.16076 156.06959 156.0028 155.96216 155.94745 155.95588 155.98171 156.01595 156.04626 156.05694 156.02885 155.93933 155.76167 155.46453 155.01102 154.35782 153.45463 152.24436 150.66495 148.65372 146.15587 143.13885 139.6148 135.67401 131.54137 127.69001
159.22172 159.12284 159.02611 158.93139 158.83851 158.74728 158.65743 158.56867 158.48067 158.39301 158.30524 158.21685 158.12725 158.0358 157.94179 157.84446 157.74299 157.63652 157.52416 157.40503 157.27824 157.143 156.99859 156.84448 156.68036 156.50623 156.32255 156.13026 155.93096 155.727 155.52156 155.31869 155.1233 154.94095 154.77762 154.63917 154.53074 154.45592 154.41592 154.40882 154.42889 154.46637 154.50734 154.5339 154.52427 154.4527 154.28892 153.99701 153.53386 152.84724 151.874 150.53882 148.75452 146.4251 143.45373 139.75851 135.29777 130.10336 124.32144 118.32087
