RAINFALL_MEAN_RP_10.tif
NCOLS 101
NROWS 90
XLLCORNER -81.15
YLLCORNER -4.25
DX 0.0099207921
DY 0.01
NODATA_VALUE -9999
[rows 52 to 77 of 90, columns 0 to 59 of 101]
97.62684 97.099896 96.555195 95.990134 95.401774 94.786853 94.141837 93.463048 92.746888 91.99026 91.191255 90.350256 89.4716 88.565887 87.652864 86.764285 85.945375 85.252548 84.744803 84.468204 84.437672 84.625289 84.963846 85.36634 85.752521 86.071007 86.310001 86.494982 86.673858 86.891267 87.157804 87.425699 87.582476 87.464057 86.876694 85.617248 83.502205 80.463982 76.839938 73.865728 73.558046 76.823792 82.113101 87.222258 90.984408 93.119705 93.690201 92.877543 91.071085 89.186259 88.723881 90.642374 94.491253 99.294594 104.16039 108.4016 111.5469 113.29226 113.58833 113.06611
96.767702 96.21208 95.636269 95.037012 94.410513 93.752402 93.057704 92.320875 91.535923 90.696716 89.797606 88.834583 87.807279 86.722195 85.597437 84.468702 83.394864 82.459072 81.758974 81.381193 81.364838 81.673165 82.195825 82.785479 83.308196 83.682656 83.897859 84.011269 84.12902 84.365909 84.789836 85.373818 85.986984 86.433195 86.512359 86.074523 85.06404 83.581229 81.989033 80.996654 81.43919 83.617743 86.930936 90.386656 93.237757 95.134726 96.021832 96.050489 95.574965 95.180581 95.577026 97.231855 100.09866 103.76449 107.70005 111.40532 114.48894 116.72267 118.12778 119.10407
95.898486 95.314922 94.708976 94.076741 93.413563 92.713916 91.971283 91.178046 90.32543 89.403576 88.401898 87.310016 86.119751 84.828972 83.448319 82.011635 80.589232 79.298477 78.29848 77.751862 77.752437 78.256811 79.079069 79.963555 80.683269 81.105997 81.217507 81.120178 81.01339 81.13797 81.673036 82.628038 83.816657 84.944477 85.740329 86.048454 85.866933 85.360912 84.86161 84.815019 85.623588 87.414782 89.92888 92.657481 95.096583 96.918208 98.020094 98.511546 98.680682 98.939971 99.723154 101.33967 103.85641 107.08602 110.6788 114.24684 117.4666 120.14934 122.28959 124.08233
95.019393 94.408942 93.774284 93.110924 92.413398 91.675071 90.887903 90.04216 89.126112 88.125742 87.024607 85.804139 84.444987 82.930599 81.25513 79.438649 77.552072 75.748012 74.276089 73.437613 73.447414 74.268872 75.581206 76.934289 77.947398 78.41091 78.299067 77.766009 77.147697 76.909936 77.46058 78.886945 80.868344 82.881003 84.481307 85.445987 85.776572 85.666368 85.470124 85.642197 86.587472 88.451314 91.012506 93.80024 96.327016 98.257307 99.460381 99.997405 100.10341 100.20145 100.8866 102.64081 105.46631 109.0152 112.8867 116.73652 120.30656 123.44472 126.1118 128.37116
94.13017 93.494131 92.832558 92.140468 91.411712 90.638694 89.812014 88.920005 87.948136 86.878285 85.6879 84.34924 82.829244 81.091357 79.102344 76.849994 74.380963 71.865259 69.666042 68.321364 68.30255 69.622634 71.716414 73.789581 75.228835 75.728663 75.239054 73.945466 72.346771 71.29364 71.680873 73.783386 76.969091 80.226512 82.802137 84.368397 84.90807 84.618087 83.930989 83.57399 84.386805 86.737275 90.160158 93.783068 96.901734 99.138906 100.35691 100.56424 99.912668 98.914905 98.889882 101.10667 105.05581 109.67699 114.37784 118.862 122.96425 126.59063 129.68493 132.21659
93.230004 92.569812 91.88336 91.165325 90.40906 89.606249 88.746451 87.816482 86.799563 85.674157 84.412376 82.977948 81.32394 79.391263 77.111072 74.419201 71.300691 67.893614 64.660501 62.490186 62.348039 64.40063 67.649518 70.727742 72.724812 73.26063 72.248413 69.824873 66.591179 63.978234 63.891729 67.060114 72.139858 77.160717 80.936211 83.079162 83.56123 82.504375 80.346652 78.330565 78.50175 81.942431 87.365306 92.755159 96.991006 99.7394 100.95235 100.62935 98.817163 95.922977 94.428748 97.772777 103.55301 109.66776 115.48248 120.77425 125.48326 129.5887 133.02552 135.65854
92.317436 91.634519 90.925289 90.184263 89.404531 88.57737 87.691729 86.733527 85.684639 84.521438 83.21264 81.716169 79.974785 77.910697 75.421242 72.383618 68.692601 64.388242 59.952317 56.666229 56.262552 59.228954 63.897918 68.109797 70.686281 71.257639 69.698294 65.963529 60.537389 55.494149 54.524995 59.296869 67.036185 74.222316 79.288879 81.957161 82.218987 79.975315 75.361232 70.122019 68.776788 74.254321 83.184158 91.253196 96.980778 100.36915 101.62839 100.86458 98.2632 94.503853 92.119961 96.163762 102.75053 109.93441 116.70695 122.70951 127.92123 132.368 135.95442 138.38964
91.390294 90.685907 89.955857 89.194699 88.395515 87.549514 86.645521 85.669264 84.602361 83.420822 82.09275 80.574779 78.80663 76.703217 74.144968 70.972217 67.007556 62.179139 56.896067 52.682886 51.998276 55.700763 61.452922 66.425107 69.347977 69.945993 68.069555 63.443735 56.228644 48.842655 46.923477 53.316368 63.467933 72.364473 78.359162 81.398843 81.498215 78.27805 71.324034 62.45157 59.13678 67.080982 79.842063 90.44681 97.454173 101.39161 102.76517 101.8045 98.831514 95.003661 93.068366 96.659084 103.46146 111.21829 118.51019 124.88356 130.31161 134.79592 138.13314 139.80734
90.445666 89.720706 88.971424 88.192611 87.377586 86.517817 85.60244 84.617642 83.5458 82.364235 81.043297 79.543336 77.809872 75.766203 73.303445 70.272376 66.49794 61.886707 56.788451 52.665285 51.99037 55.638218 61.229294 65.998928 68.795725 69.403692 67.673734 63.277426 56.248189 48.884116 46.946975 53.404062 63.570572 72.457722 78.504737 81.661858 81.894843 78.751991 71.732399 62.633314 59.209247 67.459593 80.692655 91.688416 98.980969 103.12848 104.66573 103.82454 100.7646 96.060461 93.331033 98.18069 105.99386 113.91302 121.14593 127.43205 132.72769 136.94578 139.75313 140.58048
89.479894 88.734713 87.967188 87.172533 86.344526 85.475152 84.554186 83.568712 82.502524 81.335359 80.041792 78.589543 76.936805 75.028202 72.789743 70.126884 66.942783 63.228971 59.330758 56.364377 56.007862 58.745574 62.922657 66.593162 68.849379 69.458564 68.297788 65.20015 60.378021 55.632728 54.737908 59.536751 67.219677 74.403461 79.673811 82.728708 83.426788 81.496398 76.909769 71.432838 70.071271 76.224322 86.203851 95.251677 101.76213 105.75951 107.51247 107.20262 105.07658 102.07266 101.04601 104.65672 111.11046 118.06852 124.59889 130.39627 135.33053 139.24144 141.85055 142.9859
88.488611 87.722822 86.937218 86.127613 85.288432 84.412365 83.489998 82.509454 81.456073 80.312171 79.056886 77.666145 76.112756 74.366801 72.397168 70.177542 67.707353 65.073307 62.583329 60.903635 60.831714 62.503453 65.067954 67.469326 69.092756 69.710594 69.24683 67.709401 65.418209 63.482344 63.692991 66.891433 71.943478 77.134765 81.407791 84.305428 85.617749 85.266891 83.555104 81.791262 82.380915 86.72771 93.419147 100.12438 105.53846 109.27339 111.30449 111.75597 110.99127 109.92977 110.18127 112.90925 117.60296 123.08709 128.58361 133.70685 138.23787 142.00016 144.86224 146.92486
87.466804 86.67909 85.874526 85.049702 84.19987 83.318564 82.397225 81.42489 80.388036 79.270722 78.05519 76.723199 75.258421 73.65046 71.901313 70.035749 68.118274 66.280326 64.753784 63.867886 63.911908 64.876616 66.374973 67.89151 69.050623 69.683496 69.772891 69.414035 68.877832 68.727094 69.690271 72.121955 75.656868 79.546587 83.126375 85.968322 87.860701 88.811441 89.15176 89.669953 91.426681 94.99339 99.908582 105.15511 109.86648 113.52865 115.9153 117.06504 117.3378 117.44996 118.30492 120.49661 123.94852 128.17844 132.70975 137.19729 141.3949 145.12881 148.32431 151.03824
86.408912 85.596821 84.771135 83.929422 83.067966 82.181303 81.261752 80.299 79.279919 78.188776 77.008126 75.720761 74.313249 72.781762 71.140963 69.436189 67.75727 66.247886 65.097587 64.499617 64.569163 65.255515 66.323127 67.447749 68.369967 68.99406 69.379303 69.671582 70.069668 70.844434 72.297692 74.594901 77.622483 81.028546 84.386642 87.345139 89.715153 91.519375 93.02077 94.698216 97.090392 100.51312 104.86196 109.68204 114.38067 118.38551 121.25806 122.87977 123.60994 124.13297 125.09572 126.86918 129.50994 132.85881 136.66758 140.67483 144.64064 148.37358 151.75869 154.72468
85.308963 84.468691 83.61817 82.7562 81.880388 80.986551 80.068022 79.114985 78.113982 77.047813 75.896122 74.637033 73.250381 71.723274 70.0591 68.291153 66.501189 64.839175 63.529348 62.829136 62.909355 63.705594 64.893451 66.055685 66.911079 67.440844 67.842592 68.355906 69.136616 70.317609 72.092682 74.610841 77.806472 81.387591 84.970219 88.225455 90.972488 93.223609 95.197341 97.288016 99.957447 103.54719 108.10793 113.37116 118.83225 123.79173 127.40731 129.18495 129.67385 129.9753 130.73207 132.11892 134.19046 136.94612 140.28023 143.99407 147.84807 151.60394 155.04962 158.02774
84.160776 83.286915 82.405959 81.51826 80.623187 79.718328 78.798485 77.854558 76.872473 75.832391 74.708426 73.469126 72.078999 70.50167 68.706135 66.679881 64.457246 62.176118 60.161395 58.947758 59.031736 60.374612 62.274471 63.886516 64.760314 64.999577 65.111015 65.570051 66.437879 67.654573 69.536732 72.472143 76.35489 80.66898 84.87312 88.588631 91.618668 93.943526 95.761303 97.568273 100.11995 104.05213 109.45035 115.92601 122.92295 129.62116 134.46859 135.96203 135.29594 134.91871 135.39914 136.43835 138.05301 140.40051 143.46848 147.07858 150.98031 154.88808 158.46578 161.36852
82.958246 82.043522 81.124226 80.202649 79.280536 78.358067 77.43245 76.496171 75.535091 74.526623 73.4382 72.226083 70.834314 69.193621 67.221204 64.826606 61.941596 58.619589 55.269437 52.927843 52.912389 55.392643 58.797291 61.32968 62.215477 61.780411 61.190872 61.550274 62.532398 63.330395 64.837088 68.346513 73.506179 79.114278 84.287351 88.585926 91.79613 93.811481 94.733633 95.27792 97.065595 101.56159 108.57579 116.97768 125.9738 134.85484 141.42149 142.23223 139.65826 138.76465 139.27555 139.98753 141.15224 143.22188 146.20805 149.89418 154.03209 158.36343 162.51459 165.83102
81.695767 80.730791 79.762454 78.795397 77.834527 76.883829 75.944497 75.012387 74.074993 73.108296 72.073795 70.915679 69.557363 67.895905 65.793083 63.066139 59.498814 54.949434 49.749981 45.512607 45.089071 49.343024 55.106899 58.976664 59.789394 58.127599 56.192085 56.711558 58.433862 57.99762 58.20769 62.688713 69.901125 77.271295 83.593958 88.49545 91.781208 93.170111 92.428731 90.375275 90.39602 95.929049 105.62233 116.39302 126.95995 136.83696 143.9413 144.43279 141.56875 141.61226 142.59546 142.77717 143.46804 145.43777 148.52569 152.41885 156.91459 161.91954 167.30707 172.35705
80.368827 79.341934 78.310571 77.282031 76.265261 75.269659 74.302768 73.366762 72.453921 71.541707 70.588196 69.52817 68.268835 66.682404 64.591617 61.74685 57.810459 52.434438 45.731729 39.622707 38.57661 44.507518 52.482951 57.514911 58.216511 55.240161 51.527874 52.342148 55.701272 53.239703 51.69984 57.738933 67.168686 76.084221 83.303343 88.641165 91.940755 92.725476 90.28849 85.243915 83.073731 89.980834 102.50451 115.02607 125.88975 134.78002 140.48661 141.79146 141.75599 143.73921 144.9057 144.44244 145.00657 147.19867 150.5399 154.65548 159.42164 164.94227 171.47821 178.65966
78.974812 77.872142 76.760133 75.648702 74.551596 73.485508 72.467572 71.510735 70.617131 69.770438 68.929067 68.021743 66.945146 65.560159 63.680993 61.053622 57.336994 52.170977 45.634673 39.606948 38.570421 44.471045 52.397752 57.427703 58.180429 55.249259 51.536788 52.362196 55.762184 53.28013 51.721866 57.852907 67.430499 76.495968 83.846185 89.279039 92.60982 93.321257 90.677502 85.370395 83.107723 90.080861 102.52214 114.58839 124.48718 132.00235 136.90971 139.56412 141.68375 144.08157 145.02491 144.98851 146.20494 148.87646 152.47847 156.688 161.42406 166.7967 172.99924 179.49731
77.514003 76.320026 75.106198 73.884314 72.673105 71.498395 70.390988 69.381069 68.488566 67.71082 67.011346 66.314403 65.507455 64.447969 62.966905 60.864667 57.914683 53.948571 49.227311 45.268882 44.908103 49.07834 54.744361 58.652249 59.635177 58.142847 56.289659 56.879925 58.705354 58.306083 58.560176 63.265589 70.841713 78.611062 85.305361 90.498007 93.920764 95.197245 94.041023 91.436218 91.184728 96.760453 106.22938 115.92825 124.19498 130.66024 135.37299 138.76153 141.47183 143.58046 144.75599 145.81146 147.84649 150.89492 154.59893 158.71504 163.13455 167.8104 172.6044 176.84234
75.990678 74.689474 73.350053 71.984043 70.614011 69.275855 68.018572 66.898632 65.966483 65.245832 64.712455 64.284108 63.829909 63.19548 62.229897 60.804405 58.833688 56.347098 53.690293 51.805868 51.969958 54.445431 57.863063 60.582466 61.809688 61.73114 61.416264 62.002079 63.209864 64.208262 65.936213 69.800473 75.457859 81.637889 87.388074 92.197267 95.75542 97.845415 98.520217 98.64377 100.15333 104.56297 111.23773 118.48796 125.16502 130.81163 135.36576 138.99124 141.88642 144.11933 145.87985 147.76747 150.2877 153.46043 157.09211 161.00354 165.0435 169.03887 172.72948 175.71682
74.41404 72.991681 71.502737 69.954641 68.370079 66.793443 65.295426 63.970528 62.920285 62.218504 61.867904 61.774229 61.762943 61.635105 61.229743 60.463864 59.351332 58.02684 56.795455 56.15274 56.591654 58.172136 60.36261 62.431785 63.904732 64.770794 65.447852 66.408809 67.743134 69.397898 71.721759 75.167463 79.662914 84.683656 89.658488 94.15167 97.870402 100.67824 102.70207 104.49552 106.9669 110.78293 115.82146 121.42749 126.96735 132.05011 136.50588 140.30711 143.48451 146.11694 148.4315 150.79575 153.49297 156.6009 160.07062 163.79554 167.61385 171.30069 174.5924 177.27336
72.798519 71.246807 69.588905 67.821446 65.959442 64.048906 62.181122 60.500916 59.192704 58.426006 58.265452 58.599593 59.160798 59.639468 59.809732 59.592626 59.055856 58.387202 57.861678 57.787221 58.400204 59.735146 61.576839 63.564977 65.38504 66.925828 68.304629 69.73038 71.351288 73.288051 75.740769 78.906705 82.795185 87.187185 91.740924 96.112678 100.03871 103.39483 106.25376 108.91407 111.81785 115.32815 119.53162 124.2467 129.17382 134.02978 138.60718 142.77093 146.43532 149.5799 152.30469 154.8338 157.43147 160.31107 163.58397 167.23587 171.12276 174.98779 178.51252 181.42055
71.162697 69.484215 67.649701 65.635912 63.437315 61.085948 58.68126 56.42343 54.622135 53.626529 53.645461 54.556565 55.909339 57.164744 57.951807 58.158557 57.888052 57.383191 56.966337 56.978267 57.683826 59.158091 61.24076 63.618248 65.977959 68.134947 70.066326 71.857019 73.637344 75.585076 77.939511 80.92325 84.606353 88.851475 93.380385 97.884765 102.11248 105.91705 109.28331 112.33778 115.33633 118.59744 122.36644 126.69924 131.47225 136.48165 141.52209 146.39395 150.86727 154.68633 157.69839 160.04381 162.16594 164.57168 167.59507 171.33085 175.66606 180.30577 184.77413 188.46617
69.52597 67.739732 65.742145 63.480203 60.911129 58.027336 54.904761 51.779946 49.125471 47.605442 47.750299 49.471332 51.974371 54.284922 55.785012 56.31695 56.030366 55.24302 54.394933 54.035589 54.688797 56.544412 59.3208 62.50751 65.654486 68.485086 70.885161 72.853359 74.492583 76.084511 78.116569 81.037588 84.930301 89.525852 94.445882 99.360418 104.02431 108.26389 111.96358 115.10653 117.89941 120.81289 124.32234 128.61755 133.62156 139.16512 145.08113 151.16153 157.00472 161.90423 165.14961 166.78067 167.78109 169.28251 171.93097 175.91121 181.15003 187.35814 193.85577 199.35772
67.902236 66.048317 63.931644 61.462408 58.545783 55.105316 51.143454 46.872571 42.919758 40.425195 40.557894 43.39328 47.5291 51.23932 53.567107 54.348791 53.819078 52.375842 50.58446 49.327975 49.705655 52.170274 56.068789 60.442344 64.614218 68.206276 71.016456 72.927851 73.962161 74.590058 75.940226 79.013792 83.702097 89.229145 94.95358 100.52576 105.75022 110.45154 114.39498 117.37044 119.5977 121.9639 125.32486 129.87715 135.43531 141.8296 149.00382 156.87836 164.95928 171.79336 175.35857 175.38147 174.19086 174.15862 176.24782 180.60025 187.18777 195.90576 206.06682 215.3388
