RAINFALL_MINIMUN_RP_20.tif
NCOLS 101
NROWS 90
XLLCORNER -81.15
YLLCORNER -4.25
DX 0.0099207921
DY 0.01
NODATA_VALUE -9999
[rows 52 to 77 of 90, columns 0 to 59 of 101]
99.42868 98.910105 98.374882 97.82059 97.244504 96.643603 96.014624 95.354174 94.658943 93.926082 93.153833 92.342521 91.496046 90.623955 89.743994 88.884614 88.086164 87.398659 86.873859 86.551207 86.441583 86.517221 86.715619 86.957861 87.173184 87.319322 87.392229 87.423379 87.464619 87.561872 87.723594 87.896018 87.957183 87.731063 87.010535 85.578385 83.23802 79.917105 75.978776 72.751596 72.400588 75.893703 81.561646 87.041509 91.089674 93.415341 94.09205 93.316022 91.495913 89.593507 89.201281 91.333114 95.483866 100.62938 105.88006 110.55996 114.20496 116.51296 117.40894 117.41166
98.578093 98.032227 97.46753 96.880994 96.26912 95.627888 94.95274 94.238607 93.480032 92.671454 91.807773 90.885402 89.904073 88.869728 87.798739 86.723197 85.695749 84.790282 84.092755 83.677986 83.576963 83.752087 84.100372 84.487607 84.794657 84.95354 84.964052 84.892195 84.850593 84.957648 85.280223 85.784466 86.327656 86.699708 86.68776 86.132654 84.975276 83.322575 81.562728 80.455496 80.894668 83.198618 86.718201 90.390872 93.422178 95.445233 96.406071 96.469206 96.01183 95.653001 96.140994 97.966504 101.07915 105.05167 109.34399 113.44659 116.95571 119.6233 121.43312 122.71764
97.717215 97.144738 96.551479 95.933847 95.287572 94.607598 93.887982 93.121803 92.301119 91.417046 90.460095 89.421029 88.292665 87.073344 85.772936 84.422105 83.083955 81.863037 80.899829 80.335733 80.248145 80.590291 81.188563 81.809712 82.250268 82.396942 82.249335 81.920957 81.621465 81.599939 82.037418 82.935006 84.088902 85.184575 85.935155 86.177247 85.910128 85.309108 84.724684 84.628632 85.44582 87.307906 89.93544 92.787593 95.33133 97.221553 98.352122 98.841168 98.998829 99.272503 100.13558 101.92232 104.69666 108.25061 112.21199 116.17287 119.78918 122.84655 125.30519 127.31806
96.846094 96.247968 95.627459 94.980449 94.301943 93.585897 92.825008 92.010473 91.131723 90.176189 89.1292 87.974283 86.694407 85.275235 83.712218 82.024149 80.275193 78.601751 77.224765 76.407466 76.331154 76.949738 77.964621 78.966102 79.611519 79.716632 79.270657 78.440024 77.576392 77.163748 77.620249 79.023231 81.022092 83.058566 84.665168 85.609891 85.897797 85.733935 85.48954 85.636088 86.590635 88.500186 91.132204 93.994882 96.577681 98.526954 99.702422 100.16676 100.17409 100.19799 100.91692 102.86906 106.02763 109.9803 114.28229 118.56577 122.55532 126.07768 129.06343 131.53748
95.964337 95.341735 94.695613 94.021421 93.313555 92.565117 91.7676 90.910488 89.980743 88.962181 87.834759 86.573955 85.150715 83.533184 81.692888 79.620588 77.359832 75.063546 73.053907 71.80227 71.711402 72.770408 74.456872 76.052557 77.005735 77.041262 76.119205 74.433453 72.505164 71.224047 71.518319 73.653382 76.939862 80.301247 82.945488 84.53509 85.059561 84.73015 83.997798 83.610754 84.427272 86.819982 90.30825 93.992525 97.14185 99.357718 100.48644 100.5266 99.636726 98.39446 98.305679 100.79358 105.23011 110.39426 115.63057 120.62863 125.2214 129.30804 132.8067 135.63032
95.071014 94.425215 93.755317 93.056473 92.322641 91.546288 90.717991 89.825904 88.855025 87.786194 86.594731 85.248699 83.706992 81.918167 79.822803 77.366598 74.540006 71.469644 68.567062 66.61161 66.432969 68.141428 70.823446 73.255311 74.621929 74.571509 73.010427 70.069065 66.374578 63.435717 63.249686 66.544955 71.860276 77.10016 81.020529 83.228821 83.710449 82.604796 80.371617 78.288846 78.448997 81.952629 87.474845 92.946241 97.209705 99.909721 100.97887 100.39679 98.198605 94.832286 93.106358 96.871704 103.34341 110.15386 116.62023 122.52443 127.8289 132.53379 136.56616 139.69766
94.164576 93.496832 92.805031 92.084193 91.32805 90.528713 89.676233 88.757987 87.75782 86.654792 85.421341 84.020603 82.402696 80.500177 78.224584 75.471138 72.152645 68.312083 64.380482 61.480376 61.101808 63.616131 67.515387 70.888863 72.690072 72.561923 70.341401 65.948553 59.884939 54.356773 53.264884 58.308153 66.475993 74.024468 79.317531 82.088409 82.354404 80.03475 75.283461 69.899125 68.510814 74.103891 83.212481 91.413992 97.185319 100.51497 101.59776 100.52132 97.472441 93.185492 90.4793 95.016547 102.33442 110.28671 117.79213 124.49169 130.40826 135.63078 140.11299 143.45828
93.242795 92.554173 91.842186 91.101896 90.327035 89.509666 88.639736 87.704471 86.687525 85.567707 84.317048 82.897786 81.257762 79.323758 76.993436 74.131123 70.588395 66.312812 61.673663 58.002076 57.404799 60.555374 65.364028 69.355587 71.412352 71.247382 68.643259 63.259209 55.251785 47.213525 45.136994 51.949689 62.710573 72.085625 78.364627 81.529838 81.632178 78.308394 71.152954 62.042579 58.642094 66.769643 79.802432 90.594758 97.668502 101.55255 102.74614 101.46594 98.050623 93.775232 91.649242 95.574052 103.04441 111.57386 119.6233 126.73396 132.93634 138.33012 142.83855 145.9151
92.302737 91.593951 90.863125 90.105542 89.315157 88.484263 87.603088 86.659265 85.63713 84.516692 83.272068 81.868979 80.260754 78.382198 76.141384 73.41325 70.053209 65.991255 61.543224 57.976237 57.391784 60.470372 65.105113 68.90017 70.848486 70.713712 68.273527 63.128285 55.301007 47.266144 45.165215 52.056336 62.843601 72.211866 78.542747 81.82454 82.058798 78.808192 71.578936 62.230923 58.716887 67.159378 80.676586 91.870387 99.240132 103.34976 104.73167 103.6061 100.13164 94.932668 91.94371 97.226213 105.74822 114.40764 122.36219 129.36591 135.43074 140.55716 144.52 146.71248
91.340758 90.61199 89.863091 89.089737 88.286301 87.445533 86.558213 85.612742 84.594675 83.486129 82.264945 80.903414 79.366221 77.607312 75.566016 73.165954 70.331339 67.064833 63.672161 61.107795 60.776468 63.036189 66.43278 69.291627 70.822618 70.787658 69.01466 65.290136 59.83167 54.577589 53.548958 58.63477 66.759026 74.306466 79.801329 82.95707 83.655956 81.640931 76.900633 71.258842 69.847704 76.132294 86.315434 95.519773 102.10142 106.08122 107.72503 107.20819 104.78335 101.45894 100.31979 104.22981 111.23484 118.81007 125.96772 132.41084 138.04444 142.75013 146.26227 148.28097
90.352538 89.603255 88.836259 88.047781 87.232779 86.384625 85.494784 84.552517 83.544648 82.455434 81.266583 79.957447 78.505425 76.886735 75.07824 73.06303 70.848309 68.516405 66.334033 64.859556 64.743124 66.064891 68.081026 69.887276 70.951448 71.05926 70.116901 68.114988 65.388751 63.126693 63.231104 66.554731 71.839431 77.244781 81.660046 84.623034 85.934002 85.52832 83.728468 81.884074 82.459356 86.88188 93.694318 100.50601 105.98068 109.72041 111.69734 112.03612 111.11581 109.91514 110.15937 113.09401 118.16469 124.11155 130.11485 135.78733 140.92644 145.36819 148.95949 151.71149
89.333133 88.561908 87.77579 86.971733 86.145448 85.291054 84.400732 83.464455 82.469881 81.402549 80.246541 78.985868 77.606889 76.102245 74.47695 72.757659 71.006788 69.343436 67.966729 67.146891 67.10874 67.823475 68.951076 70.048943 70.794376 71.041121 70.774975 70.09042 69.270612 68.913317 69.786265 72.243904 75.870889 79.859626 83.509639 86.381297 88.26516 89.179259 89.471785 89.95525 91.714983 95.33024 100.32212 105.64578 110.41412 114.10383 116.48737 117.60753 117.83765 117.92722 118.8309 121.17915 124.88979 129.45357 134.37704 139.31636 144.03865 148.38605 152.29441 155.82913
88.277072 87.481383 86.67389 85.852466 85.013779 84.152849 83.262595 82.333453 81.353203 80.307192 79.179211 77.953379 76.617515 75.168637 73.621183 72.018039 70.442472 69.024896 67.932733 67.329905 67.305207 67.800371 68.598613 69.411445 70.015867 70.341945 70.46145 70.524288 70.733676 71.370709 72.747199 75.025426 78.0717 81.507506 84.88532 87.842871 90.190639 91.958841 93.424065 95.081566 97.483245 100.9481 105.36228 110.25399 115.01525 119.06715 121.97517 123.63045 124.40075 124.97893 126.02556 127.92635 130.74561 134.32649 138.42483 142.78965 147.20062 151.49992 155.63099 159.61978
87.178481 86.354495 85.521879 84.679675 83.825801 82.956459 82.065462 81.143585 80.178072 79.152523 78.047434 76.841728 75.515764 74.056534 72.466034 70.773969 69.055154 67.448247 66.161731 65.434695 65.421581 66.050743 67.006674 67.897644 68.476098 68.752937 68.942493 69.286726 69.936859 71.022871 72.737504 75.225264 78.410339 81.987012 85.558238 88.786656 91.489936 93.686683 95.609328 97.670989 100.34979 103.99104 108.6326 113.98358 119.51926 124.53326 128.19859 130.05371 130.66258 131.1029 131.98679 133.48259 135.66371 138.55684 142.07888 146.04916 150.25089 154.48867 158.63637 162.68375
86.031275 85.173604 84.310285 83.441855 82.567918 81.686362 80.792369 79.87731 78.927682 77.924302 76.841988 75.649963 74.313233 72.795503 71.065043 69.107233 66.952037 64.729247 62.749564 61.525101 61.525204 62.69538 64.345424 65.66612 66.250207 66.23909 66.161358 66.490158 67.267528 68.419613 70.2607 73.17524 77.047114 81.347526 85.523858 89.189491 92.144577 94.374081 96.093377 97.832282 100.38486 104.39866 109.92796 116.53476 123.62325 130.35548 135.21129 136.79862 136.37929 136.29782 136.98987 138.12005 139.7573 142.1302 145.27014 149.01701 153.13285 157.36083 161.44002 165.17973
84.829438 83.930871 83.029021 82.126307 81.224635 80.324409 79.42313 78.513674 77.5824 76.60734 75.556667 74.3875 73.04485 71.460539 69.553014 67.233202 64.433872 61.206448 57.946598 55.652065 55.576005 57.847618 60.927262 63.089135 63.620691 62.895544 62.115677 62.381158 63.312788 64.066315 65.548361 69.062233 74.2348 79.840357 84.981101 89.208667 92.302276 94.153518 94.881383 95.263749 97.024156 101.66984 108.92606 117.54643 126.66489 135.52888 141.96861 142.83157 140.75404 140.48319 141.35743 142.10194 143.13489 145.07262 147.98987 151.672 155.85378 160.26149 164.53595 168.143
83.567428 82.618687 81.66774 80.719294 79.778351 78.849038 77.932766 77.025713 76.115832 75.179742 74.17981 73.061398 71.749561 70.143758 68.109475 65.469784 62.016929 57.617925 52.599067 48.513486 48.076646 52.056339 57.365655 60.74025 61.095482 59.062506 56.9083 57.388701 59.12491 58.642806 58.82791 63.35649 70.63081 78.027237 84.323186 89.136403 92.259175 93.392741 92.304702 89.907476 89.829544 95.642493 105.77702 116.90644 127.65775 137.50367 144.38366 144.88683 142.84322 144.0019 145.52023 145.52065 145.79187 147.41467 150.27404 154.01461 158.37171 163.17045 168.1817 172.69
82.240773 81.230349 80.216508 79.206551 78.209444 77.234643 76.289821 75.3774 74.490078 73.605971 72.684144 71.660835 70.445439 68.913596 66.893641 64.145266 60.345703 55.166412 48.727088 42.878473 41.875122 47.463925 54.859757 59.289637 59.444502 56.007684 52.01852 52.853704 56.322506 53.780925 52.196645 58.342402 67.895108 76.871692 84.075519 89.316086 92.418045 92.869266 89.934601 84.332447 81.96222 89.306383 102.49115 115.51083 126.64071 135.58908 141.23617 142.73337 143.65236 147.05392 148.81973 147.8118 147.61894 149.26002 152.23313 156.06903 160.54642 165.63893 171.40128 177.31333
80.84685 79.761084 78.666981 77.574402 76.497029 75.451519 74.455022 73.520626 72.650803 71.829861 71.017245 70.143271 69.107036 67.773183 65.961986 63.429385 59.85008 54.884432 48.618719 42.859378 41.867288 47.422703 54.772759 59.209034 59.420889 56.027014 52.03055 52.879142 56.397764 53.829424 52.222586 58.475157 68.196431 77.339043 84.68327 90.021738 93.151185 93.517568 90.356097 84.469451 81.999401 89.420935 102.54212 115.13087 125.34214 133.02358 138.07232 141.07443 144.00106 147.5174 148.95661 148.39148 148.83573 150.90843 154.07596 157.9285 162.2946 167.1681 172.57564 177.91759
79.385879 78.209486 77.01426 75.811875 74.620913 73.467034 72.380912 71.39271 70.522543 69.768283 69.09443 68.426815 67.655221 66.640495 65.218651 63.19774 60.361979 56.553909 52.028847 48.239073 47.871922 51.770272 56.997322 60.436712 60.983481 59.124606 57.047747 57.607038 59.463023 59.015791 59.245752 64.03068 71.714771 79.548547 86.239165 91.351161 94.602741 95.597618 94.050673 91.05519 90.687274 96.566215 106.52141 116.63964 125.20083 131.8782 136.80559 140.52353 143.75534 146.46123 147.90871 148.69933 150.22336 152.77665 156.05464 159.78585 163.81559 168.04016 172.2683 175.88614
77.861995 76.57934 75.25959 73.914202 72.5655 71.249073 70.013586 68.915241 68.004418 67.305149 66.794079 66.390449 65.965462 65.367396 64.448648 63.084536 61.193952 58.807003 56.255891 54.438364 54.559788 56.848701 59.979039 62.377575 63.296054 62.95698 62.470033 62.984112 64.167188 65.138484 66.861736 70.76961 76.489208 82.708494 88.452656 93.200847 96.635894 98.537321 98.977524 98.89784 100.36399 104.94448 111.90845 119.44562 126.36087 132.20964 136.96879 140.84266 144.03634 146.54505 148.41333 150.1595 152.36072 155.14601 158.37832 161.8935 165.5394 169.13983 172.44565 175.11747
76.284165 74.881624 73.413849 71.888068 70.326642 68.773498 67.29874 65.99623 64.967022 64.28488 63.953212 63.879243 63.890467 63.790058 63.418835 62.694894 61.631693 60.359801 59.172072 58.540118 58.928391 60.38509 62.394612 64.255221 65.520623 66.206506 66.752899 67.637957 68.933413 70.567966 72.890769 76.356856 80.880456 85.917353 90.883101 95.335754 98.980319 101.68376 103.59071 105.29623 107.76125 111.67247 116.87464 122.66447 128.3826 133.63716 138.26813 142.25295 145.60707 148.36557 150.69726 152.93458 155.37192 158.12599 161.1872 164.47959 167.86676 171.15055 174.10034 176.53948
74.666454 73.136137 71.501357 69.758551 67.922366 66.038215 64.196494 62.540882 61.254614 60.506503 60.361549 60.710007 61.286766 61.784477 61.978319 61.788711 61.280807 60.637336 60.125013 60.040487 60.609207 61.861109 63.586266 65.437749 67.118698 68.536306 69.822232 71.189896 72.780831 74.705036 77.155337 80.324262 84.215487 88.604422 93.146049 97.495766 101.3906 104.70947 107.533 110.17403 113.09088 116.65433 120.94573 125.77336 130.83142 135.83514 140.57446 144.90279 148.70778 151.92851 154.6231 156.98965 159.29219 161.76625 164.55601 167.68122 171.03218 174.39149 177.48805 180.09359
73.026931 71.37169 69.562685 67.576551 65.407435 63.086726 60.712718 58.483795 56.707343 55.730508 55.761775 56.681019 58.041755 59.308482 60.11151 60.337583 60.086416 59.596128 59.183456 59.183406 59.855769 61.272694 63.275449 65.558303 67.821841 69.895955 71.769433 73.531273 75.306043 77.257841 79.611258 82.581787 86.242596 90.46439 94.976187 99.474393 103.70948 107.53526 110.93297 114.02089 117.04651 120.32949 124.12903 128.51921 133.38974 138.54224 143.76757 148.84794 153.51295 157.44243 160.41345 162.52649 164.23561 166.09103 168.47169 171.50512 175.10532 179.01517 182.82537 186.02931
71.384314 69.623344 67.65399 65.423274 62.888273 60.040883 56.9558 53.867122 51.243518 49.744619 49.898639 51.619891 54.121476 56.43552 57.946499 58.495169 58.227251 57.455604 56.615268 56.2512 56.882971 58.696948 61.412109 64.525803 67.601573 70.377955 72.753134 74.730706 76.405415 78.033995 80.072607 82.958874 86.79425 91.338003 96.231093 101.15312 105.86304 110.18567 113.99124 117.2289 120.06468 122.96128 126.43478 130.72958 135.80535 141.51014 147.6816 154.09856 160.30525 165.4721 168.72232 170.00353 170.35804 171.04236 172.78512 175.79252 179.98372 185.0772 190.47391 195.09579
69.751658 67.925072 65.839502 63.405378 60.528027 57.130861 53.215371 48.991164 45.079505 42.611938 42.750998 45.575766 49.697411 53.402229 55.737641 56.537822 56.03244 54.613196 52.839007 51.587634 51.954437 54.387303 58.232366 62.541035 66.654153 70.21209 73.028773 74.996628 76.128598 76.850856 78.223454 81.225091 85.799316 91.232224 96.913882 102.50561 107.81739 112.6749 116.82413 119.98756 122.28284 124.56711 127.79109 132.26639 137.87022 144.4621 152.00965 160.44914 169.24096 176.71303 180.43733 179.89829 177.6336 176.35204 177.16421 180.19032 185.31197 192.34312 200.64161 208.25512
